#BaseNum	Match1	Sub1	Del1	Ins1	N1	Other1
1	0.99568	0.00261	0.00000	0.00000	0.00000	0.00171
2	0.99467	0.00362	0.00000	0.00000	0.00000	0.00171
3	0.99551	0.00272	0.00000	0.00006	0.00000	0.00171
4	0.99574	0.00244	0.00003	0.00006	0.00006	0.00171
5	0.99579	0.00247	0.00003	0.00003	0.00000	0.00171
6	0.99641	0.00185	0.00000	0.00003	0.00000	0.00171
7	0.99655	0.00168	0.00003	0.00008	0.00000	0.00168
8	0.99582	0.00230	0.00000	0.00020	0.00000	0.00168
9	0.99647	0.00171	0.00006	0.00014	0.00000	0.00168
10	0.99630	0.00194	0.00006	0.00011	0.00000	0.00166
11	0.99599	0.00224	0.00000	0.00011	0.00000	0.00166
12	0.99588	0.00222	0.00006	0.00025	0.00000	0.00166
13	0.99627	0.00196	0.00000	0.00014	0.00000	0.00163
14	0.99585	0.00244	0.00006	0.00011	0.00000	0.00160
15	0.99624	0.00213	0.00003	0.00011	0.00000	0.00151
16	0.99644	0.00202	0.00006	0.00011	0.00000	0.00143
17	0.99630	0.00222	0.00006	0.00011	0.00000	0.00137
18	0.99618	0.00236	0.00006	0.00011	0.00000	0.00135
19	0.99680	0.00180	0.00006	0.00008	0.00000	0.00132
20	0.99686	0.00180	0.00000	0.00006	0.00000	0.00129
21	0.99703	0.00166	0.00011	0.00003	0.00000	0.00129
22	0.99733	0.00132	0.00003	0.00006	0.00000	0.00129
23	0.99703	0.00171	0.00003	0.00006	0.00000	0.00121
24	0.99731	0.00149	0.00008	0.00003	0.00000	0.00118
25	0.99691	0.00191	0.00000	0.00003	0.00000	0.00115
26	0.99728	0.00160	0.00003	0.00006	0.00000	0.00107
27	0.99731	0.00163	0.00003	0.00003	0.00000	0.00104
28	0.99722	0.00174	0.00003	0.00000	0.00000	0.00104
29	0.99764	0.00132	0.00003	0.00000	0.00000	0.00104
30	0.99770	0.00135	0.00000	0.00000	0.00000	0.00095
31	0.99725	0.00180	0.00003	0.00000	0.00000	0.00095
32	0.99725	0.00180	0.00003	0.00000	0.00000	0.00095
33	0.99722	0.00182	0.00003	0.00003	0.00000	0.00093
34	0.99784	0.00121	0.00000	0.00003	0.00000	0.00093
35	0.99787	0.00123	0.00000	0.00000	0.00000	0.00090
36	0.99781	0.00129	0.00011	0.00000	0.00000	0.00090
37	0.99759	0.00149	0.00000	0.00003	0.00000	0.00090
38	0.99742	0.00168	0.00000	0.00000	0.00000	0.00090
39	0.99739	0.00177	0.00006	0.00000	0.00000	0.00084
40	0.99795	0.00129	0.00000	0.00000	0.00000	0.00076
41	0.99756	0.00169	0.00000	0.00000	0.00000	0.00076
42	0.99775	0.00152	0.00003	0.00000	0.00000	0.00073
43	0.99767	0.00166	0.00003	0.00000	0.00000	0.00067
44	0.99758	0.00171	0.00003	0.00003	0.00000	0.00067
45	0.99803	0.00124	0.00003	0.00006	0.00000	0.00067
46	0.99800	0.00132	0.00003	0.00000	0.00000	0.00067
47	0.99806	0.00135	0.00000	0.00000	0.00000	0.00059
48	0.99823	0.00118	0.00000	0.00000	0.00000	0.00059
49	0.99798	0.00152	0.00000	0.00000	0.00000	0.00051
50	0.99786	0.00169	0.00000	0.00000	0.00000	0.00045
51	0.99814	0.00141	0.00000	0.00000	0.00000	0.00045
52	0.99803	0.00158	0.00003	0.00000	0.00000	0.00039
53	0.99823	0.00138	0.00000	0.00000	0.00000	0.00039
54	0.99823	0.00141	0.00003	0.00000	0.00000	0.00037
55	0.99792	0.00172	0.00003	0.00000	0.00000	0.00037
56	0.99822	0.00144	0.00003	0.00000	0.00000	0.00034
57	0.99797	0.00175	0.00000	0.00000	0.00000	0.00028
58	0.99797	0.00180	0.00003	0.00000	0.00000	0.00023
59	0.99811	0.00172	0.00008	0.00000	0.00000	0.00017
60	0.99763	0.00223	0.00006	0.00000	0.00000	0.00014
61	0.99811	0.00175	0.00003	0.00000	0.00000	0.00014
62	0.99777	0.00209	0.00003	0.00000	0.00000	0.00014
63	0.99828	0.00155	0.00006	0.00006	0.00000	0.00011
64	0.99836	0.00153	0.00008	0.00003	0.00000	0.00008
65	0.99802	0.00189	0.00000	0.00000	0.00000	0.00008
66	0.99774	0.00226	0.00000	0.00000	0.00000	0.00000
67	0.99811	0.00187	0.00006	0.00003	0.00000	0.00000
68	0.99802	0.00198	0.00000	0.00000	0.00000	0.00000
69	0.99819	0.00181	0.00000	0.00000	0.00000	0.00000
70	0.99822	0.00178	0.00000	0.00000	0.00000	0.00000
71	0.99827	0.00173	0.00000	0.00000	0.00000	0.00000
72	0.99830	0.00167	0.00003	0.00000	0.00003	0.00000
73	0.99813	0.00184	0.00000	0.00000	0.00003	0.00000
74	0.99770	0.00230	0.00003	0.00000	0.00000	0.00000
75	0.99813	0.00187	0.00000	0.00000	0.00000	0.00000
76	0.99838	0.00162	0.00003	0.00000	0.00000	0.00000
77	0.99830	0.00170	0.00000	0.00000	0.00000	0.00000
78	0.99767	0.00233	0.00000	0.00000	0.00000	0.00000
79	0.99781	0.00216	0.00003	0.00000	0.00000	0.00003
80	0.99781	0.00216	0.00000	0.00000	0.00000	0.00003
81	0.99798	0.00191	0.00000	0.00003	0.00006	0.00003
82	0.99821	0.00171	0.00003	0.00006	0.00000	0.00003
83	0.99829	0.00165	0.00000	0.00000	0.00003	0.00003
84	0.99803	0.00191	0.00000	0.00000	0.00003	0.00003
85	0.99829	0.00168	0.00006	0.00000	0.00000	0.00003
86	0.99843	0.00148	0.00003	0.00000	0.00000	0.00009
87	0.99746	0.00246	0.00000	0.00000	0.00000	0.00009
88	0.99777	0.00206	0.00000	0.00000	0.00000	0.00017
89	0.99763	0.00220	0.00003	0.00000	0.00000	0.00017
90	0.99746	0.00234	0.00003	0.00000	0.00000	0.00020
91	0.99708	0.00263	0.00003	0.00000	0.00000	0.00029
92	0.99760	0.00203	0.00000	0.00000	0.00000	0.00037
93	0.99714	0.00235	0.00000	0.00000	0.00000	0.00052
94	0.99742	0.00204	0.00006	0.00000	0.00000	0.00054
95	0.99745	0.00189	0.00000	0.00000	0.00000	0.00066
96	0.99670	0.00258	0.00003	0.00000	0.00000	0.00072
97	0.99624	0.00293	0.00003	0.00000	0.00000	0.00083
98	0.99673	0.00241	0.00000	0.00000	0.00000	0.00086
99	0.99681	0.00219	0.00000	0.00000	0.00000	0.00101
100	0.99646	0.00239	0.00006	0.00006	0.00000	0.00109
101	0.99695	0.00193	0.00003	0.00006	0.00000	0.00107
102	0.99680	0.00207	0.00003	0.00006	0.00000	0.00107
103	0.99645	0.00242	0.00000	0.00006	0.00000	0.00107
104	0.99700	0.00182	0.00003	0.00003	0.00000	0.00115
105	0.99630	0.00234	0.00000	0.00009	0.00000	0.00127
106	0.99633	0.00231	0.00009	0.00009	0.00000	0.00127
107	0.99557	0.00298	0.00000	0.00009	0.00000	0.00136
108	0.99583	0.00272	0.00003	0.00006	0.00000	0.00139
109	0.99580	0.00275	0.00000	0.00003	0.00000	0.00142
110	0.99559	0.00293	0.00000	0.00003	0.00000	0.00145
111	0.99541	0.00299	0.00000	0.00006	0.00000	0.00154
112	0.99541	0.00291	0.00006	0.00006	0.00000	0.00163
113	0.99625	0.00195	0.00000	0.00006	0.00009	0.00166
114	0.99455	0.00306	0.00003	0.00006	0.00061	0.00172
115	0.99481	0.00332	0.00003	0.00006	0.00003	0.00178
116	0.99428	0.00385	0.00000	0.00009	0.00000	0.00178
117	0.99521	0.00289	0.00000	0.00012	0.00000	0.00178
118	0.99421	0.00389	0.00003	0.00012	0.00000	0.00178
119	0.99470	0.00340	0.00009	0.00009	0.00000	0.00182
120	0.99419	0.00375	0.00000	0.00012	0.00000	0.00194
121	0.99495	0.00300	0.00003	0.00012	0.00000	0.00194
122	0.99418	0.00365	0.00000	0.00015	0.00000	0.00203
123	0.99491	0.00283	0.00003	0.00024	0.00000	0.00203
124	0.99407	0.00363	0.00003	0.00018	0.00000	0.00212
125	0.99445	0.00322	0.00000	0.00018	0.00003	0.00213
126	0.99491	0.00272	0.00009	0.00018	0.00000	0.00219
127	0.99550	0.00207	0.00000	0.00018	0.00000	0.00225
128	0.99490	0.00270	0.00006	0.00015	0.00000	0.00226
129	0.99447	0.00300	0.00003	0.00015	0.00000	0.00238
130	0.99473	0.00274	0.00006	0.00015	0.00000	0.00238
131	0.99379	0.00370	0.00006	0.00012	0.00000	0.00239
132	0.99363	0.00377	0.00003	0.00012	0.00000	0.00248
133	0.99407	0.00330	0.00000	0.00015	0.00000	0.00249
134	0.99396	0.00336	0.00000	0.00015	0.00000	0.00252
135	0.99389	0.00355	0.00000	0.00012	0.00000	0.00244
136	0.99370	0.00374	0.00000	0.00009	0.00000	0.00247
137	0.99395	0.00345	0.00000	0.00012	0.00000	0.00248
138	0.99336	0.00406	0.00000	0.00009	0.00000	0.00249
139	0.99431	0.00304	0.00000	0.00015	0.00000	0.00249
140	0.99381	0.00348	0.00003	0.00018	0.00000	0.00253
141	0.99384	0.00343	0.00000	0.00018	0.00000	0.00254
142	0.99371	0.00348	0.00000	0.00018	0.00000	0.00262
143	0.99301	0.00430	0.00000	0.00006	0.00000	0.00263
144	0.99316	0.00407	0.00000	0.00006	0.00000	0.00270
145	0.99304	0.00415	0.00003	0.00006	0.00000	0.00275
146	0.99234	0.00480	0.00006	0.00006	0.00000	0.00279
147	0.99305	0.00411	0.00000	0.00009	0.00000	0.00275
148	0.99265	0.00448	0.00000	0.00010	0.00000	0.00277
149	0.99241	0.00479	0.00000	0.00000	0.00000	0.00280
150	0.99547	0.00162	0.00000	0.00000	0.00000	0.00291
