	21.0	22.0	23.0	24.0	25.0	26.0	27.0	28.0	29.0	30.0	31.0	32.0	33.0	34.0	35.0	36.0	37.0	38.0	39.0	40.0
Abu-APnd_001-Ex1-4E-lcwgs-1-T.clmp.r1	1.0	22.0	107.0	172.0	294.0	363.0	440.0	541.0	665.0	768.0	945.0	1053.0	1225.0	1465.0	1744.0	2111.0	2626.0	3450.0	5691.0	10801.0
	21.0	22.0	23.0	24.0	25.0	26.0	27.0	28.0	29.0	30.0	31.0	32.0	33.0	34.0	35.0	36.0	37.0	38.0	39.0	40.0
Abu-APnd_001-Ex1-4E-lcwgs-1-T.clmp.r2	4.0	32.0	107.0	190.0	198.0	265.0	329.0	362.0	426.0	516.0	569.0	701.0	804.0	977.0	1122.0	1467.0	2034.0	3011.0	6064.0	15306.0
	21.0	22.0	23.0	24.0	25.0	26.0	27.0	28.0	29.0	30.0	31.0	32.0	33.0	34.0	35.0	36.0	37.0	38.0	39.0	40.0
Abu-APnd_002-Ex1-4F-lcwgs-1-T.clmp.r1	7.0	140.0	715.0	1780.0	2792.0	3900.0	5072.0	6504.0	7960.0	9806.0	11742.0	13744.0	16311.0	19464.0	23521.0	28661.0	36857.0	51394.0	88221.0	172958.0
	21.0	22.0	23.0	24.0	25.0	26.0	27.0	28.0	29.0	30.0	31.0	32.0	33.0	34.0	35.0	36.0	37.0	38.0	39.0	40.0
Abu-APnd_002-Ex1-4F-lcwgs-1-T.clmp.r2	10.0	222.0	1119.0	1939.0	2485.0	3157.0	3877.0	4861.0	5681.0	7015.0	8097.0	9265.0	10525.0	12854.0	15410.0	19565.0	26880.0	41763.0	86384.0	240440.0
	20.0	21.0	22.0	23.0	24.0	25.0	26.0	27.0	28.0	29.0	30.0	31.0	32.0	33.0	34.0	35.0	36.0	37.0	38.0	39.0	40.0
Abu-APnd_003-Ex1-4G-lcwgs-1-T.clmp.r1	2.0	87.0	1789.0	10570.0	26569.0	43178.0	59197.0	77589.0	96695.0	118014.0	140881.0	166248.0	196315.0	229628.0	270247.0	319693.0	381463.0	469199.0	609689.0	917151.0	1311867.0
	19.0	20.0	21.0	22.0	23.0	24.0	25.0	26.0	27.0	28.0	29.0	30.0	31.0	32.0	33.0	34.0	35.0	36.0	37.0	38.0	39.0	40.0
Abu-APnd_003-Ex1-4G-lcwgs-1-T.clmp.r2	1.0	2.0	212.0	3930.0	18780.0	31661.0	40805.0	49681.0	59634.0	70501.0	83224.0	96996.0	113998.0	133377.0	157631.0	188370.0	229754.0	291310.0	389921.0	578272.0	1034411.0	1873600.0
	21.0	22.0	23.0	24.0	25.0	26.0	27.0	28.0	29.0	30.0	31.0	32.0	33.0	34.0	35.0	36.0	37.0	38.0	39.0	40.0
Abu-APnd_004-Ex1-4H-lcwgs-1-T.clmp.r1	1.0	14.0	80.0	209.0	315.0	414.0	523.0	665.0	869.0	1001.0	1174.0	1336.0	1637.0	1925.0	2302.0	2781.0	3742.0	5009.0	8599.0	16766.0
	21.0	22.0	23.0	24.0	25.0	26.0	27.0	28.0	29.0	30.0	31.0	32.0	33.0	34.0	35.0	36.0	37.0	38.0	39.0	40.0
Abu-APnd_004-Ex1-4H-lcwgs-1-T.clmp.r2	5.0	30.0	133.0	206.0	259.0	318.0	350.0	455.0	490.0	587.0	693.0	808.0	1005.0	1183.0	1527.0	1942.0	2739.0	4217.0	8308.0	24107.0
	21.0	22.0	23.0	24.0	25.0	26.0	27.0	28.0	29.0	30.0	31.0	32.0	33.0	34.0	35.0	36.0	37.0	38.0	39.0	40.0
Abu-APnd_005-Ex1-5A-lcwgs-1-T.clmp.r1	5.0	127.0	565.0	1320.0	2210.0	3075.0	4157.0	5014.0	6108.0	7450.0	8730.0	10514.0	12301.0	14662.0	17849.0	22227.0	28779.0	40413.0	71581.0	153427.0
	21.0	22.0	23.0	24.0	25.0	26.0	27.0	28.0	29.0	30.0	31.0	32.0	33.0	34.0	35.0	36.0	37.0	38.0	39.0	40.0
Abu-APnd_005-Ex1-5A-lcwgs-1-T.clmp.r2	13.0	201.0	850.0	1490.0	1938.0	2444.0	2974.0	3558.0	4103.0	4880.0	5673.0	6663.0	7795.0	9405.0	11520.0	15353.0	21190.0	33125.0	70732.0	206607.0
	21.0	22.0	23.0	24.0	25.0	26.0	27.0	28.0	29.0	30.0	31.0	32.0	33.0	34.0	35.0	36.0	37.0	38.0	39.0	40.0
Abu-APnd_006-Ex1-5B-lcwgs-1-T.clmp.r1	6.0	96.0	459.0	1088.0	1767.0	2461.0	3118.0	4006.0	4938.0	6137.0	7187.0	8699.0	10215.0	12083.0	14839.0	18481.0	23901.0	34809.0	64555.0	148234.0
	21.0	22.0	23.0	24.0	25.0	26.0	27.0	28.0	29.0	30.0	31.0	32.0	33.0	34.0	35.0	36.0	37.0	38.0	39.0	40.0
Abu-APnd_006-Ex1-5B-lcwgs-1-T.clmp.r2	9.0	177.0	698.0	1217.0	1592.0	1895.0	2343.0	2854.0	3435.0	3920.0	4592.0	5353.0	6151.0	7640.0	9290.0	12337.0	17255.0	27306.0	59741.0	199274.0
	22.0	23.0	24.0	25.0	26.0	27.0	28.0	29.0	30.0	31.0	32.0	33.0	34.0	35.0	36.0	37.0	38.0	39.0	40.0
Abu-APnd_007-Ex1-5C-lcwgs-1-T.clmp.r1	4.0	13.0	29.0	36.0	50.0	62.0	59.0	77.0	90.0	120.0	135.0	152.0	155.0	202.0	217.0	268.0	344.0	612.0	799.0
	22.0	23.0	24.0	25.0	26.0	27.0	28.0	29.0	30.0	31.0	32.0	33.0	34.0	35.0	36.0	37.0	38.0	39.0	40.0
Abu-APnd_007-Ex1-5C-lcwgs-1-T.clmp.r2	5.0	10.0	24.0	42.0	35.0	45.0	45.0	51.0	66.0	69.0	91.0	107.0	114.0	146.0	161.0	227.0	322.0	626.0	1238.0
	22.0	23.0	24.0	25.0	26.0	27.0	28.0	29.0	30.0	31.0	32.0	33.0	34.0	35.0	36.0	37.0	38.0	39.0	40.0
Abu-APnd_008-Ex1-5D-lcwgs-1-T.clmp.r1	8.0	53.0	78.0	127.0	164.0	196.0	234.0	279.0	339.0	382.0	444.0	483.0	583.0	666.0	851.0	1014.0	1397.0	2117.0	3446.0
	21.0	22.0	23.0	24.0	25.0	26.0	27.0	28.0	29.0	30.0	31.0	32.0	33.0	34.0	35.0	36.0	37.0	38.0	39.0	40.0
Abu-APnd_008-Ex1-5D-lcwgs-1-T.clmp.r2	2.0	17.0	56.0	69.0	105.0	129.0	132.0	141.0	184.0	186.0	240.0	290.0	339.0	363.0	456.0	583.0	776.0	1166.0	2330.0	5297.0
	20.0	21.0	22.0	23.0	24.0	25.0	26.0	27.0	28.0	29.0	30.0	31.0	32.0	33.0	34.0	35.0	36.0	37.0	38.0	39.0	40.0
Abu-APnd_009-Ex1-5E-lcwgs-1-T.clmp.r1	1.0	16.0	419.0	2411.0	5961.0	9680.0	13227.0	16875.0	21493.0	25986.0	31765.0	37284.0	43722.0	51392.0	60926.0	72278.0	87502.0	109078.0	144574.0	224824.0	361053.0
	20.0	21.0	22.0	23.0	24.0	25.0	26.0	27.0	28.0	29.0	30.0	31.0	32.0	33.0	34.0	35.0	36.0	37.0	38.0	39.0	40.0
Abu-APnd_009-Ex1-5E-lcwgs-1-T.clmp.r2	1.0	59.0	839.0	4054.0	6985.0	9257.0	11362.0	13679.0	16425.0	19469.0	22570.0	26084.0	30715.0	35588.0	42299.0	51905.0	64817.0	86340.0	128647.0	238750.0	510622.0
	22.0	23.0	24.0	25.0	26.0	27.0	28.0	29.0	30.0	31.0	32.0	33.0	34.0	35.0	36.0	37.0	38.0	39.0	40.0
Abu-APnd_010-Ex1-5F-lcwgs-1-T.clmp.r1	52.0	304.0	641.0	941.0	1334.0	1592.0	1927.0	2281.0	2772.0	3243.0	3755.0	4377.0	5155.0	6240.0	7423.0	8942.0	11507.0	17548.0	23033.0
	21.0	22.0	23.0	24.0	25.0	26.0	27.0	28.0	29.0	30.0	31.0	32.0	33.0	34.0	35.0	36.0	37.0	38.0	39.0	40.0
Abu-APnd_010-Ex1-5F-lcwgs-1-T.clmp.r2	10.0	185.0	555.0	745.0	904.0	1114.0	1282.0	1475.0	1756.0	2026.0	2274.0	2749.0	3127.0	3661.0	4540.0	5772.0	7886.0	11817.0	20539.0	30650.0
	21.0	22.0	23.0	24.0	25.0	26.0	27.0	28.0	29.0	30.0	31.0	32.0	33.0	34.0	35.0	36.0	37.0	38.0	39.0	40.0
Abu-APnd_011-Ex1-5G-lcwgs-1-T.clmp.r1	2.0	56.0	309.0	700.0	1167.0	1548.0	2118.0	2628.0	3269.0	4149.0	4813.0	5885.0	6999.0	8319.0	10201.0	12948.0	16818.0	24573.0	45730.0	103623.0
	20.0	21.0	22.0	23.0	24.0	25.0	26.0	27.0	28.0	29.0	30.0	31.0	32.0	33.0	34.0	35.0	36.0	37.0	38.0	39.0	40.0
Abu-APnd_011-Ex1-5G-lcwgs-1-T.clmp.r2	1.0	2.0	83.0	445.0	826.0	964.0	1202.0	1489.0	1849.0	2118.0	2547.0	3038.0	3679.0	4384.0	5229.0	6577.0	8684.0	12155.0	19426.0	42332.0	138825.0
	21.0	22.0	23.0	24.0	25.0	26.0	27.0	28.0	29.0	30.0	31.0	32.0	33.0	34.0	35.0	36.0	37.0	38.0	39.0	40.0
Abu-APnd_012-Ex1-5H-lcwgs-1-T.clmp.r1	1.0	5.0	46.0	103.0	122.0	196.0	258.0	277.0	397.0	422.0	484.0	642.0	753.0	853.0	1045.0	1300.0	1740.0	2411.0	4202.0	9181.0
	21.0	22.0	23.0	24.0	25.0	26.0	27.0	28.0	29.0	30.0	31.0	32.0	33.0	34.0	35.0	36.0	37.0	38.0	39.0	40.0
Abu-APnd_012-Ex1-5H-lcwgs-1-T.clmp.r2	2.0	12.0	62.0	105.0	130.0	149.0	170.0	202.0	277.0	321.0	350.0	407.0	501.0	613.0	670.0	846.0	1200.0	1968.0	3946.0	12507.0
	21.0	22.0	23.0	24.0	25.0	26.0	27.0	28.0	29.0	30.0	31.0	32.0	33.0	34.0	35.0	36.0	37.0	38.0	39.0	40.0
Abu-APnd_013-Ex1-6A-lcwgs-1-T.clmp.r1	9.0	203.0	1024.0	2332.0	3763.0	5150.0	6808.0	8358.0	10355.0	12463.0	14830.0	17728.0	20808.0	25114.0	30409.0	37634.0	48451.0	69718.0	125859.0	278071.0
	20.0	21.0	22.0	23.0	24.0	25.0	26.0	27.0	28.0	29.0	30.0	31.0	32.0	33.0	34.0	35.0	36.0	37.0	38.0	39.0	40.0
Abu-APnd_013-Ex1-6A-lcwgs-1-T.clmp.r2	1.0	26.0	310.0	1413.0	2461.0	3293.0	3948.0	4669.0	5572.0	6485.0	7584.0	9022.0	10542.0	12721.0	15541.0	19040.0	25012.0	34971.0	55235.0	119203.0	382038.0
	20.0	21.0	22.0	23.0	24.0	25.0	26.0	27.0	28.0	29.0	30.0	31.0	32.0	33.0	34.0	35.0	36.0	37.0	38.0	39.0	40.0
Abu-APnd_014-Ex1-6B-lcwgs-1-T.clmp.r1	4.0	52.0	894.0	4596.0	11270.0	17964.0	24977.0	32837.0	41459.0	50723.0	61569.0	72963.0	85840.0	102395.0	122871.0	148770.0	184647.0	243742.0	348655.0	634164.0	1440819.0
	20.0	21.0	22.0	23.0	24.0	25.0	26.0	27.0	28.0	29.0	30.0	31.0	32.0	33.0	34.0	35.0	36.0	37.0	38.0	39.0	40.0
Abu-APnd_014-Ex1-6B-lcwgs-1-T.clmp.r2	1.0	90.0	1453.0	6650.0	11648.0	15059.0	18309.0	22061.0	26031.0	30443.0	35901.0	42296.0	49585.0	59231.0	72719.0	91272.0	119790.0	169431.0	271433.0	592964.0	1994844.0
	22.0	23.0	24.0	25.0	26.0	27.0	28.0	29.0	30.0	31.0	32.0	33.0	34.0	35.0	36.0	37.0	38.0	39.0	40.0
Abu-APnd_015-Ex1-6C-lcwgs-1-T.clmp.r1	60.0	320.0	755.0	1252.0	1612.0	2130.0	2765.0	3322.0	4004.0	4817.0	5607.0	6628.0	8058.0	9962.0	12189.0	15600.0	22542.0	39657.0	86787.0
	21.0	22.0	23.0	24.0	25.0	26.0	27.0	28.0	29.0	30.0	31.0	32.0	33.0	34.0	35.0	36.0	37.0	38.0	39.0	40.0
Abu-APnd_015-Ex1-6C-lcwgs-1-T.clmp.r2	7.0	88.0	491.0	868.0	1094.0	1313.0	1486.0	1831.0	2187.0	2592.0	2882.0	3312.0	4143.0	4926.0	6291.0	8149.0	11310.0	18013.0	37863.0	119221.0
	21.0	22.0	23.0	24.0	25.0	26.0	27.0	28.0	29.0	30.0	31.0	32.0	33.0	34.0	35.0	36.0	37.0	38.0	39.0	40.0
Abu-APnd_016-Ex1-6D-lcwgs-1-T.clmp.r1	4.0	73.0	374.0	853.0	1246.0	1700.0	2141.0	2750.0	3233.0	3916.0	4631.0	5323.0	6377.0	7625.0	9123.0	11328.0	14463.0	20871.0	38602.0	86670.0
	20.0	21.0	22.0	23.0	24.0	25.0	26.0	27.0	28.0	29.0	30.0	31.0	32.0	33.0	34.0	35.0	36.0	37.0	38.0	39.0	40.0
Abu-APnd_016-Ex1-6D-lcwgs-1-T.clmp.r2	1.0	4.0	136.0	449.0	835.0	1098.0	1281.0	1508.0	1761.0	2046.0	2324.0	2705.0	3290.0	3786.0	4609.0	5680.0	7402.0	10277.0	16418.0	35627.0	120066.0
	20.0	21.0	22.0	23.0	24.0	25.0	26.0	27.0	28.0	29.0	30.0	31.0	32.0	33.0	34.0	35.0	36.0	37.0	38.0	39.0	40.0
Abu-APnd_017-Ex1-6E-lcwgs-1-T.clmp.r1	3.0	200.0	4071.0	23500.0	57465.0	95329.0	132049.0	172787.0	217556.0	267572.0	321312.0	380719.0	445885.0	524244.0	619900.0	736705.0	900655.0	1143596.0	1582134.0	2700213.0	5421109.0
	20.0	21.0	22.0	23.0	24.0	25.0	26.0	27.0	28.0	29.0	30.0	31.0	32.0	33.0	34.0	35.0	36.0	37.0	38.0	39.0	40.0
Abu-APnd_017-Ex1-6E-lcwgs-1-T.clmp.r2	12.0	347.0	7744.0	37037.0	66946.0	86152.0	103913.0	124489.0	146560.0	170153.0	198907.0	231226.0	271378.0	318701.0	382838.0	474739.0	610992.0	845119.0	1319342.0	2701232.0	7649177.0
	20.0	21.0	22.0	23.0	24.0	25.0	26.0	27.0	28.0	29.0	30.0	31.0	32.0	33.0	34.0	35.0	36.0	37.0	38.0	39.0	40.0
Abu-APnd_018-Ex1-6F-lcwgs-1-T.clmp.r1	1.0	12.0	391.0	2139.0	5280.0	8724.0	12276.0	16010.0	20286.0	24963.0	29967.0	35916.0	42602.0	50039.0	60247.0	73082.0	90361.0	116131.0	160947.0	274883.0	545998.0
	21.0	22.0	23.0	24.0	25.0	26.0	27.0	28.0	29.0	30.0	31.0	32.0	33.0	34.0	35.0	36.0	37.0	38.0	39.0	40.0
Abu-APnd_018-Ex1-6F-lcwgs-1-T.clmp.r2	33.0	679.0	3232.0	5807.0	7530.0	9085.0	11021.0	12754.0	15177.0	17893.0	21025.0	24905.0	29959.0	36114.0	45949.0	60164.0	83871.0	131784.0	273663.0	779610.0
	21.0	22.0	23.0	24.0	25.0	26.0	27.0	28.0	29.0	30.0	31.0	32.0	33.0	34.0	35.0	36.0	37.0	38.0	39.0	40.0
Abu-APnd_019-Ex1-6G-lcwgs-1-T.clmp.r1	15.0	225.0	1107.0	2675.0	4450.0	6091.0	8052.0	10337.0	12831.0	15483.0	18367.0	22031.0	26042.0	31165.0	37824.0	46626.0	61001.0	87164.0	160054.0	350611.0
	21.0	22.0	23.0	24.0	25.0	26.0	27.0	28.0	29.0	30.0	31.0	32.0	33.0	34.0	35.0	36.0	37.0	38.0	39.0	40.0
Abu-APnd_019-Ex1-6G-lcwgs-1-T.clmp.r2	31.0	415.0	1833.0	3205.0	4176.0	5005.0	6124.0	7279.0	8545.0	10301.0	11900.0	13877.0	16239.0	19586.0	23962.0	31547.0	43932.0	69165.0	147816.0	477213.0
	22.0	23.0	24.0	25.0	26.0	27.0	28.0	29.0	30.0	31.0	32.0	33.0	34.0	35.0	36.0	37.0	38.0	39.0	40.0
Abu-APnd_020-Ex1-6H-lcwgs-1-T.clmp.r1	33.0	161.0	337.0	501.0	649.0	844.0	1075.0	1356.0	1493.0	1793.0	2123.0	2481.0	2992.0	3511.0	4267.0	5587.0	8123.0	14606.0	32286.0
	22.0	23.0	24.0	25.0	26.0	27.0	28.0	29.0	30.0	31.0	32.0	33.0	34.0	35.0	36.0	37.0	38.0	39.0	40.0
Abu-APnd_020-Ex1-6H-lcwgs-1-T.clmp.r2	55.0	217.0	323.0	420.0	517.0	608.0	681.0	791.0	971.0	1032.0	1304.0	1433.0	1792.0	2274.0	2908.0	3983.0	6348.0	13447.0	45114.0
	21.0	22.0	23.0	24.0	25.0	26.0	27.0	28.0	29.0	30.0	31.0	32.0	33.0	34.0	35.0	36.0	37.0	38.0	39.0	40.0
Abu-APnd_021-Ex1-8E-lcwgs-1-T.clmp.r1	5.0	201.0	1225.0	2625.0	4076.0	5889.0	7721.0	9711.0	11939.0	14391.0	16920.0	20058.0	24043.0	28699.0	34763.0	43277.0	56482.0	80363.0	144497.0	318550.0
	21.0	22.0	23.0	24.0	25.0	26.0	27.0	28.0	29.0	30.0	31.0	32.0	33.0	34.0	35.0	36.0	37.0	38.0	39.0	40.0
Abu-APnd_021-Ex1-8E-lcwgs-1-T.clmp.r2	18.0	337.0	1672.0	2902.0	3636.0	4504.0	5339.0	6439.0	7581.0	9023.0	10258.0	12191.0	14362.0	17106.0	21730.0	28012.0	39291.0	62724.0	135375.0	442935.0
	20.0	21.0	22.0	23.0	24.0	25.0	26.0	27.0	28.0	29.0	30.0	31.0	32.0	33.0	34.0	35.0	36.0	37.0	38.0	39.0	40.0
Abu-APnd_022-Ex1-8F-lcwgs-1-T.clmp.r1	1.0	32.0	676.0	3307.0	8276.0	13620.0	18777.0	24932.0	31933.0	39044.0	47834.0	57646.0	68267.0	80997.0	97415.0	118016.0	147742.0	192079.0	275610.0	500059.0	1123048.0
	20.0	21.0	22.0	23.0	24.0	25.0	26.0	27.0	28.0	29.0	30.0	31.0	32.0	33.0	34.0	35.0	36.0	37.0	38.0	39.0	40.0
Abu-APnd_022-Ex1-8F-lcwgs-1-T.clmp.r2	1.0	58.0	1102.0	5325.0	9467.0	12278.0	15186.0	18161.0	21586.0	25552.0	30378.0	35252.0	41506.0	48996.0	59188.0	73807.0	96187.0	134632.0	215505.0	467449.0	1537695.0
	20.0	21.0	22.0	23.0	24.0	25.0	26.0	27.0	28.0	29.0	30.0	31.0	32.0	33.0	34.0	35.0	36.0	37.0	38.0	39.0	40.0
Abu-APnd_023-Ex1-8G-lcwgs-1-T.clmp.r1	1.0	3.0	85.0	394.0	885.0	1460.0	1988.0	2617.0	3213.0	4116.0	4963.0	6075.0	7210.0	8566.0	10278.0	13015.0	16186.0	21433.0	31073.0	58492.0	137239.0
	20.0	21.0	22.0	23.0	24.0	25.0	26.0	27.0	28.0	29.0	30.0	31.0	32.0	33.0	34.0	35.0	36.0	37.0	38.0	39.0	40.0
Abu-APnd_023-Ex1-8G-lcwgs-1-T.clmp.r2	1.0	5.0	114.0	543.0	962.0	1211.0	1597.0	1878.0	2244.0	2617.0	3182.0	3659.0	4358.0	5132.0	6229.0	7942.0	10500.0	15149.0	24160.0	52707.0	185102.0
	20.0	21.0	22.0	23.0	24.0	25.0	26.0	27.0	28.0	29.0	30.0	31.0	32.0	33.0	34.0	35.0	36.0	37.0	38.0	39.0	40.0
Abu-APnd_024-Ex1-8H-lcwgs-1-T.clmp.r1	2.0	24.0	641.0	3381.0	8239.0	13728.0	19022.0	24770.0	31837.0	39272.0	47702.0	55945.0	66938.0	78740.0	94065.0	113453.0	141044.0	182152.0	253511.0	438110.0	902650.0
	20.0	21.0	22.0	23.0	24.0	25.0	26.0	27.0	28.0	29.0	30.0	31.0	32.0	33.0	34.0	35.0	36.0	37.0	38.0	39.0	40.0
Abu-APnd_024-Ex1-8H-lcwgs-1-T.clmp.r2	2.0	51.0	1076.0	5329.0	9201.0	12129.0	15172.0	18100.0	20924.0	24626.0	29059.0	33348.0	39791.0	47898.0	57868.0	72140.0	94174.0	131624.0	206183.0	428751.0	1267780.0
	21.0	22.0	23.0	24.0	25.0	26.0	27.0	28.0	29.0	30.0	31.0	32.0	33.0	34.0	35.0	36.0	37.0	38.0	39.0	40.0
Abu-APnd_025-Ex1-7E-lcwgs-1-T.clmp.r1	19.0	446.0	2214.0	5390.0	8512.0	11599.0	15579.0	19753.0	24523.0	29337.0	34959.0	41772.0	48926.0	59792.0	71719.0	88498.0	116680.0	166861.0	302145.0	666275.0
	20.0	21.0	22.0	23.0	24.0	25.0	26.0	27.0	28.0	29.0	30.0	31.0	32.0	33.0	34.0	35.0	36.0	37.0	38.0	39.0	40.0
Abu-APnd_025-Ex1-7E-lcwgs-1-T.clmp.r2	1.0	43.0	735.0	3452.0	5972.0	7792.0	9261.0	11436.0	13664.0	16248.0	19202.0	21961.0	25596.0	30326.0	36337.0	44809.0	58509.0	81513.0	130663.0	283112.0	914367.0
	21.0	22.0	23.0	24.0	25.0	26.0	27.0	28.0	29.0	30.0	31.0	32.0	33.0	34.0	35.0	36.0	37.0	38.0	39.0	40.0
Abu-APnd_026-Ex1-7F-lcwgs-1-T.clmp.r1	4.0	46.0	238.0	587.0	937.0	1298.0	1738.0	2185.0	2769.0	3352.0	4056.0	4819.0	5770.0	6810.0	8462.0	10873.0	14443.0	21848.0	42043.0	103373.0
	21.0	22.0	23.0	24.0	25.0	26.0	27.0	28.0	29.0	30.0	31.0	32.0	33.0	34.0	35.0	36.0	37.0	38.0	39.0	40.0
Abu-APnd_026-Ex1-7F-lcwgs-1-T.clmp.r2	1.0	79.0	363.0	609.0	784.0	1048.0	1209.0	1499.0	1763.0	2083.0	2377.0	2879.0	3348.0	4046.0	5242.0	6930.0	9736.0	16201.0	36837.0	138617.0
	20.0	21.0	22.0	23.0	24.0	25.0	26.0	27.0	28.0	29.0	30.0	31.0	32.0	33.0	34.0	35.0	36.0	37.0	38.0	39.0	40.0
Abu-APnd_027-Ex1-7G-lcwgs-1-T.clmp.r1	1.0	7.0	129.0	693.0	1625.0	2674.0	3632.0	4864.0	6057.0	7579.0	9505.0	11171.0	13130.0	15640.0	18940.0	22773.0	28469.0	36953.0	52767.0	95197.0	203413.0
	21.0	22.0	23.0	24.0	25.0	26.0	27.0	28.0	29.0	30.0	31.0	32.0	33.0	34.0	35.0	36.0	37.0	38.0	39.0	40.0
Abu-APnd_027-Ex1-7G-lcwgs-1-T.clmp.r2	9.0	219.0	1038.0	1788.0	2357.0	2966.0	3518.0	4336.0	5104.0	6059.0	7285.0	8319.0	9795.0	11885.0	14616.0	19137.0	26017.0	41649.0	89195.0	279927.0
	21.0	22.0	23.0	24.0	25.0	26.0	27.0	28.0	29.0	30.0	31.0	32.0	33.0	34.0	35.0	36.0	37.0	38.0	39.0	40.0
Abu-APnd_028-Ex1-7H-lcwgs-1-T.clmp.r1	1.0	49.0	244.0	523.0	849.0	1118.0	1530.0	1970.0	2439.0	2865.0	3398.0	4100.0	4775.0	5774.0	6955.0	8833.0	11599.0	16960.0	31613.0	71745.0
	21.0	22.0	23.0	24.0	25.0	26.0	27.0	28.0	29.0	30.0	31.0	32.0	33.0	34.0	35.0	36.0	37.0	38.0	39.0	40.0
Abu-APnd_028-Ex1-7H-lcwgs-1-T.clmp.r2	2.0	87.0	334.0	627.0	773.0	948.0	1166.0	1365.0	1644.0	1886.0	2334.0	2629.0	3084.0	3512.0	4418.0	5836.0	8176.0	12957.0	28432.0	97130.0
	21.0	22.0	23.0	24.0	25.0	26.0	27.0	28.0	29.0	30.0	31.0	32.0	33.0	34.0	35.0	36.0	37.0	38.0	39.0	40.0
Abu-APnd_029-Ex1-8A-lcwgs-1-T.clmp.r1	3.0	92.0	499.0	1244.0	1931.0	2689.0	3559.0	4677.0	5772.0	7147.0	8852.0	10319.0	12596.0	15299.0	18876.0	24253.0	32598.0	49051.0	98568.0	257189.0
	21.0	22.0	23.0	24.0	25.0	26.0	27.0	28.0	29.0	30.0	31.0	32.0	33.0	34.0	35.0	36.0	37.0	38.0	39.0	40.0
Abu-APnd_029-Ex1-8A-lcwgs-1-T.clmp.r2	10.0	172.0	828.0	1478.0	2002.0	2349.0	2643.0	3283.0	3883.0	4599.0	5333.0	6473.0	7594.0	9469.0	12119.0	15686.0	22576.0	36582.0	85113.0	333022.0
	21.0	22.0	23.0	24.0	25.0	26.0	27.0	28.0	29.0	30.0	31.0	32.0	33.0	34.0	35.0	36.0	37.0	38.0	39.0	40.0
Abu-APnd_030-Ex1-8B-lcwgs-1-T.clmp.r1	12.0	504.0	2669.0	6537.0	10913.0	15274.0	19861.0	25780.0	32226.0	38944.0	46537.0	55877.0	66352.0	80226.0	96969.0	121416.0	158974.0	228214.0	417110.0	959790.0
	21.0	22.0	23.0	24.0	25.0	26.0	27.0	28.0	29.0	30.0	31.0	32.0	33.0	34.0	35.0	36.0	37.0	38.0	39.0	40.0
Abu-APnd_030-Ex1-8B-lcwgs-1-T.clmp.r2	59.0	804.0	4280.0	7774.0	9996.0	12264.0	14940.0	18081.0	21153.0	25388.0	29689.0	34785.0	40992.0	49174.0	60403.0	78731.0	110299.0	176669.0	382751.0	1305953.0
	21.0	22.0	23.0	24.0	25.0	26.0	27.0	28.0	29.0	30.0	31.0	32.0	33.0	34.0	35.0	36.0	37.0	38.0	39.0	40.0
Abu-APnd_031-Ex1-8C-lcwgs-1-T.clmp.r1	3.0	16.0	117.0	212.0	397.0	492.0	621.0	776.0	987.0	1234.0	1430.0	1715.0	1969.0	2502.0	2997.0	3775.0	4965.0	7510.0	14939.0	38304.0
	21.0	22.0	23.0	24.0	25.0	26.0	27.0	28.0	29.0	30.0	31.0	32.0	33.0	34.0	35.0	36.0	37.0	38.0	39.0	40.0
Abu-APnd_031-Ex1-8C-lcwgs-1-T.clmp.r2	1.0	31.0	157.0	248.0	336.0	395.0	510.0	581.0	694.0	764.0	942.0	1051.0	1302.0	1562.0	1916.0	2478.0	3602.0	5714.0	12837.0	49840.0
	21.0	22.0	23.0	24.0	25.0	26.0	27.0	28.0	29.0	30.0	31.0	32.0	33.0	34.0	35.0	36.0	37.0	38.0	39.0	40.0
Abu-APnd_032-Ex1-8D-lcwgs-1-T.clmp.r1	3.0	107.0	539.0	1256.0	2021.0	2813.0	3706.0	4515.0	5971.0	7119.0	8504.0	10293.0	12182.0	14867.0	18411.0	23048.0	30507.0	45338.0	88372.0	221963.0
	21.0	22.0	23.0	24.0	25.0	26.0	27.0	28.0	29.0	30.0	31.0	32.0	33.0	34.0	35.0	36.0	37.0	38.0	39.0	40.0
Abu-APnd_032-Ex1-8D-lcwgs-1-T.clmp.r2	20.0	160.0	747.0	1361.0	1785.0	2161.0	2564.0	3076.0	3710.0	4342.0	5048.0	6028.0	7036.0	8559.0	10933.0	14705.0	20714.0	33732.0	76829.0	298025.0
	21.0	22.0	23.0	24.0	25.0	26.0	27.0	28.0	29.0	30.0	31.0	32.0	33.0	34.0	35.0	36.0	37.0	38.0	39.0	40.0
Abu-APnd_033-Ex1-7A-lcwgs-1-T.clmp.r1	3.0	22.0	154.0	320.0	499.0	688.0	917.0	1176.0	1460.0	1734.0	1978.0	2417.0	2874.0	3459.0	4262.0	5279.0	7022.0	10472.0	21013.0	52253.0
	20.0	21.0	22.0	23.0	24.0	25.0	26.0	27.0	28.0	29.0	30.0	31.0	32.0	33.0	34.0	35.0	36.0	37.0	38.0	39.0	40.0
Abu-APnd_033-Ex1-7A-lcwgs-1-T.clmp.r2	1.0	6.0	50.0	230.0	434.0	475.0	550.0	664.0	819.0	954.0	1157.0	1245.0	1531.0	1748.0	2199.0	2756.0	3588.0	4884.0	8234.0	18558.0	67919.0
	21.0	22.0	23.0	24.0	25.0	26.0	27.0	28.0	29.0	30.0	31.0	32.0	33.0	34.0	35.0	36.0	37.0	38.0	39.0	40.0
Abu-APnd_034-Ex1-7B-lcwgs-1-T.clmp.r1	5.0	129.0	709.0	1676.0	2631.0	3754.0	4842.0	6390.0	7952.0	9610.0	11630.0	13880.0	16631.0	20047.0	24671.0	31096.0	41363.0	60783.0	116938.0	285827.0
	21.0	22.0	23.0	24.0	25.0	26.0	27.0	28.0	29.0	30.0	31.0	32.0	33.0	34.0	35.0	36.0	37.0	38.0	39.0	40.0
Abu-APnd_034-Ex1-7B-lcwgs-1-T.clmp.r2	12.0	220.0	1047.0	1812.0	2430.0	2884.0	3462.0	4187.0	4910.0	5860.0	6938.0	8345.0	9714.0	11943.0	15105.0	19902.0	28033.0	46168.0	103649.0	383943.0
	21.0	22.0	23.0	24.0	25.0	26.0	27.0	28.0	29.0	30.0	31.0	32.0	33.0	34.0	35.0	36.0	37.0	38.0	39.0	40.0
Abu-APnd_035-Ex1-7C-lcwgs-1-T.clmp.r1	1.0	5.0	22.0	46.0	45.0	72.0	94.0	115.0	138.0	153.0	179.0	203.0	227.0	275.0	320.0	335.0	468.0	595.0	1025.0	1731.0
	21.0	22.0	23.0	24.0	25.0	26.0	27.0	28.0	29.0	30.0	31.0	32.0	33.0	34.0	35.0	36.0	37.0	38.0	39.0	40.0
Abu-APnd_035-Ex1-7C-lcwgs-1-T.clmp.r2	1.0	7.0	25.0	42.0	64.0	68.0	57.0	72.0	73.0	98.0	104.0	119.0	152.0	180.0	201.0	242.0	337.0	534.0	1029.0	2644.0
	20.0	21.0	22.0	23.0	24.0	25.0	26.0	27.0	28.0	29.0	30.0	31.0	32.0	33.0	34.0	35.0	36.0	37.0	38.0	39.0	40.0
Abu-APnd_036-Ex1-7D-lcwgs-1-T.clmp.r1	2.0	8.0	216.0	962.0	2196.0	3619.0	5027.0	6726.0	8543.0	10553.0	12934.0	15451.0	18468.0	22084.0	26595.0	32814.0	41605.0	56006.0	81422.0	155520.0	384882.0
	21.0	22.0	23.0	24.0	25.0	26.0	27.0	28.0	29.0	30.0	31.0	32.0	33.0	34.0	35.0	36.0	37.0	38.0	39.0	40.0
Abu-APnd_036-Ex1-7D-lcwgs-1-T.clmp.r2	22.0	296.0	1236.0	2289.0	3011.0	3750.0	4409.0	5260.0	6271.0	7401.0	9005.0	10718.0	12747.0	15594.0	20123.0	26714.0	37899.0	62077.0	140774.0	516037.0
	21.0	22.0	23.0	24.0	25.0	26.0	27.0	28.0	29.0	30.0	31.0	32.0	33.0	34.0	35.0	36.0	37.0	38.0	39.0	40.0
Abu-APnd_037-Ex1-9A-lcwgs-1-T.clmp.r1	9.0	201.0	1181.0	2845.0	4668.0	6516.0	8628.0	11237.0	14026.0	16857.0	20470.0	24255.0	29100.0	34633.0	42348.0	52872.0	70107.0	102249.0	190923.0	425705.0
	21.0	22.0	23.0	24.0	25.0	26.0	27.0	28.0	29.0	30.0	31.0	32.0	33.0	34.0	35.0	36.0	37.0	38.0	39.0	40.0
Abu-APnd_037-Ex1-9A-lcwgs-1-T.clmp.r2	19.0	359.0	1732.0	3158.0	4130.0	5190.0	6329.0	7651.0	8998.0	10734.0	12562.0	14851.0	17677.0	21399.0	26972.0	35088.0	49518.0	79861.0	175042.0	577560.0
	22.0	23.0	24.0	25.0	26.0	27.0	28.0	29.0	30.0	31.0	32.0	33.0	34.0	35.0	36.0	37.0	38.0	39.0	40.0
Abu-APnd_038-Ex1-9B-lcwgs-1-T.clmp.r1	3.0	5.0	20.0	27.0	35.0	56.0	43.0	61.0	60.0	87.0	96.0	121.0	123.0	179.0	184.0	243.0	303.0	559.0	992.0
	22.0	23.0	24.0	25.0	26.0	27.0	28.0	29.0	30.0	31.0	32.0	33.0	34.0	35.0	36.0	37.0	38.0	39.0	40.0
Abu-APnd_038-Ex1-9B-lcwgs-1-T.clmp.r2	8.0	9.0	27.0	33.0	24.0	20.0	40.0	42.0	44.0	45.0	48.0	59.0	71.0	104.0	109.0	184.0	300.0	528.0	1502.0
	19.0	20.0	21.0	22.0	23.0	24.0	25.0	26.0	27.0	28.0	29.0	30.0	31.0	32.0	33.0	34.0	35.0	36.0	37.0	38.0	39.0	40.0
Abu-APnd_039-Ex1-9C-lcwgs-1-T.clmp.r1	1.0	0.0	0.0	10.0	70.0	166.0	207.0	318.0	440.0	584.0	759.0	849.0	1021.0	1273.0	1548.0	1807.0	2236.0	2686.0	3722.0	5652.0	10726.0	25521.0
	21.0	22.0	23.0	24.0	25.0	26.0	27.0	28.0	29.0	30.0	31.0	32.0	33.0	34.0	35.0	36.0	37.0	38.0	39.0	40.0
Abu-APnd_039-Ex1-9C-lcwgs-1-T.clmp.r2	1.0	25.0	95.0	164.0	192.0	269.0	352.0	401.0	510.0	541.0	681.0	753.0	908.0	1064.0	1336.0	1768.0	2476.0	4156.0	9443.0	34461.0
	22.0	23.0	24.0	25.0	26.0	27.0	28.0	29.0	30.0	31.0	32.0	33.0	34.0	35.0	36.0	37.0	38.0	39.0	40.0
Abu-APnd_040-Ex1-9D-lcwgs-1-T.clmp.r1	21.0	96.0	222.0	395.0	514.0	617.0	799.0	998.0	1217.0	1406.0	1767.0	2066.0	2466.0	3003.0	3680.0	4929.0	7100.0	13454.0	29020.0
	21.0	22.0	23.0	24.0	25.0	26.0	27.0	28.0	29.0	30.0	31.0	32.0	33.0	34.0	35.0	36.0	37.0	38.0	39.0	40.0
Abu-APnd_040-Ex1-9D-lcwgs-1-T.clmp.r2	3.0	35.0	122.0	253.0	292.0	374.0	517.0	567.0	688.0	816.0	925.0	1095.0	1346.0	1529.0	1813.0	2535.0	3478.0	5481.0	11999.0	39902.0
	21.0	22.0	23.0	24.0	25.0	26.0	27.0	28.0	29.0	30.0	31.0	32.0	33.0	34.0	35.0	36.0	37.0	38.0	39.0	40.0
Abu-APnd_041-Ex1-9E-lcwgs-1-T.clmp.r1	1.0	27.0	139.0	308.0	474.0	663.0	916.0	1190.0	1428.0	1856.0	2205.0	2615.0	3226.0	3959.0	4950.0	6434.0	8786.0	14048.0	30758.0	84024.0
	21.0	22.0	23.0	24.0	25.0	26.0	27.0	28.0	29.0	30.0	31.0	32.0	33.0	34.0	35.0	36.0	37.0	38.0	39.0	40.0
Abu-APnd_041-Ex1-9E-lcwgs-1-T.clmp.r2	6.0	35.0	208.0	348.0	490.0	580.0	649.0	816.0	985.0	1135.0	1422.0	1563.0	1989.0	2486.0	3001.0	4068.0	5881.0	10108.0	24475.0	107762.0
	21.0	22.0	23.0	24.0	25.0	26.0	27.0	28.0	29.0	30.0	31.0	32.0	33.0	34.0	35.0	36.0	37.0	38.0	39.0	40.0
Abu-APnd_042-Ex1-9F-lcwgs-1-T.clmp.r1	1.0	48.0	210.0	452.0	822.0	1178.0	1493.0	2037.0	2539.0	3049.0	3707.0	4541.0	5275.0	6500.0	8169.0	10382.0	14500.0	21602.0	44129.0	109498.0
	21.0	22.0	23.0	24.0	25.0	26.0	27.0	28.0	29.0	30.0	31.0	32.0	33.0	34.0	35.0	36.0	37.0	38.0	39.0	40.0
Abu-APnd_042-Ex1-9F-lcwgs-1-T.clmp.r2	2.0	58.0	288.0	526.0	674.0	797.0	987.0	1274.0	1516.0	1803.0	2114.0	2559.0	3083.0	3930.0	4940.0	6543.0	9439.0	15660.0	36535.0	147404.0
	22.0	23.0	24.0	25.0	26.0	27.0	28.0	29.0	30.0	31.0	32.0	33.0	34.0	35.0	36.0	37.0	38.0	39.0	40.0
Abu-APnd_043-Ex1-9G-lcwgs-1-T.clmp.r1	9.0	37.0	77.0	151.0	145.0	225.0	316.0	401.0	501.0	579.0	736.0	868.0	1037.0	1337.0	1746.0	2238.0	3398.0	6681.0	16276.0
	22.0	23.0	24.0	25.0	26.0	27.0	28.0	29.0	30.0	31.0	32.0	33.0	34.0	35.0	36.0	37.0	38.0	39.0	40.0
Abu-APnd_043-Ex1-9G-lcwgs-1-T.clmp.r2	12.0	57.0	92.0	101.0	142.0	175.0	184.0	224.0	282.0	308.0	392.0	439.0	542.0	710.0	923.0	1385.0	2278.0	5526.0	22986.0
	22.0	23.0	24.0	25.0	26.0	27.0	28.0	29.0	30.0	31.0	32.0	33.0	34.0	35.0	36.0	37.0	38.0	39.0	40.0
Abu-APnd_044-Ex1-9H-lcwgs-1-T.clmp.r1	1.0	15.0	31.0	39.0	65.0	54.0	89.0	111.0	96.0	156.0	167.0	190.0	203.0	300.0	335.0	402.0	498.0	1050.0	1923.0
	22.0	23.0	24.0	25.0	26.0	27.0	28.0	29.0	30.0	31.0	32.0	33.0	34.0	35.0	36.0	37.0	38.0	39.0	40.0
Abu-APnd_044-Ex1-9H-lcwgs-1-T.clmp.r2	8.0	13.0	28.0	39.0	49.0	58.0	62.0	66.0	72.0	72.0	91.0	120.0	134.0	152.0	200.0	288.0	467.0	917.0	2889.0
	22.0	23.0	24.0	25.0	26.0	27.0	28.0	29.0	30.0	31.0	32.0	33.0	34.0	35.0	36.0	37.0	38.0	39.0	40.0
Abu-APnd_045-Ex1-10A-lcwgs-1-T.clmp.r1	8.0	33.0	66.0	99.0	142.0	185.0	215.0	273.0	287.0	334.0	439.0	479.0	573.0	650.0	834.0	1047.0	1509.0	2603.0	5195.0
	22.0	23.0	24.0	25.0	26.0	27.0	28.0	29.0	30.0	31.0	32.0	33.0	34.0	35.0	36.0	37.0	38.0	39.0	40.0
Abu-APnd_045-Ex1-10A-lcwgs-1-T.clmp.r2	15.0	78.0	114.0	128.0	141.0	159.0	180.0	210.0	192.0	279.0	321.0	325.0	418.0	501.0	658.0	894.0	1286.0	2603.0	6469.0
	22.0	23.0	24.0	25.0	26.0	27.0	28.0	29.0	30.0	31.0	32.0	33.0	34.0	35.0	36.0	37.0	38.0	39.0	40.0
Abu-APnd_046-Ex1-10B-lcwgs-1-T.clmp.r1	2.0	12.0	13.0	36.0	37.0	63.0	59.0	82.0	74.0	77.0	135.0	130.0	155.0	183.0	214.0	309.0	408.0	648.0	1322.0
	21.0	22.0	23.0	24.0	25.0	26.0	27.0	28.0	29.0	30.0	31.0	32.0	33.0	34.0	35.0	36.0	37.0	38.0	39.0	40.0
Abu-APnd_046-Ex1-10B-lcwgs-1-T.clmp.r2	1.0	4.0	16.0	25.0	37.0	42.0	48.0	37.0	54.0	55.0	84.0	68.0	93.0	94.0	135.0	170.0	224.0	369.0	699.0	1704.0
	21.0	22.0	23.0	24.0	25.0	26.0	27.0	28.0	29.0	30.0	31.0	32.0	33.0	34.0	35.0	36.0	37.0	38.0	39.0	40.0
Abu-APnd_047-Ex1-10C-lcwgs-1-T.clmp.r1	4.0	75.0	316.0	742.0	1212.0	1806.0	2305.0	2960.0	3737.0	4696.0	5607.0	6630.0	8003.0	9539.0	11940.0	14546.0	19185.0	27434.0	49968.0	115788.0
	21.0	22.0	23.0	24.0	25.0	26.0	27.0	28.0	29.0	30.0	31.0	32.0	33.0	34.0	35.0	36.0	37.0	38.0	39.0	40.0
Abu-APnd_047-Ex1-10C-lcwgs-1-T.clmp.r2	5.0	141.0	685.0	1229.0	1510.0	1835.0	2182.0	2475.0	2902.0	3524.0	4134.0	4780.0	5558.0	6824.0	8416.0	10994.0	15419.0	24398.0	50924.0	138558.0
	21.0	22.0	23.0	24.0	25.0	26.0	27.0	28.0	29.0	30.0	31.0	32.0	33.0	34.0	35.0	36.0	37.0	38.0	39.0	40.0
Abu-APnd_048-Ex1-10D-lcwgs-1-T.clmp.r1	10.0	220.0	1208.0	2955.0	4926.0	6973.0	9124.0	11906.0	15039.0	18370.0	21842.0	26631.0	31958.0	38392.0	47085.0	59154.0	77186.0	110898.0	205322.0	481902.0
	20.0	21.0	22.0	23.0	24.0	25.0	26.0	27.0	28.0	29.0	30.0	31.0	32.0	33.0	34.0	35.0	36.0	37.0	38.0	39.0	40.0
Abu-APnd_048-Ex1-10D-lcwgs-1-T.clmp.r2	2.0	19.0	540.0	2635.0	4695.0	6074.0	7329.0	8778.0	10377.0	12280.0	14497.0	16853.0	19576.0	22872.0	27905.0	34126.0	44118.0	61283.0	96432.0	204567.0	576143.0
	22.0	23.0	24.0	25.0	26.0	27.0	28.0	29.0	30.0	31.0	32.0	33.0	34.0	35.0	36.0	37.0	38.0	39.0	40.0
Abu-APnd_049-Ex1-10E-lcwgs-1-T.clmp.r1	6.0	31.0	66.0	92.0	141.0	172.0	194.0	246.0	311.0	368.0	491.0	556.0	647.0	819.0	1100.0	1334.0	2052.0	4521.0	12792.0
	21.0	22.0	23.0	24.0	25.0	26.0	27.0	28.0	29.0	30.0	31.0	32.0	33.0	34.0	35.0	36.0	37.0	38.0	39.0	40.0
Abu-APnd_049-Ex1-10E-lcwgs-1-T.clmp.r2	1.0	13.0	53.0	108.0	127.0	152.0	169.0	188.0	248.0	260.0	308.0	354.0	408.0	494.0	657.0	819.0	1195.0	1883.0	4304.0	14198.0
	21.0	22.0	23.0	24.0	25.0	26.0	27.0	28.0	29.0	30.0	31.0	32.0	33.0	34.0	35.0	36.0	37.0	38.0	39.0	40.0
Abu-APnd_050-Ex1-10F-lcwgs-1-T.clmp.r1	1.0	21.0	96.0	300.0	403.0	578.0	764.0	983.0	1215.0	1470.0	1771.0	2214.0	2629.0	3077.0	3825.0	4904.0	6322.0	9345.0	17150.0	40640.0
	21.0	22.0	23.0	24.0	25.0	26.0	27.0	28.0	29.0	30.0	31.0	32.0	33.0	34.0	35.0	36.0	37.0	38.0	39.0	40.0
Abu-APnd_050-Ex1-10F-lcwgs-1-T.clmp.r2	2.0	52.0	226.0	361.0	470.0	578.0	705.0	785.0	1004.0	1117.0	1323.0	1565.0	1835.0	2198.0	2762.0	3688.0	5140.0	7952.0	16912.0	49033.0
	22.0	23.0	24.0	25.0	26.0	27.0	28.0	29.0	30.0	31.0	32.0	33.0	34.0	35.0	36.0	37.0	38.0	39.0	40.0
Abu-APnd_051-Ex1-10G-lcwgs-1-T.clmp.r1	47.0	232.0	552.0	890.0	1274.0	1649.0	2140.0	2622.0	3128.0	3875.0	4537.0	5549.0	6706.0	8095.0	10040.0	13108.0	19200.0	36097.0	83865.0
	20.0	21.0	22.0	23.0	24.0	25.0	26.0	27.0	28.0	29.0	30.0	31.0	32.0	33.0	34.0	35.0	36.0	37.0	38.0	39.0	40.0
Abu-APnd_051-Ex1-10G-lcwgs-1-T.clmp.r2	1.0	6.0	90.0	482.0	839.0	1074.0	1248.0	1429.0	1746.0	2095.0	2333.0	2660.0	3391.0	3743.0	4607.0	5743.0	7343.0	10398.0	16331.0	34796.0	103251.0
	21.0	22.0	23.0	24.0	25.0	26.0	27.0	28.0	29.0	30.0	31.0	32.0	33.0	34.0	35.0	36.0	37.0	38.0	39.0	40.0
Abu-APnd_052-Ex1-10H-lcwgs-1-T.clmp.r1	6.0	33.0	214.0	511.0	839.0	1185.0	1566.0	1894.0	2425.0	3024.0	3615.0	4197.0	5108.0	6168.0	7548.0	9537.0	12630.0	18403.0	33896.0	78262.0
	21.0	22.0	23.0	24.0	25.0	26.0	27.0	28.0	29.0	30.0	31.0	32.0	33.0	34.0	35.0	36.0	37.0	38.0	39.0	40.0
Abu-APnd_052-Ex1-10H-lcwgs-1-T.clmp.r2	4.0	127.0	479.0	869.0	1054.0	1257.0	1503.0	1777.0	2087.0	2403.0	2817.0	3172.0	3772.0	4511.0	5724.0	7226.0	9857.0	15767.0	33283.0	93372.0
	22.0	23.0	24.0	25.0	26.0	27.0	28.0	29.0	30.0	31.0	32.0	33.0	34.0	35.0	36.0	37.0	38.0	39.0	40.0
Abu-APnd_053-Ex1-11A-lcwgs-1-T.clmp.r1	9.0	46.0	136.0	231.0	310.0	436.0	554.0	706.0	832.0	1017.0	1321.0	1558.0	1951.0	2346.0	3067.0	4110.0	6257.0	12950.0	34139.0
	21.0	22.0	23.0	24.0	25.0	26.0	27.0	28.0	29.0	30.0	31.0	32.0	33.0	34.0	35.0	36.0	37.0	38.0	39.0	40.0
Abu-APnd_053-Ex1-11A-lcwgs-1-T.clmp.r2	5.0	22.0	65.0	164.0	196.0	238.0	343.0	402.0	478.0	522.0	647.0	776.0	898.0	1162.0	1448.0	1922.0	2783.0	4713.0	11037.0	44155.0
	22.0	23.0	24.0	25.0	26.0	27.0	28.0	29.0	30.0	31.0	32.0	33.0	34.0	35.0	36.0	37.0	38.0	39.0	40.0
Abu-APnd_054-Ex1-11B-lcwgs-1-T.clmp.r1	8.0	40.0	89.0	160.0	221.0	279.0	349.0	422.0	496.0	675.0	785.0	930.0	1234.0	1507.0	2011.0	2639.0	4253.0	8696.0	23564.0
	22.0	23.0	24.0	25.0	26.0	27.0	28.0	29.0	30.0	31.0	32.0	33.0	34.0	35.0	36.0	37.0	38.0	39.0	40.0
Abu-APnd_054-Ex1-11B-lcwgs-1-T.clmp.r2	20.0	48.0	109.0	120.0	177.0	219.0	236.0	313.0	349.0	388.0	490.0	576.0	727.0	963.0	1192.0	1882.0	2893.0	7037.0	30619.0
	22.0	23.0	24.0	25.0	26.0	27.0	28.0	29.0	30.0	31.0	32.0	33.0	34.0	35.0	36.0	37.0	38.0	39.0	40.0
Abu-APnd_055-Ex1-11C-lcwgs-1-T.clmp.r1	2.0	3.0	10.0	19.0	22.0	17.0	43.0	50.0	73.0	80.0	111.0	124.0	156.0	196.0	254.0	335.0	556.0	1123.0	3486.0
	22.0	23.0	24.0	25.0	26.0	27.0	28.0	29.0	30.0	31.0	32.0	33.0	34.0	35.0	36.0	37.0	38.0	39.0	40.0
Abu-APnd_055-Ex1-11C-lcwgs-1-T.clmp.r2	3.0	8.0	19.0	16.0	25.0	19.0	22.0	29.0	43.0	46.0	89.0	80.0	86.0	124.0	171.0	230.0	370.0	921.0	4359.0
	21.0	22.0	23.0	24.0	25.0	26.0	27.0	28.0	29.0	30.0	31.0	32.0	33.0	34.0	35.0	36.0	37.0	38.0	39.0	40.0
Abu-CPnd_001-Ex1-5F-lcwgs-1-T.clmp.r1	6.0	133.0	722.0	1827.0	2803.0	3672.0	4725.0	5597.0	6734.0	7700.0	9006.0	10362.0	12172.0	14299.0	16355.0	19635.0	24099.0	31050.0	46546.0	63895.0
	20.0	21.0	22.0	23.0	24.0	25.0	26.0	27.0	28.0	29.0	30.0	31.0	32.0	33.0	34.0	35.0	36.0	37.0	38.0	39.0	40.0
Abu-CPnd_001-Ex1-5F-lcwgs-1-T.clmp.r2	2.0	14.0	358.0	1499.0	2308.0	2845.0	3304.0	3747.0	4302.0	4938.0	5628.0	6297.0	7402.0	8440.0	9995.0	11931.0	14921.0	20011.0	29277.0	52209.0	91910.0
	21.0	22.0	23.0	24.0	25.0	26.0	27.0	28.0	29.0	30.0	31.0	32.0	33.0	34.0	35.0	36.0	37.0	38.0	39.0	40.0
Abu-CPnd_004-Ex1-7F-lcwgs-1-T.clmp.r1	6.0	102.0	468.0	1149.0	1746.0	2352.0	2904.0	3528.0	4125.0	4919.0	5671.0	6467.0	7659.0	9099.0	10471.0	12725.0	15607.0	20948.0	34287.0	58791.0
	21.0	22.0	23.0	24.0	25.0	26.0	27.0	28.0	29.0	30.0	31.0	32.0	33.0	34.0	35.0	36.0	37.0	38.0	39.0	40.0
Abu-CPnd_004-Ex1-7F-lcwgs-1-T.clmp.r2	12.0	207.0	875.0	1417.0	1757.0	2071.0	2463.0	2747.0	3051.0	3356.0	4067.0	4634.0	5368.0	6298.0	7582.0	9445.0	12793.0	19122.0	36125.0	79634.0
	21.0	22.0	23.0	24.0	25.0	26.0	27.0	28.0	29.0	30.0	31.0	32.0	33.0	34.0	35.0	36.0	37.0	38.0	39.0	40.0
Abu-CPnd_005-Ex1-7H-lcwgs-1-T.clmp.r1	9.0	96.0	470.0	1035.0	1638.0	1997.0	2497.0	2996.0	3585.0	4196.0	4823.0	5776.0	6579.0	7653.0	9192.0	11089.0	14083.0	18912.0	32014.0	58330.0
	21.0	22.0	23.0	24.0	25.0	26.0	27.0	28.0	29.0	30.0	31.0	32.0	33.0	34.0	35.0	36.0	37.0	38.0	39.0	40.0
Abu-CPnd_005-Ex1-7H-lcwgs-1-T.clmp.r2	4.0	143.0	576.0	1009.0	1226.0	1391.0	1687.0	1940.0	2255.0	2569.0	2992.0	3415.0	4240.0	5013.0	6062.0	7786.0	10621.0	16456.0	32916.0	84669.0
	21.0	22.0	23.0	24.0	25.0	26.0	27.0	28.0	29.0	30.0	31.0	32.0	33.0	34.0	35.0	36.0	37.0	38.0	39.0	40.0
Abu-CPnd_006-Ex1-5A-lcwgs-1-T.clmp.r1	76.0	1470.0	7795.0	19129.0	30536.0	39954.0	48586.0	57284.0	67447.0	78087.0	91156.0	104884.0	122119.0	142488.0	168040.0	201216.0	250156.0	337225.0	555049.0	957582.0
	19.0	20.0	21.0	22.0	23.0	24.0	25.0	26.0	27.0	28.0	29.0	30.0	31.0	32.0	33.0	34.0	35.0	36.0	37.0	38.0	39.0	40.0
Abu-CPnd_006-Ex1-5A-lcwgs-1-T.clmp.r2	1.0	10.0	190.0	3248.0	13217.0	22077.0	28469.0	34143.0	39355.0	45101.0	51493.0	58425.0	66050.0	75614.0	87242.0	101963.0	122120.0	152980.0	205012.0	306932.0	573122.0	1293515.0
	21.0	22.0	23.0	24.0	25.0	26.0	27.0	28.0	29.0	30.0	31.0	32.0	33.0	34.0	35.0	36.0	37.0	38.0	39.0	40.0
Abu-CPnd_007-Ex1-4G-lcwgs-1-T.clmp.r1	2.0	125.0	617.0	1472.0	2343.0	3010.0	4029.0	4877.0	5738.0	6700.0	7992.0	9512.0	10863.0	12963.0	14982.0	18088.0	22484.0	30325.0	48374.0	78660.0
	21.0	22.0	23.0	24.0	25.0	26.0	27.0	28.0	29.0	30.0	31.0	32.0	33.0	34.0	35.0	36.0	37.0	38.0	39.0	40.0
Abu-CPnd_007-Ex1-4G-lcwgs-1-T.clmp.r2	16.0	296.0	1216.0	1904.0	2366.0	2675.0	3105.0	3639.0	4144.0	4619.0	5313.0	6328.0	7110.0	8480.0	10410.0	13445.0	17977.0	27454.0	51316.0	111343.0
	21.0	22.0	23.0	24.0	25.0	26.0	27.0	28.0	29.0	30.0	31.0	32.0	33.0	34.0	35.0	36.0	37.0	38.0	39.0	40.0
Abu-CPnd_008-Ex1-7C-lcwgs-1-T.clmp.r1	5.0	72.0	450.0	986.0	1582.0	1966.0	2577.0	3137.0	3727.0	4329.0	4964.0	5915.0	6861.0	8175.0	9721.0	11458.0	14269.0	19375.0	32457.0	60646.0
	21.0	22.0	23.0	24.0	25.0	26.0	27.0	28.0	29.0	30.0	31.0	32.0	33.0	34.0	35.0	36.0	37.0	38.0	39.0	40.0
Abu-CPnd_008-Ex1-7C-lcwgs-1-T.clmp.r2	7.0	173.0	813.0	1261.0	1538.0	1899.0	2103.0	2342.0	2733.0	2970.0	3527.0	4062.0	4820.0	5454.0	6953.0	8626.0	11729.0	17960.0	34111.0	79591.0
	20.0	21.0	22.0	23.0	24.0	25.0	26.0	27.0	28.0	29.0	30.0	31.0	32.0	33.0	34.0	35.0	36.0	37.0	38.0	39.0	40.0
Abu-CPnd_009-Ex1-8D-lcwgs-1-T.clmp.r1	1.0	4.0	80.0	448.0	1061.0	1614.0	2132.0	2695.0	3262.0	3771.0	4496.0	5245.0	6151.0	7330.0	8511.0	10191.0	12315.0	15672.0	21785.0	37345.0	73319.0
	21.0	22.0	23.0	24.0	25.0	26.0	27.0	28.0	29.0	30.0	31.0	32.0	33.0	34.0	35.0	36.0	37.0	38.0	39.0	40.0
Abu-CPnd_009-Ex1-8D-lcwgs-1-T.clmp.r2	14.0	152.0	670.0	1079.0	1425.0	1681.0	2018.0	2256.0	2699.0	2991.0	3518.0	4044.0	4823.0	5850.0	7135.0	9086.0	12396.0	19012.0	38325.0	98254.0
	21.0	22.0	23.0	24.0	25.0	26.0	27.0	28.0	29.0	30.0	31.0	32.0	33.0	34.0	35.0	36.0	37.0	38.0	39.0	40.0
Abu-CPnd_010-Ex1-6E-lcwgs-1-T.clmp.r1	27.0	527.0	2361.0	5135.0	8015.0	10005.0	12501.0	15127.0	17341.0	20521.0	23478.0	27915.0	32233.0	37687.0	44848.0	53851.0	67116.0	91264.0	151330.0	233147.0
	20.0	21.0	22.0	23.0	24.0	25.0	26.0	27.0	28.0	29.0	30.0	31.0	32.0	33.0	34.0	35.0	36.0	37.0	38.0	39.0	40.0
Abu-CPnd_010-Ex1-6E-lcwgs-1-T.clmp.r2	2.0	59.0	822.0	3208.0	5114.0	6309.0	7396.0	8465.0	9782.0	10995.0	12631.0	14549.0	17004.0	19926.0	23682.0	29093.0	36970.0	50221.0	76587.0	150412.0	371202.0
	21.0	22.0	23.0	24.0	25.0	26.0	27.0	28.0	29.0	30.0	31.0	32.0	33.0	34.0	35.0	36.0	37.0	38.0	39.0	40.0
Abu-CPnd_011-Ex1-1G-lcwgs-1-T.clmp.r1	7.0	119.0	595.0	1349.0	2186.0	2926.0	3611.0	4316.0	5255.0	5963.0	6914.0	7895.0	9230.0	10688.0	13051.0	15590.0	19189.0	25685.0	41357.0	66642.0
	21.0	22.0	23.0	24.0	25.0	26.0	27.0	28.0	29.0	30.0	31.0	32.0	33.0	34.0	35.0	36.0	37.0	38.0	39.0	40.0
Abu-CPnd_011-Ex1-1G-lcwgs-1-T.clmp.r2	19.0	225.0	990.0	1631.0	2046.0	2408.0	2766.0	3273.0	3684.0	4069.0	4603.0	5482.0	6474.0	7256.0	9097.0	11551.0	15464.0	23337.0	43243.0	94950.0
	20.0	21.0	22.0	23.0	24.0	25.0	26.0	27.0	28.0	29.0	30.0	31.0	32.0	33.0	34.0	35.0	36.0	37.0	38.0	39.0	40.0
Abu-CPnd_012-Ex1-4H-lcwgs-1-T.clmp.r1	1.0	7.0	121.0	492.0	1157.0	1760.0	2393.0	2918.0	3470.0	4253.0	4891.0	5789.0	6888.0	7961.0	9634.0	11719.0	14717.0	19306.0	28810.0	52979.0	120403.0
	21.0	22.0	23.0	24.0	25.0	26.0	27.0	28.0	29.0	30.0	31.0	32.0	33.0	34.0	35.0	36.0	37.0	38.0	39.0	40.0
Abu-CPnd_012-Ex1-4H-lcwgs-1-T.clmp.r2	17.0	141.0	647.0	1050.0	1302.0	1609.0	1873.0	2130.0	2583.0	3030.0	3569.0	4158.0	4982.0	5875.0	7507.0	9785.0	13616.0	21527.0	46911.0	167357.0
	20.0	21.0	22.0	23.0	24.0	25.0	26.0	27.0	28.0	29.0	30.0	31.0	32.0	33.0	34.0	35.0	36.0	37.0	38.0	39.0	40.0
Abu-CPnd_013-Ex1-2D-lcwgs-1-T.clmp.r1	1.0	6.0	96.0	414.0	936.0	1439.0	1908.0	2338.0	2877.0	3363.0	3986.0	4756.0	5422.0	6371.0	7466.0	8958.0	10982.0	13582.0	18926.0	32879.0	63760.0
	21.0	22.0	23.0	24.0	25.0	26.0	27.0	28.0	29.0	30.0	31.0	32.0	33.0	34.0	35.0	36.0	37.0	38.0	39.0	40.0
Abu-CPnd_013-Ex1-2D-lcwgs-1-T.clmp.r2	7.0	138.0	616.0	1017.0	1289.0	1459.0	1722.0	1992.0	2162.0	2568.0	2890.0	3528.0	4049.0	4781.0	6031.0	7756.0	10654.0	16437.0	33020.0	88350.0
	21.0	22.0	23.0	24.0	25.0	26.0	27.0	28.0	29.0	30.0	31.0	32.0	33.0	34.0	35.0	36.0	37.0	38.0	39.0	40.0
Abu-CPnd_014-Ex1-5E-lcwgs-1-T.clmp.r1	19.0	349.0	1677.0	3731.0	5982.0	7412.0	9325.0	11242.0	12990.0	15120.0	17583.0	20009.0	23547.0	27553.0	32731.0	39564.0	50210.0	69579.0	118455.0	224050.0
	20.0	21.0	22.0	23.0	24.0	25.0	26.0	27.0	28.0	29.0	30.0	31.0	32.0	33.0	34.0	35.0	36.0	37.0	38.0	39.0	40.0
Abu-CPnd_014-Ex1-5E-lcwgs-1-T.clmp.r2	2.0	46.0	595.0	2179.0	3692.0	4609.0	5626.0	6487.0	7509.0	8681.0	9962.0	11374.0	13178.0	15095.0	18142.0	22180.0	28282.0	38309.0	58659.0	118080.0	318441.0
	20.0	21.0	22.0	23.0	24.0	25.0	26.0	27.0	28.0	29.0	30.0	31.0	32.0	33.0	34.0	35.0	36.0	37.0	38.0	39.0	40.0
Abu-CPnd_015-Ex1-1C-lcwgs-1-T.clmp.r1	1.0	3.0	80.0	393.0	947.0	1517.0	2103.0	2654.0	3294.0	3878.0	4652.0	5540.0	6457.0	7460.0	9017.0	10947.0	13423.0	17006.0	23395.0	39812.0	79755.0
	21.0	22.0	23.0	24.0	25.0	26.0	27.0	28.0	29.0	30.0	31.0	32.0	33.0	34.0	35.0	36.0	37.0	38.0	39.0	40.0
Abu-CPnd_015-Ex1-1C-lcwgs-1-T.clmp.r2	7.0	160.0	690.0	1118.0	1407.0	1608.0	1937.0	2195.0	2529.0	2879.0	3559.0	4065.0	4783.0	5711.0	6846.0	9029.0	12771.0	19772.0	39992.0	111276.0
	21.0	22.0	23.0	24.0	25.0	26.0	27.0	28.0	29.0	30.0	31.0	32.0	33.0	34.0	35.0	36.0	37.0	38.0	39.0	40.0
Abu-CPnd_020-Ex1-1H-lcwgs-1-T.clmp.r1	19.0	302.0	1450.0	3379.0	5525.0	7429.0	9528.0	11804.0	14263.0	17202.0	19931.0	23874.0	28019.0	33745.0	41124.0	51934.0	69172.0	101639.0	190912.0	455813.0
	21.0	22.0	23.0	24.0	25.0	26.0	27.0	28.0	29.0	30.0	31.0	32.0	33.0	34.0	35.0	36.0	37.0	38.0	39.0	40.0
Abu-CPnd_020-Ex1-1H-lcwgs-1-T.clmp.r2	28.0	473.0	1987.0	3370.0	4220.0	5061.0	6103.0	6948.0	8238.0	9544.0	11138.0	13426.0	16199.0	19558.0	24992.0	32963.0	47148.0	76328.0	169736.0	629604.0
	21.0	22.0	23.0	24.0	25.0	26.0	27.0	28.0	29.0	30.0	31.0	32.0	33.0	34.0	35.0	36.0	37.0	38.0	39.0	40.0
Abu-CPnd_032-Ex1-8F-lcwgs-1-T.clmp.r1	2.0	43.0	211.0	515.0	780.0	956.0	1177.0	1505.0	1805.0	2083.0	2397.0	2739.0	3245.0	3799.0	4431.0	5313.0	6675.0	8977.0	13953.0	22270.0
	21.0	22.0	23.0	24.0	25.0	26.0	27.0	28.0	29.0	30.0	31.0	32.0	33.0	34.0	35.0	36.0	37.0	38.0	39.0	40.0
Abu-CPnd_032-Ex1-8F-lcwgs-1-T.clmp.r2	2.0	70.0	337.0	510.0	682.0	765.0	917.0	1062.0	1251.0	1349.0	1610.0	1883.0	2194.0	2606.0	3055.0	3928.0	5309.0	7828.0	15330.0	32188.0
	21.0	22.0	23.0	24.0	25.0	26.0	27.0	28.0	29.0	30.0	31.0	32.0	33.0	34.0	35.0	36.0	37.0	38.0	39.0	40.0
Abu-CPnd_033-Ex1-8G-lcwgs-1-T.clmp.r1	4.0	77.0	412.0	998.0	1628.0	2066.0	2598.0	3168.0	3718.0	4332.0	5085.0	5898.0	6898.0	7958.0	9390.0	11231.0	13782.0	18269.0	28458.0	42535.0
	20.0	21.0	22.0	23.0	24.0	25.0	26.0	27.0	28.0	29.0	30.0	31.0	32.0	33.0	34.0	35.0	36.0	37.0	38.0	39.0	40.0
Abu-CPnd_033-Ex1-8G-lcwgs-1-T.clmp.r2	2.0	13.0	205.0	770.0	1352.0	1694.0	1901.0	2260.0	2594.0	2887.0	3280.0	3748.0	4233.0	5097.0	5900.0	7068.0	8758.0	11590.0	17262.0	30674.0	57217.0
	20.0	21.0	22.0	23.0	24.0	25.0	26.0	27.0	28.0	29.0	30.0	31.0	32.0	33.0	34.0	35.0	36.0	37.0	38.0	39.0	40.0
Abu-CPnd_035-Ex1-5D-lcwgs-1-T.clmp.r1	1.0	58.0	912.0	4500.0	10940.0	17124.0	23012.0	28353.0	34001.0	40399.0	47765.0	55981.0	65167.0	76211.0	90813.0	108665.0	134651.0	173908.0	247736.0	453238.0	990846.0
	20.0	21.0	22.0	23.0	24.0	25.0	26.0	27.0	28.0	29.0	30.0	31.0	32.0	33.0	34.0	35.0	36.0	37.0	38.0	39.0	40.0
Abu-CPnd_035-Ex1-5D-lcwgs-1-T.clmp.r2	1.0	86.0	1411.0	6327.0	10899.0	14422.0	17413.0	20489.0	24111.0	27787.0	31984.0	36742.0	42669.0	49759.0	59880.0	73492.0	95394.0	131410.0	206143.0	435126.0	1318736.0
	21.0	22.0	23.0	24.0	25.0	26.0	27.0	28.0	29.0	30.0	31.0	32.0	33.0	34.0	35.0	36.0	37.0	38.0	39.0	40.0
Abu-CPnd_036-Ex1-5B-lcwgs-1-T.clmp.r1	8.0	96.0	556.0	1250.0	1943.0	2497.0	3122.0	3788.0	4527.0	5279.0	6292.0	7123.0	8238.0	9705.0	11630.0	13947.0	17680.0	23932.0	41130.0	77485.0
	21.0	22.0	23.0	24.0	25.0	26.0	27.0	28.0	29.0	30.0	31.0	32.0	33.0	34.0	35.0	36.0	37.0	38.0	39.0	40.0
Abu-CPnd_036-Ex1-5B-lcwgs-1-T.clmp.r2	21.0	229.0	921.0	1464.0	1780.0	2169.0	2477.0	2889.0	3151.0	3733.0	4241.0	4821.0	5651.0	6739.0	8241.0	10364.0	13847.0	21053.0	41269.0	105168.0
	20.0	21.0	22.0	23.0	24.0	25.0	26.0	27.0	28.0	29.0	30.0	31.0	32.0	33.0	34.0	35.0	36.0	37.0	38.0	39.0	40.0
Abu-CPnd_037-Ex1-3A-lcwgs-1-T.clmp.r1	2.0	44.0	746.0	4292.0	10784.0	17149.0	23119.0	28804.0	34680.0	40988.0	48106.0	56347.0	66034.0	76768.0	90472.0	106539.0	128093.0	159445.0	213206.0	341964.0	581943.0
	20.0	21.0	22.0	23.0	24.0	25.0	26.0	27.0	28.0	29.0	30.0	31.0	32.0	33.0	34.0	35.0	36.0	37.0	38.0	39.0	40.0
Abu-CPnd_037-Ex1-3A-lcwgs-1-T.clmp.r2	6.0	95.0	1999.0	8192.0	13428.0	17084.0	20389.0	23436.0	27397.0	31134.0	35115.0	40756.0	46966.0	54269.0	64484.0	77933.0	98115.0	132454.0	197196.0	363477.0	775600.0
	21.0	22.0	23.0	24.0	25.0	26.0	27.0	28.0	29.0	30.0	31.0	32.0	33.0	34.0	35.0	36.0	37.0	38.0	39.0	40.0
Abu-CPnd_038-Ex1-7B-lcwgs-1-T.clmp.r1	8.0	199.0	1142.0	2794.0	4413.0	5808.0	7378.0	8977.0	10591.0	12376.0	14529.0	17004.0	19756.0	23374.0	27793.0	34104.0	42468.0	57686.0	97648.0	186348.0
	21.0	22.0	23.0	24.0	25.0	26.0	27.0	28.0	29.0	30.0	31.0	32.0	33.0	34.0	35.0	36.0	37.0	38.0	39.0	40.0
Abu-CPnd_038-Ex1-7B-lcwgs-1-T.clmp.r2	31.0	486.0	2041.0	3365.0	4212.0	5022.0	5756.0	6672.0	7726.0	8748.0	9935.0	11575.0	13462.0	15944.0	19610.0	24651.0	33718.0	51567.0	100316.0	249559.0
	20.0	21.0	22.0	23.0	24.0	25.0	26.0	27.0	28.0	29.0	30.0	31.0	32.0	33.0	34.0	35.0	36.0	37.0	38.0	39.0	40.0
Abu-CPnd_039-Ex1-7D-lcwgs-1-T.clmp.r1	3.0	67.0	1352.0	7495.0	18777.0	30873.0	41045.0	51154.0	61380.0	73270.0	85289.0	99049.0	116416.0	136193.0	160429.0	192148.0	234091.0	297596.0	411463.0	710370.0	1469767.0
	20.0	21.0	22.0	23.0	24.0	25.0	26.0	27.0	28.0	29.0	30.0	31.0	32.0	33.0	34.0	35.0	36.0	37.0	38.0	39.0	40.0
Abu-CPnd_039-Ex1-7D-lcwgs-1-T.clmp.r2	3.0	155.0	2605.0	11535.0	20917.0	27527.0	32814.0	38581.0	44325.0	51248.0	58833.0	67875.0	78083.0	92082.0	110292.0	135537.0	172133.0	234196.0	358487.0	723926.0	1937073.0
	21.0	22.0	23.0	24.0	25.0	26.0	27.0	28.0	29.0	30.0	31.0	32.0	33.0	34.0	35.0	36.0	37.0	38.0	39.0	40.0
Abu-CPnd_044-Ex1-4D-lcwgs-1-T.clmp.r1	7.0	72.0	418.0	911.0	1517.0	1953.0	2393.0	2770.0	3463.0	3893.0	4569.0	5322.0	5993.0	7095.0	8308.0	9943.0	12643.0	16680.0	26716.0	44288.0
	21.0	22.0	23.0	24.0	25.0	26.0	27.0	28.0	29.0	30.0	31.0	32.0	33.0	34.0	35.0	36.0	37.0	38.0	39.0	40.0
Abu-CPnd_044-Ex1-4D-lcwgs-1-T.clmp.r2	9.0	157.0	635.0	1078.0	1295.0	1565.0	1852.0	2067.0	2350.0	2664.0	3110.0	3579.0	4091.0	4846.0	5768.0	7300.0	9903.0	14750.0	27987.0	63948.0
	20.0	21.0	22.0	23.0	24.0	25.0	26.0	27.0	28.0	29.0	30.0	31.0	32.0	33.0	34.0	35.0	36.0	37.0	38.0	39.0	40.0
Abu-CPnd_046-Ex1-6H-lcwgs-1-T.clmp.r1	1.0	60.0	1253.0	6749.0	15981.0	25291.0	33286.0	41458.0	50265.0	59348.0	70100.0	81109.0	94185.0	111084.0	131402.0	157541.0	192306.0	244761.0	342106.0	592496.0	1021869.0
	20.0	21.0	22.0	23.0	24.0	25.0	26.0	27.0	28.0	29.0	30.0	31.0	32.0	33.0	34.0	35.0	36.0	37.0	38.0	39.0	40.0
Abu-CPnd_046-Ex1-6H-lcwgs-1-T.clmp.r2	4.0	117.0	2195.0	9756.0	16788.0	21589.0	25680.0	29723.0	34519.0	39888.0	45698.0	52577.0	60621.0	71693.0	85246.0	105332.0	134881.0	183725.0	281003.0	559668.0	1511948.0
	21.0	22.0	23.0	24.0	25.0	26.0	27.0	28.0	29.0	30.0	31.0	32.0	33.0	34.0	35.0	36.0	37.0	38.0	39.0	40.0
Abu-CPnd_047-Ex1-4A-lcwgs-1-T.clmp.r1	4.0	37.0	285.0	578.0	944.0	1246.0	1568.0	1847.0	2234.0	2563.0	3056.0	3443.0	4128.0	4818.0	5670.0	6967.0	8641.0	11642.0	19345.0	33967.0
	20.0	21.0	22.0	23.0	24.0	25.0	26.0	27.0	28.0	29.0	30.0	31.0	32.0	33.0	34.0	35.0	36.0	37.0	38.0	39.0	40.0
Abu-CPnd_047-Ex1-4A-lcwgs-1-T.clmp.r2	1.0	8.0	99.0	424.0	659.0	883.0	1003.0	1145.0	1243.0	1489.0	1683.0	1951.0	2202.0	2664.0	3227.0	3817.0	4840.0	6568.0	10138.0	19781.0	49158.0
	21.0	22.0	23.0	24.0	25.0	26.0	27.0	28.0	29.0	30.0	31.0	32.0	33.0	34.0	35.0	36.0	37.0	38.0	39.0	40.0
Abu-CPnd_048-Ex1-6G-lcwgs-1-T.clmp.r1	18.0	260.0	1344.0	2948.0	4639.0	6143.0	7330.0	8757.0	10395.0	12083.0	14104.0	16407.0	19217.0	22490.0	26855.0	32018.0	40255.0	54995.0	93626.0	143685.0
	21.0	22.0	23.0	24.0	25.0	26.0	27.0	28.0	29.0	30.0	31.0	32.0	33.0	34.0	35.0	36.0	37.0	38.0	39.0	40.0
Abu-CPnd_048-Ex1-6G-lcwgs-1-T.clmp.r2	25.0	512.0	2124.0	3296.0	4067.0	4852.0	5511.0	6262.0	7304.0	8280.0	9460.0	10879.0	12787.0	14979.0	18259.0	23352.0	31996.0	47843.0	90309.0	215472.0
	21.0	22.0	23.0	24.0	25.0	26.0	27.0	28.0	29.0	30.0	31.0	32.0	33.0	34.0	35.0	36.0	37.0	38.0	39.0	40.0
Abu-CPnd_049-Ex1-7E-lcwgs-1-T.clmp.r1	46.0	858.0	4477.0	10828.0	17690.0	23708.0	30319.0	37021.0	44521.0	52477.0	62228.0	72742.0	85916.0	102743.0	123825.0	153107.0	197777.0	282145.0	518813.0	1202146.0
	20.0	21.0	22.0	23.0	24.0	25.0	26.0	27.0	28.0	29.0	30.0	31.0	32.0	33.0	34.0	35.0	36.0	37.0	38.0	39.0	40.0
Abu-CPnd_049-Ex1-7E-lcwgs-1-T.clmp.r2	4.0	101.0	1473.0	6845.0	11927.0	15289.0	18470.0	21452.0	24709.0	28848.0	33412.0	39027.0	45576.0	54686.0	65854.0	82513.0	107008.0	148819.0	234208.0	502465.0	1580701.0
	21.0	22.0	23.0	24.0	25.0	26.0	27.0	28.0	29.0	30.0	31.0	32.0	33.0	34.0	35.0	36.0	37.0	38.0	39.0	40.0
Abu-CPnd_050-Ex1-3H-lcwgs-1-T.clmp.r1	15.0	166.0	845.0	2015.0	3342.0	4503.0	5850.0	7191.0	8643.0	10258.0	12216.0	14265.0	17038.0	20121.0	24398.0	30108.0	38852.0	54113.0	95834.0	205307.0
	21.0	22.0	23.0	24.0	25.0	26.0	27.0	28.0	29.0	30.0	31.0	32.0	33.0	34.0	35.0	36.0	37.0	38.0	39.0	40.0
Abu-CPnd_050-Ex1-3H-lcwgs-1-T.clmp.r2	19.0	350.0	1509.0	2382.0	3025.0	3588.0	4179.0	5014.0	5691.0	6560.0	7763.0	9003.0	10695.0	12884.0	16146.0	20786.0	29150.0	45983.0	94634.0	275719.0
	21.0	22.0	23.0	24.0	25.0	26.0	27.0	28.0	29.0	30.0	31.0	32.0	33.0	34.0	35.0	36.0	37.0	38.0	39.0	40.0
Abu-CPnd_051-Ex1-8H-lcwgs-1-T.clmp.r1	2.0	54.0	284.0	676.0	1001.0	1369.0	1695.0	2200.0	2475.0	2910.0	3470.0	4043.0	4774.0	5693.0	6723.0	8315.0	10233.0	13808.0	22674.0	39186.0
	21.0	22.0	23.0	24.0	25.0	26.0	27.0	28.0	29.0	30.0	31.0	32.0	33.0	34.0	35.0	36.0	37.0	38.0	39.0	40.0
Abu-CPnd_051-Ex1-8H-lcwgs-1-T.clmp.r2	3.0	131.0	503.0	805.0	998.0	1185.0	1282.0	1579.0	1845.0	2026.0	2400.0	2711.0	3142.0	3820.0	4692.0	5859.0	8197.0	12535.0	24004.0	53868.0
	21.0	22.0	23.0	24.0	25.0	26.0	27.0	28.0	29.0	30.0	31.0	32.0	33.0	34.0	35.0	36.0	37.0	38.0	39.0	40.0
Abu-CPnd_052-Ex1-5H-lcwgs-1-T.clmp.r1	3.0	64.0	398.0	833.0	1333.0	1722.0	2236.0	2672.0	3141.0	3873.0	4397.0	5381.0	6169.0	7180.0	8551.0	10376.0	13297.0	18160.0	31052.0	58592.0
	20.0	21.0	22.0	23.0	24.0	25.0	26.0	27.0	28.0	29.0	30.0	31.0	32.0	33.0	34.0	35.0	36.0	37.0	38.0	39.0	40.0
Abu-CPnd_052-Ex1-5H-lcwgs-1-T.clmp.r2	1.0	4.0	126.0	506.0	826.0	1132.0	1285.0	1503.0	1687.0	1942.0	2294.0	2662.0	3059.0	3699.0	4334.0	5471.0	7067.0	9884.0	15279.0	31300.0	85369.0
	21.0	22.0	23.0	24.0	25.0	26.0	27.0	28.0	29.0	30.0	31.0	32.0	33.0	34.0	35.0	36.0	37.0	38.0	39.0	40.0
Abu-CPnd_053-Ex1-5G-lcwgs-1-T.clmp.r1	7.0	79.0	390.0	884.0	1320.0	1781.0	2228.0	2594.0	3108.0	3508.0	4304.0	5001.0	5760.0	6901.0	8104.0	9874.0	12163.0	16295.0	26657.0	44447.0
	21.0	22.0	23.0	24.0	25.0	26.0	27.0	28.0	29.0	30.0	31.0	32.0	33.0	34.0	35.0	36.0	37.0	38.0	39.0	40.0
Abu-CPnd_053-Ex1-5G-lcwgs-1-T.clmp.r2	8.0	144.0	607.0	947.0	1119.0	1389.0	1572.0	1755.0	2078.0	2373.0	2731.0	3177.0	3737.0	4573.0	5518.0	7004.0	9443.0	14483.0	27893.0	64854.0
	21.0	22.0	23.0	24.0	25.0	26.0	27.0	28.0	29.0	30.0	31.0	32.0	33.0	34.0	35.0	36.0	37.0	38.0	39.0	40.0
Abu-CPnd_054-Ex1-7G-lcwgs-1-T.clmp.r1	7.0	158.0	796.0	1893.0	2984.0	3802.0	4803.0	5868.0	6899.0	7973.0	9327.0	10572.0	12436.0	14661.0	17253.0	20534.0	25606.0	34034.0	52983.0	83911.0
	20.0	21.0	22.0	23.0	24.0	25.0	26.0	27.0	28.0	29.0	30.0	31.0	32.0	33.0	34.0	35.0	36.0	37.0	38.0	39.0	40.0
Abu-CPnd_054-Ex1-7G-lcwgs-1-T.clmp.r2	2.0	11.0	295.0	1364.0	2148.0	2698.0	3259.0	3764.0	4312.0	4925.0	5587.0	6407.0	7339.0	8563.0	10139.0	12421.0	15795.0	20886.0	31225.0	57397.0	117963.0
	21.0	22.0	23.0	24.0	25.0	26.0	27.0	28.0	29.0	30.0	31.0	32.0	33.0	34.0	35.0	36.0	37.0	38.0	39.0	40.0
Abu-CPnd_055-Ex1-4C-lcwgs-1-T.clmp.r1	1.0	34.0	170.0	405.0	635.0	818.0	1011.0	1323.0	1541.0	1848.0	2143.0	2516.0	2946.0	3473.0	4239.0	5035.0	6286.0	8538.0	14048.0	26269.0
	21.0	22.0	23.0	24.0	25.0	26.0	27.0	28.0	29.0	30.0	31.0	32.0	33.0	34.0	35.0	36.0	37.0	38.0	39.0	40.0
Abu-CPnd_055-Ex1-4C-lcwgs-1-T.clmp.r2	2.0	88.0	287.0	513.0	603.0	755.0	819.0	914.0	1003.0	1244.0	1423.0	1579.0	1948.0	2326.0	2869.0	3525.0	4769.0	7446.0	14528.0	36638.0
	21.0	22.0	23.0	24.0	25.0	26.0	27.0	28.0	29.0	30.0	31.0	32.0	33.0	34.0	35.0	36.0	37.0	38.0	39.0	40.0
Abu-CPnd_056-Ex1-6D-lcwgs-1-T.clmp.r1	33.0	710.0	4021.0	9368.0	14628.0	19393.0	24347.0	29584.0	35251.0	41608.0	48371.0	55973.0	66044.0	78202.0	93329.0	113334.0	142984.0	192668.0	314535.0	488403.0
	21.0	22.0	23.0	24.0	25.0	26.0	27.0	28.0	29.0	30.0	31.0	32.0	33.0	34.0	35.0	36.0	37.0	38.0	39.0	40.0
Abu-CPnd_056-Ex1-6D-lcwgs-1-T.clmp.r2	55.0	1113.0	5096.0	8448.0	11014.0	13144.0	15387.0	17834.0	20892.0	23993.0	27755.0	32311.0	38843.0	46746.0	58002.0	75569.0	104047.0	160092.0	319375.0	793070.0
	22.0	23.0	24.0	25.0	26.0	27.0	28.0	29.0	30.0	31.0	32.0	33.0	34.0	35.0	36.0	37.0	38.0	39.0	40.0
Abu-CPnd_057-Ex1-2B-lcwgs-1-T.clmp.r1	52.0	186.0	364.0	526.0	697.0	904.0	1093.0	1269.0	1434.0	1673.0	2134.0	2381.0	2945.0	3394.0	4087.0	5319.0	7108.0	12198.0	22742.0
	21.0	22.0	23.0	24.0	25.0	26.0	27.0	28.0	29.0	30.0	31.0	32.0	33.0	34.0	35.0	36.0	37.0	38.0	39.0	40.0
Abu-CPnd_057-Ex1-2B-lcwgs-1-T.clmp.r2	4.0	44.0	250.0	409.0	490.0	553.0	664.0	836.0	915.0	1029.0	1175.0	1438.0	1546.0	1866.0	2300.0	3042.0	3978.0	6224.0	12222.0	31521.0
	22.0	23.0	24.0	25.0	26.0	27.0	28.0	29.0	30.0	31.0	32.0	33.0	34.0	35.0	36.0	37.0	38.0	39.0	40.0
Abu-CPnd_058-Ex1-3B-lcwgs-1-T.clmp.r1	33.0	164.0	364.0	559.0	745.0	937.0	1168.0	1385.0	1552.0	1862.0	2191.0	2551.0	3185.0	3675.0	4492.0	6058.0	8481.0	15178.0	33721.0
	20.0	21.0	22.0	23.0	24.0	25.0	26.0	27.0	28.0	29.0	30.0	31.0	32.0	33.0	34.0	35.0	36.0	37.0	38.0	39.0	40.0
Abu-CPnd_058-Ex1-3B-lcwgs-1-T.clmp.r2	1.0	4.0	51.0	231.0	384.0	498.0	585.0	683.0	761.0	907.0	1063.0	1168.0	1317.0	1625.0	1906.0	2428.0	3276.0	4491.0	6852.0	14568.0	45502.0
	21.0	22.0	23.0	24.0	25.0	26.0	27.0	28.0	29.0	30.0	31.0	32.0	33.0	34.0	35.0	36.0	37.0	38.0	39.0	40.0
Abu-CPnd_059-Ex1-6C-lcwgs-1-T.clmp.r1	8.0	162.0	939.0	2012.0	3194.0	4163.0	5019.0	6008.0	7232.0	8201.0	9875.0	11438.0	13212.0	15485.0	18301.0	21921.0	26744.0	34873.0	54866.0	73815.0
	21.0	22.0	23.0	24.0	25.0	26.0	27.0	28.0	29.0	30.0	31.0	32.0	33.0	34.0	35.0	36.0	37.0	38.0	39.0	40.0
Abu-CPnd_059-Ex1-6C-lcwgs-1-T.clmp.r2	23.0	414.0	1666.0	2675.0	3252.0	3730.0	4180.0	4785.0	5342.0	5926.0	6838.0	7892.0	8945.0	10589.0	12956.0	16214.0	21783.0	32328.0	57102.0	110828.0
	20.0	21.0	22.0	23.0	24.0	25.0	26.0	27.0	28.0	29.0	30.0	31.0	32.0	33.0	34.0	35.0	36.0	37.0	38.0	39.0	40.0
Abu-CPnd_060-Ex1-8C-lcwgs-1-T.clmp.r1	1.0	5.0	133.0	694.0	1754.0	2848.0	3678.0	4637.0	5513.0	6238.0	7326.0	8422.0	9802.0	11546.0	13458.0	15557.0	18461.0	22198.0	28812.0	43229.0	58832.0
	21.0	22.0	23.0	24.0	25.0	26.0	27.0	28.0	29.0	30.0	31.0	32.0	33.0	34.0	35.0	36.0	37.0	38.0	39.0	40.0
Abu-CPnd_060-Ex1-8C-lcwgs-1-T.clmp.r2	22.0	434.0	1673.0	2646.0	3352.0	3850.0	4334.0	4979.0	5498.0	6164.0	6995.0	7816.0	8927.0	10331.0	12391.0	15049.0	19507.0	28138.0	46583.0	74455.0
	21.0	22.0	23.0	24.0	25.0	26.0	27.0	28.0	29.0	30.0	31.0	32.0	33.0	34.0	35.0	36.0	37.0	38.0	39.0	40.0
Abu-CPnd_061-Ex1-4E-lcwgs-1-T.clmp.r1	8.0	133.0	644.0	1483.0	2284.0	3058.0	4034.0	4777.0	5805.0	6694.0	7693.0	8898.0	10596.0	12307.0	14922.0	17641.0	21890.0	29104.0	46951.0	79199.0
	21.0	22.0	23.0	24.0	25.0	26.0	27.0	28.0	29.0	30.0	31.0	32.0	33.0	34.0	35.0	36.0	37.0	38.0	39.0	40.0
Abu-CPnd_061-Ex1-4E-lcwgs-1-T.clmp.r2	21.0	242.0	1128.0	1874.0	2216.0	2710.0	3098.0	3509.0	3857.0	4547.0	5189.0	5972.0	6884.0	8131.0	10004.0	12778.0	17271.0	26251.0	49304.0	113135.0
	21.0	22.0	23.0	24.0	25.0	26.0	27.0	28.0	29.0	30.0	31.0	32.0	33.0	34.0	35.0	36.0	37.0	38.0	39.0	40.0
Abu-CPnd_062-Ex1-8E-lcwgs-1-T.clmp.r1	4.0	57.0	238.0	530.0	775.0	1082.0	1334.0	1676.0	1955.0	2413.0	2858.0	3236.0	3801.0	4374.0	5389.0	6482.0	8268.0	11376.0	19647.0	39733.0
	21.0	22.0	23.0	24.0	25.0	26.0	27.0	28.0	29.0	30.0	31.0	32.0	33.0	34.0	35.0	36.0	37.0	38.0	39.0	40.0
Abu-CPnd_062-Ex1-8E-lcwgs-1-T.clmp.r2	6.0	93.0	354.0	553.0	752.0	812.0	940.0	1047.0	1323.0	1479.0	1689.0	2008.0	2376.0	2810.0	3544.0	4641.0	6320.0	9637.0	20023.0	54821.0
	21.0	22.0	23.0	24.0	25.0	26.0	27.0	28.0	29.0	30.0	31.0	32.0	33.0	34.0	35.0	36.0	37.0	38.0	39.0	40.0
Abu-CPnd_063-Ex1-6F-lcwgs-1-T.clmp.r1	4.0	115.0	540.0	1147.0	1744.0	2276.0	2703.0	3338.0	3870.0	4522.0	5238.0	6004.0	7143.0	8517.0	9689.0	11711.0	14729.0	19865.0	32693.0	48598.0
	20.0	21.0	22.0	23.0	24.0	25.0	26.0	27.0	28.0	29.0	30.0	31.0	32.0	33.0	34.0	35.0	36.0	37.0	38.0	39.0	40.0
Abu-CPnd_063-Ex1-6F-lcwgs-1-T.clmp.r2	1.0	9.0	189.0	680.0	1161.0	1334.0	1621.0	1859.0	2098.0	2464.0	2752.0	3192.0	3737.0	4376.0	5325.0	6368.0	8276.0	11293.0	17037.0	32577.0	78097.0
	21.0	22.0	23.0	24.0	25.0	26.0	27.0	28.0	29.0	30.0	31.0	32.0	33.0	34.0	35.0	36.0	37.0	38.0	39.0	40.0
Abu-CPnd_064-Ex1-5C-lcwgs-1-T.clmp.r1	7.0	41.0	224.0	533.0	762.0	1012.0	1296.0	1645.0	1904.0	2322.0	2581.0	3172.0	3523.0	4159.0	5030.0	5872.0	7343.0	9545.0	14995.0	22307.0
	20.0	21.0	22.0	23.0	24.0	25.0	26.0	27.0	28.0	29.0	30.0	31.0	32.0	33.0	34.0	35.0	36.0	37.0	38.0	39.0	40.0
Abu-CPnd_064-Ex1-5C-lcwgs-1-T.clmp.r2	1.0	5.0	99.0	420.0	713.0	784.0	934.0	1020.0	1188.0	1366.0	1489.0	1676.0	2000.0	2414.0	2830.0	3515.0	4401.0	5926.0	8957.0	16461.0	32074.0
	21.0	22.0	23.0	24.0	25.0	26.0	27.0	28.0	29.0	30.0	31.0	32.0	33.0	34.0	35.0	36.0	37.0	38.0	39.0	40.0
Abu-CPnd_065-Ex1-3C-lcwgs-1-T.clmp.r1	5.0	65.0	339.0	795.0	1272.0	1705.0	2006.0	2459.0	3027.0	3578.0	4038.0	4737.0	5775.0	6729.0	8019.0	9612.0	12174.0	16299.0	27263.0	50742.0
	21.0	22.0	23.0	24.0	25.0	26.0	27.0	28.0	29.0	30.0	31.0	32.0	33.0	34.0	35.0	36.0	37.0	38.0	39.0	40.0
Abu-CPnd_065-Ex1-3C-lcwgs-1-T.clmp.r2	14.0	142.0	611.0	995.0	1260.0	1500.0	1783.0	1938.0	2244.0	2541.0	2969.0	3272.0	3897.0	4620.0	5705.0	7271.0	9704.0	14687.0	28148.0	67338.0
	21.0	22.0	23.0	24.0	25.0	26.0	27.0	28.0	29.0	30.0	31.0	32.0	33.0	34.0	35.0	36.0	37.0	38.0	39.0	40.0
Abu-CPnd_066-Ex1-3G-lcwgs-1-T.clmp.r1	10.0	72.0	360.0	836.0	1280.0	1804.0	2251.0	2761.0	3280.0	3835.0	4555.0	5338.0	6226.0	7693.0	9009.0	11234.0	14274.0	19877.0	34680.0	68940.0
	21.0	22.0	23.0	24.0	25.0	26.0	27.0	28.0	29.0	30.0	31.0	32.0	33.0	34.0	35.0	36.0	37.0	38.0	39.0	40.0
Abu-CPnd_066-Ex1-3G-lcwgs-1-T.clmp.r2	9.0	90.0	523.0	872.0	1039.0	1236.0	1459.0	1756.0	1996.0	2364.0	2783.0	3152.0	3907.0	4719.0	5890.0	7633.0	10703.0	16507.0	34208.0	97469.0
	20.0	21.0	22.0	23.0	24.0	25.0	26.0	27.0	28.0	29.0	30.0	31.0	32.0	33.0	34.0	35.0	36.0	37.0	38.0	39.0	40.0
Abu-CPnd_067-Ex1-2H-lcwgs-1-T.clmp.r1	1.0	10.0	194.0	834.0	2099.0	3193.0	4367.0	5424.0	6746.0	8303.0	9632.0	11128.0	13264.0	15675.0	18800.0	22749.0	28305.0	36947.0	52073.0	92910.0	204729.0
	21.0	22.0	23.0	24.0	25.0	26.0	27.0	28.0	29.0	30.0	31.0	32.0	33.0	34.0	35.0	36.0	37.0	38.0	39.0	40.0
Abu-CPnd_067-Ex1-2H-lcwgs-1-T.clmp.r2	18.0	282.0	1060.0	1929.0	2554.0	3009.0	3592.0	4155.0	5018.0	5550.0	6669.0	7882.0	9414.0	11267.0	14475.0	18575.0	26136.0	41366.0	88056.0	286376.0
	21.0	22.0	23.0	24.0	25.0	26.0	27.0	28.0	29.0	30.0	31.0	32.0	33.0	34.0	35.0	36.0	37.0	38.0	39.0	40.0
Abu-CPnd_068-Ex1-8B-lcwgs-1-T.clmp.r1	2.0	50.0	266.0	592.0	954.0	1289.0	1648.0	2083.0	2376.0	2772.0	3446.0	3916.0	4448.0	5378.0	6437.0	7741.0	9866.0	13367.0	22043.0	40634.0
	21.0	22.0	23.0	24.0	25.0	26.0	27.0	28.0	29.0	30.0	31.0	32.0	33.0	34.0	35.0	36.0	37.0	38.0	39.0	40.0
Abu-CPnd_068-Ex1-8B-lcwgs-1-T.clmp.r2	5.0	100.0	428.0	681.0	857.0	1044.0	1235.0	1527.0	1598.0	1924.0	2145.0	2531.0	2885.0	3498.0	4328.0	5539.0	7624.0	11694.0	22705.0	56960.0
	21.0	22.0	23.0	24.0	25.0	26.0	27.0	28.0	29.0	30.0	31.0	32.0	33.0	34.0	35.0	36.0	37.0	38.0	39.0	40.0
Abu-CPnd_069-Ex1-4F-lcwgs-1-T.clmp.r1	3.0	34.0	192.0	462.0	732.0	995.0	1162.0	1390.0	1718.0	2037.0	2147.0	2721.0	3073.0	3620.0	4266.0	5174.0	6293.0	8349.0	13104.0	20647.0
	21.0	22.0	23.0	24.0	25.0	26.0	27.0	28.0	29.0	30.0	31.0	32.0	33.0	34.0	35.0	36.0	37.0	38.0	39.0	40.0
Abu-CPnd_069-Ex1-4F-lcwgs-1-T.clmp.r2	6.0	85.0	364.0	524.0	687.0	824.0	916.0	1162.0	1260.0	1371.0	1592.0	1830.0	2088.0	2473.0	2992.0	3825.0	5072.0	7551.0	13880.0	29617.0
	21.0	22.0	23.0	24.0	25.0	26.0	27.0	28.0	29.0	30.0	31.0	32.0	33.0	34.0	35.0	36.0	37.0	38.0	39.0	40.0
Abu-CPnd_070-Ex1-7A-lcwgs-1-T.clmp.r1	20.0	268.0	1221.0	2864.0	4477.0	6176.0	7670.0	9420.0	11359.0	13549.0	15552.0	18258.0	21742.0	25665.0	30599.0	37173.0	46694.0	64101.0	106065.0	196911.0
	20.0	21.0	22.0	23.0	24.0	25.0	26.0	27.0	28.0	29.0	30.0	31.0	32.0	33.0	34.0	35.0	36.0	37.0	38.0	39.0	40.0
Abu-CPnd_070-Ex1-7A-lcwgs-1-T.clmp.r2	1.0	31.0	452.0	2079.0	3449.0	4243.0	4934.0	5784.0	6873.0	7694.0	9004.0	10170.0	11914.0	14201.0	17033.0	21024.0	26962.0	36879.0	56868.0	110536.0	269653.0
	20.0	21.0	22.0	23.0	24.0	25.0	26.0	27.0	28.0	29.0	30.0	31.0	32.0	33.0	34.0	35.0	36.0	37.0	38.0	39.0	40.0
Abu-CPnd_071-Ex1-6A-lcwgs-1-T.clmp.r1	13.0	646.0	13127.0	70066.0	172698.0	279396.0	377901.0	477121.0	582933.0	699060.0	825645.0	964598.0	1128608.0	1325460.0	1563484.0	1870111.0	2284833.0	2916214.0	4080178.0	7203332.0	12359408.0
	19.0	20.0	21.0	22.0	23.0	24.0	25.0	26.0	27.0	28.0	29.0	30.0	31.0	32.0	33.0	34.0	35.0	36.0	37.0	38.0	39.0	40.0
Abu-CPnd_071-Ex1-6A-lcwgs-1-T.clmp.r2	2.0	50.0	1455.0	27253.0	118449.0	198076.0	251152.0	300104.0	349194.0	405395.0	464741.0	536369.0	618138.0	716493.0	843038.0	1009543.0	1242072.0	1592632.0	2186305.0	3390900.0	6835683.0	18107788.0
	21.0	22.0	23.0	24.0	25.0	26.0	27.0	28.0	29.0	30.0	31.0	32.0	33.0	34.0	35.0	36.0	37.0	38.0	39.0	40.0
Abu-CPnd_072-Ex1-2G-lcwgs-1-T.clmp.r1	5.0	50.0	252.0	487.0	773.0	993.0	1345.0	1521.0	1881.0	2364.0	2706.0	2998.0	3689.0	4417.0	5282.0	6603.0	8710.0	12815.0	23168.0	52758.0
	20.0	21.0	22.0	23.0	24.0	25.0	26.0	27.0	28.0	29.0	30.0	31.0	32.0	33.0	34.0	35.0	36.0	37.0	38.0	39.0	40.0
Abu-CPnd_072-Ex1-2G-lcwgs-1-T.clmp.r2	1.0	5.0	72.0	298.0	502.0	639.0	794.0	836.0	1028.0	1105.0	1351.0	1524.0	1918.0	2185.0	2779.0	3487.0	4482.0	6214.0	9836.0	21049.0	72712.0
	21.0	22.0	23.0	24.0	25.0	26.0	27.0	28.0	29.0	30.0	31.0	32.0	33.0	34.0	35.0	36.0	37.0	38.0	39.0	40.0
Abu-CPnd_074-Ex1-6B-lcwgs-1-T.clmp.r1	14.0	161.0	761.0	1575.0	2404.0	3084.0	3742.0	4546.0	5181.0	6159.0	7201.0	8242.0	9691.0	11215.0	13066.0	15575.0	19038.0	25501.0	40982.0	58154.0
	21.0	22.0	23.0	24.0	25.0	26.0	27.0	28.0	29.0	30.0	31.0	32.0	33.0	34.0	35.0	36.0	37.0	38.0	39.0	40.0
Abu-CPnd_074-Ex1-6B-lcwgs-1-T.clmp.r2	23.0	317.0	1122.0	1812.0	2214.0	2643.0	2939.0	3310.0	3852.0	4305.0	4931.0	5638.0	6493.0	7568.0	9318.0	11417.0	15144.0	22538.0	41201.0	89507.0
	21.0	22.0	23.0	24.0	25.0	26.0	27.0	28.0	29.0	30.0	31.0	32.0	33.0	34.0	35.0	36.0	37.0	38.0	39.0	40.0
Abu-CPnd_075-Ex1-3F-lcwgs-1-T.clmp.r1	4.0	72.0	327.0	782.0	1249.0	1780.0	2174.0	2681.0	3140.0	3723.0	4583.0	5117.0	6110.0	6999.0	8330.0	10347.0	12778.0	17115.0	29000.0	53106.0
	21.0	22.0	23.0	24.0	25.0	26.0	27.0	28.0	29.0	30.0	31.0	32.0	33.0	34.0	35.0	36.0	37.0	38.0	39.0	40.0
Abu-CPnd_075-Ex1-3F-lcwgs-1-T.clmp.r2	3.0	151.0	654.0	978.0	1280.0	1469.0	1749.0	1915.0	2117.0	2553.0	3047.0	3377.0	3949.0	4784.0	5858.0	7445.0	10118.0	15453.0	29940.0	72577.0
	21.0	22.0	23.0	24.0	25.0	26.0	27.0	28.0	29.0	30.0	31.0	32.0	33.0	34.0	35.0	36.0	37.0	38.0	39.0	40.0
Abu-CPnd_076-Ex1-1B-lcwgs-1-T.clmp.r1	5.0	24.0	82.0	184.0	307.0	419.0	464.0	665.0	653.0	884.0	988.0	1175.0	1294.0	1585.0	1812.0	2262.0	2715.0	3646.0	6013.0	10943.0
	22.0	23.0	24.0	25.0	26.0	27.0	28.0	29.0	30.0	31.0	32.0	33.0	34.0	35.0	36.0	37.0	38.0	39.0	40.0
Abu-CPnd_076-Ex1-1B-lcwgs-1-T.clmp.r2	45.0	149.0	244.0	286.0	332.0	379.0	402.0	449.0	523.0	610.0	693.0	824.0	1014.0	1268.0	1529.0	2030.0	3104.0	6177.0	16062.0
	20.0	21.0	22.0	23.0	24.0	25.0	26.0	27.0	28.0	29.0	30.0	31.0	32.0	33.0	34.0	35.0	36.0	37.0	38.0	39.0	40.0
Abu-CPnd_080-Ex1-2E-lcwgs-1-T.clmp.r1	1.0	8.0	84.0	432.0	969.0	1496.0	1955.0	2433.0	2912.0	3545.0	4074.0	4701.0	5548.0	6585.0	7534.0	8829.0	10784.0	13298.0	18018.0	29661.0	52225.0
	20.0	21.0	22.0	23.0	24.0	25.0	26.0	27.0	28.0	29.0	30.0	31.0	32.0	33.0	34.0	35.0	36.0	37.0	38.0	39.0	40.0
Abu-CPnd_080-Ex1-2E-lcwgs-1-T.clmp.r2	1.0	9.0	206.0	734.0	1111.0	1435.0	1745.0	1970.0	2226.0	2512.0	2825.0	3265.0	3795.0	4439.0	5089.0	6110.0	7841.0	10573.0	15698.0	30680.0	72828.0
	21.0	22.0	23.0	24.0	25.0	26.0	27.0	28.0	29.0	30.0	31.0	32.0	33.0	34.0	35.0	36.0	37.0	38.0	39.0	40.0
Abu-CPnd_081-Ex1-4B-lcwgs-1-T.clmp.r1	5.0	177.0	858.0	2001.0	3385.0	4560.0	5505.0	6594.0	7862.0	9169.0	10664.0	12345.0	14567.0	16985.0	20074.0	25132.0	31274.0	43388.0	73615.0	141227.0
	21.0	22.0	23.0	24.0	25.0	26.0	27.0	28.0	29.0	30.0	31.0	32.0	33.0	34.0	35.0	36.0	37.0	38.0	39.0	40.0
Abu-CPnd_081-Ex1-4B-lcwgs-1-T.clmp.r2	35.0	354.0	1404.0	2389.0	3025.0	3698.0	4198.0	4875.0	5574.0	6303.0	7150.0	8294.0	9765.0	11666.0	14150.0	17684.0	24056.0	36905.0	73179.0	194683.0
	21.0	22.0	23.0	24.0	25.0	26.0	27.0	28.0	29.0	30.0	31.0	32.0	33.0	34.0	35.0	36.0	37.0	38.0	39.0	40.0
Abu-CPnd_083-Ex1-1A-lcwgs-1-T.clmp.r1	2.0	54.0	221.0	477.0	749.0	969.0	1205.0	1539.0	1736.0	2143.0	2528.0	2928.0	3417.0	3987.0	4764.0	5604.0	7310.0	9950.0	17368.0	31769.0
	21.0	22.0	23.0	24.0	25.0	26.0	27.0	28.0	29.0	30.0	31.0	32.0	33.0	34.0	35.0	36.0	37.0	38.0	39.0	40.0
Abu-CPnd_083-Ex1-1A-lcwgs-1-T.clmp.r2	7.0	74.0	305.0	516.0	610.0	715.0	821.0	940.0	1086.0	1218.0	1427.0	1713.0	2050.0	2408.0	2961.0	3960.0	5443.0	8551.0	17331.0	46584.0
	22.0	23.0	24.0	25.0	26.0	27.0	28.0	29.0	30.0	31.0	32.0	33.0	34.0	35.0	36.0	37.0	38.0	39.0	40.0
Abu-CPnd_084-Ex1-1F-lcwgs-1-T.clmp.r1	16.0	73.0	158.0	287.0	336.0	410.0	553.0	629.0	733.0	902.0	999.0	1200.0	1373.0	1635.0	1913.0	2467.0	3355.0	5400.0	9607.0
	21.0	22.0	23.0	24.0	25.0	26.0	27.0	28.0	29.0	30.0	31.0	32.0	33.0	34.0	35.0	36.0	37.0	38.0	39.0	40.0
Abu-CPnd_084-Ex1-1F-lcwgs-1-T.clmp.r2	2.0	34.0	146.0	199.0	240.0	249.0	305.0	317.0	393.0	437.0	506.0	549.0	709.0	789.0	1007.0	1359.0	1915.0	2934.0	5744.0	14212.0
	21.0	22.0	23.0	24.0	25.0	26.0	27.0	28.0	29.0	30.0	31.0	32.0	33.0	34.0	35.0	36.0	37.0	38.0	39.0	40.0
Abu-CPnd_085-Ex1-3E-lcwgs-1-T.clmp.r1	6.0	80.0	361.0	810.0	1260.0	1654.0	1990.0	2524.0	2985.0	3515.0	4051.0	4930.0	5687.0	6444.0	7901.0	9683.0	12018.0	16184.0	27308.0	51105.0
	21.0	22.0	23.0	24.0	25.0	26.0	27.0	28.0	29.0	30.0	31.0	32.0	33.0	34.0	35.0	36.0	37.0	38.0	39.0	40.0
Abu-CPnd_085-Ex1-3E-lcwgs-1-T.clmp.r2	11.0	141.0	633.0	955.0	1106.0	1314.0	1490.0	1635.0	1895.0	2092.0	2559.0	2976.0	3488.0	4137.0	5165.0	6571.0	9168.0	14144.0	28242.0	72774.0
	21.0	22.0	23.0	24.0	25.0	26.0	27.0	28.0	29.0	30.0	31.0	32.0	33.0	34.0	35.0	36.0	37.0	38.0	39.0	40.0
Abu-CPnd_086-Ex1-2A-lcwgs-1-T.clmp.r1	16.0	256.0	1327.0	3291.0	5186.0	6897.0	8729.0	10704.0	12557.0	14931.0	17631.0	20662.0	23943.0	28753.0	33735.0	41464.0	52835.0	71835.0	120475.0	231903.0
	20.0	21.0	22.0	23.0	24.0	25.0	26.0	27.0	28.0	29.0	30.0	31.0	32.0	33.0	34.0	35.0	36.0	37.0	38.0	39.0	40.0
Abu-CPnd_086-Ex1-2A-lcwgs-1-T.clmp.r2	3.0	30.0	543.0	2046.0	3542.0	4399.0	5143.0	6152.0	7075.0	8139.0	9407.0	11142.0	12984.0	15346.0	18269.0	22771.0	28774.0	39656.0	62157.0	123908.0	325644.0
	21.0	22.0	23.0	24.0	25.0	26.0	27.0	28.0	29.0	30.0	31.0	32.0	33.0	34.0	35.0	36.0	37.0	38.0	39.0	40.0
Abu-CPnd_087-Ex1-3D-lcwgs-1-T.clmp.r1	5.0	52.0	300.0	607.0	917.0	1238.0	1478.0	1850.0	2213.0	2647.0	3029.0	3669.0	4079.0	4936.0	5859.0	7244.0	9051.0	12487.0	21016.0	38115.0
	21.0	22.0	23.0	24.0	25.0	26.0	27.0	28.0	29.0	30.0	31.0	32.0	33.0	34.0	35.0	36.0	37.0	38.0	39.0	40.0
Abu-CPnd_087-Ex1-3D-lcwgs-1-T.clmp.r2	4.0	96.0	424.0	683.0	822.0	949.0	1050.0	1194.0	1424.0	1676.0	1822.0	2090.0	2561.0	3217.0	3948.0	4951.0	6882.0	10681.0	21181.0	55137.0
	21.0	22.0	23.0	24.0	25.0	26.0	27.0	28.0	29.0	30.0	31.0	32.0	33.0	34.0	35.0	36.0	37.0	38.0	39.0	40.0
Abu-CPnd_090-Ex1-8A-lcwgs-1-T.clmp.r1	1.0	40.0	267.0	638.0	926.0	1268.0	1531.0	1834.0	2317.0	2636.0	3109.0	3719.0	4235.0	5153.0	5825.0	7171.0	8542.0	11519.0	18180.0	28309.0
	21.0	22.0	23.0	24.0	25.0	26.0	27.0	28.0	29.0	30.0	31.0	32.0	33.0	34.0	35.0	36.0	37.0	38.0	39.0	40.0
Abu-CPnd_090-Ex1-8A-lcwgs-1-T.clmp.r2	7.0	149.0	513.0	831.0	976.0	1116.0	1337.0	1424.0	1753.0	1824.0	2183.0	2517.0	3010.0	3469.0	4297.0	5440.0	7323.0	10843.0	19580.0	38628.0
	21.0	22.0	23.0	24.0	25.0	26.0	27.0	28.0	29.0	30.0	31.0	32.0	33.0	34.0	35.0	36.0	37.0	38.0	39.0	40.0
Abu-CPnd_092-Ex1-2F-lcwgs-1-T.clmp.r1	1.0	22.0	73.0	196.0	236.0	323.0	418.0	519.0	621.0	713.0	847.0	1055.0	1168.0	1381.0	1574.0	1970.0	2429.0	3246.0	5630.0	10391.0
	21.0	22.0	23.0	24.0	25.0	26.0	27.0	28.0	29.0	30.0	31.0	32.0	33.0	34.0	35.0	36.0	37.0	38.0	39.0	40.0
Abu-CPnd_092-Ex1-2F-lcwgs-1-T.clmp.r2	2.0	36.0	129.0	194.0	240.0	277.0	309.0	342.0	418.0	447.0	520.0	582.0	671.0	854.0	1042.0	1390.0	1902.0	2958.0	5836.0	14664.0
	21.0	22.0	23.0	24.0	25.0	26.0	27.0	28.0	29.0	30.0	31.0	32.0	33.0	34.0	35.0	36.0	37.0	38.0	39.0	40.0
Abu-CPnd_094-Ex1-2C-lcwgs-1-T.clmp.r1	2.0	14.0	84.0	161.0	261.0	366.0	511.0	524.0	665.0	795.0	941.0	1072.0	1289.0	1521.0	1743.0	2126.0	2651.0	3627.0	6301.0	11603.0
	21.0	22.0	23.0	24.0	25.0	26.0	27.0	28.0	29.0	30.0	31.0	32.0	33.0	34.0	35.0	36.0	37.0	38.0	39.0	40.0
Abu-CPnd_094-Ex1-2C-lcwgs-1-T.clmp.r2	1.0	40.0	119.0	241.0	250.0	300.0	355.0	359.0	412.0	481.0	527.0	655.0	780.0	921.0	1158.0	1552.0	2064.0	3187.0	6514.0	16341.0
	21.0	22.0	23.0	24.0	25.0	26.0	27.0	28.0	29.0	30.0	31.0	32.0	33.0	34.0	35.0	36.0	37.0	38.0	39.0	40.0
Abu-CPnd_095-Ex1-1E-lcwgs-1-T.clmp.r1	3.0	49.0	264.0	563.0	885.0	1156.0	1489.0	1689.0	2115.0	2343.0	2820.0	3243.0	3839.0	4450.0	5127.0	6372.0	7929.0	10680.0	18216.0	33805.0
	21.0	22.0	23.0	24.0	25.0	26.0	27.0	28.0	29.0	30.0	31.0	32.0	33.0	34.0	35.0	36.0	37.0	38.0	39.0	40.0
Abu-CPnd_095-Ex1-1E-lcwgs-1-T.clmp.r2	7.0	104.0	421.0	697.0	832.0	940.0	1033.0	1201.0	1303.0	1482.0	1720.0	1920.0	2258.0	2693.0	3311.0	4212.0	5765.0	9148.0	18320.0	49670.0
	21.0	22.0	23.0	24.0	25.0	26.0	27.0	28.0	29.0	30.0	31.0	32.0	33.0	34.0	35.0	36.0	37.0	38.0	39.0	40.0
Abu-CPnd_096-Ex1-1D-lcwgs-1-T.clmp.r1	1.0	75.0	362.0	946.0	1428.0	1910.0	2285.0	2864.0	3356.0	4037.0	4708.0	5414.0	6430.0	7350.0	8964.0	10792.0	13615.0	18231.0	30451.0	55025.0
	21.0	22.0	23.0	24.0	25.0	26.0	27.0	28.0	29.0	30.0	31.0	32.0	33.0	34.0	35.0	36.0	37.0	38.0	39.0	40.0
Abu-CPnd_096-Ex1-1D-lcwgs-1-T.clmp.r2	8.0	140.0	587.0	930.0	1112.0	1438.0	1555.0	1810.0	2212.0	2463.0	2812.0	3334.0	3856.0	4701.0	5829.0	7540.0	10261.0	16006.0	31395.0	80255.0

