HK7K2DSX3_3	forward	A->A	1.54258e+06	1.54832e+06	1.56497e+06	1.54627e+06	1.54668e+06	1.54754e+06	1.55865e+06	1.54722e+06	1.56387e+06	1.55883e+06	1.56183e+06	1.56444e+06	1.56546e+06	1.5541e+06	1.56272e+06	1.55479e+06	1.55223e+06	1.55742e+06	1.55733e+06	1.55004e+06	1.5628e+06	1.55759e+06	1.55302e+06	1.55728e+06	1.55468e+06	1.54648e+06	1.55561e+06	1.54997e+06	1.54687e+06	1.55679e+06	1.5558e+06	1.55206e+06	1.55671e+06	1.55152e+06	1.54882e+06	1.55205e+06	1.5477e+06	1.54432e+06	1.55051e+06	1.54731e+06	1.54787e+06	1.55233e+06	1.5508e+06	1.54414e+06	1.54914e+06	1.54499e+06	1.54341e+06	1.54791e+06	1.54374e+06	1.54129e+06
HK7K2DSX3_3	forward	A->C	8117	13849	13870	14038	13815	14546	14304	14383	14387	14532	14337	14440	14482	14712	14507	14643	14382	14705	13488	12195	12049	11625	11661	11566	11243	11339	11402	11480	11292	11143	11394	11188	11076	11048	11183	11093	11392	10964	11137	11323	10961	11248	10994	10936	10955	10814	10896	10835	10904	10748
HK7K2DSX3_3	forward	A->G	13106	18388	18283	17978	18185	19034	18841	19070	18890	18604	18937	19194	19184	19151	19145	19094	19206	18962	18457	16569	16040	16045	16152	16141	16064	16113	15783	15843	15945	15679	15438	15471	15701	15806	15305	15677	15490	15482	15520	15297	14930	15445	15333	15116	15038	15147	15656	15304	15005	15258
HK7K2DSX3_3	forward	A->T	10457	17292	16892	16688	16563	17106	16901	16881	16942	16764	16928	17202	16903	17044	16652	16883	16999	16886	15441	14002	13416	13174	13161	12985	12863	13230	13018	12719	12710	12590	12684	12599	12681	12526	12792	12582	12501	12195	12333	12414	12239	12277	12588	12016	12052	12326	11834	12118	12070	11902
HK7K2DSX3_3	forward	C->A	8590	14725	14514	14804	14660	14899	15035	14846	14633	14614	14792	14626	14653	14796	14733	14840	14854	15113	13971	12698	11868	11958	11667	11722	11723	11867	11835	12086	11447	11688	11823	11485	11599	11800	11821	11643	11638	11588	11471	11577	11357	11595	11348	11370	11311	11213	11307	11177	11040	11123
HK7K2DSX3_3	forward	C->C	1.30223e+06	1.32364e+06	1.30816e+06	1.31767e+06	1.31204e+06	1.31466e+06	1.30887e+06	1.31238e+06	1.29604e+06	1.30027e+06	1.29065e+06	1.28967e+06	1.28667e+06	1.29714e+06	1.28936e+06	1.29676e+06	1.3004e+06	1.29609e+06	1.2936e+06	1.29632e+06	1.28606e+06	1.28647e+06	1.28596e+06	1.28204e+06	1.2821e+06	1.28708e+06	1.28232e+06	1.28806e+06	1.28888e+06	1.28097e+06	1.28173e+06	1.28243e+06	1.27951e+06	1.28242e+06	1.28456e+06	1.28053e+06	1.28612e+06	1.28804e+06	1.2819e+06	1.28576e+06	1.28513e+06	1.28073e+06	1.2824e+06	1.28064e+06	1.27413e+06	1.28081e+06	1.28234e+06	1.27875e+06	1.28357e+06	1.28257e+06
HK7K2DSX3_3	forward	C->G	7771	12592	12728	12298	12469	12648	12519	12323	12738	12754	12386	12542	12637	12583	12837	12715	13002	12616	12026	10768	10154	10171	9946	10065	9911	9693	9851	9939	9804	9925	9677	9784	9621	9658	9212	9519	9532	9632	9613	9373	9410	9284	9552	9545	9381	9322	9279	9253	9193	9438
HK7K2DSX3_3	forward	C->T	13156	18845	18405	18127	18431	19304	18993	18841	19223	19353	19202	19397	19193	19575	19062	19024	19295	19046	17824	16776	16335	16230	16038	15657	15842	15761	15763	15773	15551	15591	15612	15586	15745	15646	15639	15950	15587	15376	15387	15272	15381	15427	15198	15375	15472	15278	15173	15215	14913	14871
HK7K2DSX3_3	forward	G->A	12906	18245	18167	18156	18002	19093	18951	19123	18999	18820	18896	18826	18883	18710	19012	18729	18890	19204	18216	16745	16446	16074	16294	16055	15783	15756	15618	15722	15438	15393	15387	15607	15440	15238	15694	15103	15437	15788	15248	15408	15216	15044	14990	14865	14960	15025	14956	14915	14854	14765
HK7K2DSX3_3	forward	G->C	7338	12688	12055	12385	12306	12873	12394	12668	12560	12799	12607	12910	12937	12724	13129	12782	12736	12773	11827	10801	10352	10011	10118	10031	9933	9780	9893	9697	9821	9698	9723	9748	9806	9562	9732	9732	9513	9663	9497	9501	9521	9696	9458	9457	9422	9493	9448	9402	9280	9479
HK7K2DSX3_3	forward	G->G	1.28315e+06	1.29799e+06	1.29985e+06	1.29527e+06	1.31009e+06	1.29918e+06	1.29024e+06	1.2916e+06	1.28239e+06	1.27608e+06	1.28257e+06	1.27583e+06	1.27965e+06	1.28558e+06	1.28366e+06	1.28535e+06	1.2916e+06	1.28315e+06	1.28175e+06	1.28592e+06	1.2763e+06	1.27549e+06	1.28662e+06	1.27803e+06	1.27999e+06	1.28676e+06	1.27955e+06	1.27898e+06	1.28477e+06	1.27668e+06	1.27813e+06	1.28418e+06	1.2759e+06	1.27711e+06	1.2842e+06	1.2819e+06	1.28095e+06	1.28424e+06	1.27939e+06	1.2776e+06	1.28244e+06	1.27584e+06	1.27712e+06	1.28231e+06	1.27905e+06	1.27745e+06	1.28184e+06	1.27619e+06	1.27472e+06	1.28076e+06
HK7K2DSX3_3	forward	G->T	8574	14833	14379	14467	14375	14979	14446	14721	14509	14331	14706	14727	14658	14791	14822	14605	14506	14865	13507	12466	11776	11839	11612	11657	11494	11699	11638	11275	11331	11329	11072	11350	11451	11262	11227	11042	11089	11150	11299	11216	11096	11132	10985	10895	11006	11361	10844	10958	11007	10779
HK7K2DSX3_3	forward	T->A	10153	16935	17242	17123	16839	17773	17372	17142	17260	17219	17476	17488	17034	17444	17391	17598	17341	17592	16230	14412	14048	13851	13536	13546	13643	13154	13359	13646	12944	13276	13171	12968	13010	13061	13038	12937	13120	12998	13016	12863	12952	12864	12704	12668	12757	12899	12649	12750	12742	12604
HK7K2DSX3_3	forward	T->C	12954	18184	18004	18261	18170	19016	19044	19106	18678	19379	19282	19152	19004	19380	19307	19488	18980	19215	18192	16685	16475	16435	15668	15915	16103	15843	15775	15673	15843	15672	15564	15668	15339	15646	15593	15547	15293	15261	15673	15237	15703	15161	15118	15381	15716	15207	15420	15076	15230	15320
HK7K2DSX3_3	forward	T->G	8651	14046	14307	13909	14132	14821	14598	14633	14629	15038	14555	14428	14751	14559	14588	14656	14686	14913	13924	12419	12256	11963	11842	11756	11809	11580	11780	11761	11214	11441	11279	11279	11147	11234	10825	11170	11072	11333	11042	11367	11187	11158	11331	11268	11395	11105	10890	11123	11087	11149
HK7K2DSX3_3	forward	T->T	1.53928e+06	1.53245e+06	1.53128e+06	1.54472e+06	1.53504e+06	1.53383e+06	1.53986e+06	1.54578e+06	1.55449e+06	1.56035e+06	1.5602e+06	1.56396e+06	1.56238e+06	1.55582e+06	1.5568e+06	1.55539e+06	1.54795e+06	1.55408e+06	1.55268e+06	1.54576e+06	1.55063e+06	1.55431e+06	1.5472e+06	1.55417e+06	1.55388e+06	1.54991e+06	1.55166e+06	1.55131e+06	1.54907e+06	1.55403e+06	1.55265e+06	1.5488e+06	1.55464e+06	1.55436e+06	1.54682e+06	1.54861e+06	1.54714e+06	1.54406e+06	1.54791e+06	1.54787e+06	1.54268e+06	1.54736e+06	1.54554e+06	1.54805e+06	1.55087e+06	1.54862e+06	1.54361e+06	1.54712e+06	1.5471e+06	1.5425e+06
HK7K2DSX3_3	reverse	A->A	14678	23134	28847	33814	39044	43213	48766	54131	59959	65790	71182	76994	81618	87286	92175	98231	103300	109424	113950	116788	122208	127664	131692	138303	143295	148439	154594	160824	166449	172164	177289	182943	189218	194634	199829	205725	211249	215819	222900	228928	233661	240693	246842	253603	258530	264366	269985	275891	282314	286774
HK7K2DSX3_3	reverse	A->C	2406	4287	4620	4295	4429	4464	4636	4560	4757	4926	4658	4858	4989	4805	4840	4885	4963	5043	4222	2794	2461	2282	2086	2037	2193	2190	2198	2157	2184	2231	2222	2257	2275	2307	2306	2411	2321	2501	2344	2429	2416	2497	2525	2515	2757	2580	2588	2634	2648	2638
HK7K2DSX3_3	reverse	A->G	2660	4265	4221	4499	4578	4749	4826	4908	4886	4977	5035	5142	5094	5231	5292	5505	5208	5345	4476	3158	2930	2711	2717	2586	2620	2565	2607	2716	2783	2753	2954	2814	2917	2975	3010	2989	2965	3047	3487	3155	3315	3272	3320	3361	3699	3381	3583	3458	3673	3642
HK7K2DSX3_3	reverse	A->T	2931	5300	5378	5521	5411	5589	5609	5671	5524	5603	5781	5657	5651	5669	5795	5948	5892	6226	4828	3217	2734	2567	2399	2415	2369	2394	2319	2475	2405	2377	2485	2480	2416	2462	2551	2476	2681	2644	2669	2625	2709	2801	2722	2722	2697	2875	2789	2948	2922	2931
HK7K2DSX3_3	reverse	C->A	2460	4328	4401	4478	4504	4595	4422	4597	4737	4564	4688	4610	4826	4855	4942	4916	5072	5047	3919	2749	2329	2412	2163	2149	2066	2106	2167	2164	2157	2194	2199	2225	2354	2235	2430	2313	2381	2368	2449	2392	2381	2609	2433	2627	2521	2654	2691	2616	2815	2700
HK7K2DSX3_3	reverse	C->C	13346	20090	24597	28781	33868	37866	42340	46995	51067	55673	60458	64654	69417	73921	78800	83256	87959	92750	96057	99927	103114	108244	113124	117273	122217	127660	131423	135675	141865	145993	149794	155499	159260	164903	169447	175041	180151	184929	188807	193578	198507	202752	207737	213662	218983	223286	227926	233102	236732	242990
HK7K2DSX3_3	reverse	C->G	2399	3908	3835	4071	3978	4171	4132	4141	4152	4194	4281	4262	4356	4281	4469	4480	4448	4444	3434	2516	2220	2078	1990	2011	1958	1970	1942	2002	2008	2069	2035	2059	2048	2053	2023	2161	2099	2101	2315	2159	2263	2249	2266	2378	2430	2451	2515	2393	2448	2560
HK7K2DSX3_3	reverse	C->T	2444	4396	4413	4421	4714	4817	4799	4994	4756	4774	4783	4998	5001	5087	5113	5105	5194	5485	4468	3110	2700	2539	2577	2765	2615	2577	2563	2624	2539	2682	2779	2708	2744	2786	2912	2916	3024	3203	3036	3087	3145	3245	3357	3233	3305	3374	3330	3501	3595	3532
HK7K2DSX3_3	reverse	G->A	2576	4520	4471	4408	4712	4763	4703	4751	4949	4885	5121	5164	5158	5200	5110	5084	5254	5298	4394	3238	2827	2677	2537	2615	2464	2627	2669	2710	2696	2768	2763	2877	2879	2941	2929	3286	3004	3067	3133	3067	3109	3150	3163	3144	3307	3400	3319	3655	3432	3472
HK7K2DSX3_3	reverse	G->C	2251	3834	3976	3880	3954	3963	4119	4168	4241	4357	4156	4269	4372	4340	4529	4350	4510	4522	3766	2511	2205	2105	2003	2003	2072	2046	2051	1983	2000	2085	2044	2080	2234	2126	2063	2303	2257	2269	2227	2326	2217	2256	2336	2378	2439	2304	2431	2459	2401	2859
HK7K2DSX3_3	reverse	G->G	12998	19929	24092	29348	33181	38317	42568	47040	51766	55997	60511	65046	69468	75047	79744	84291	89086	93509	97033	100659	104722	108590	114295	117954	122701	128284	132036	138152	142536	145722	151424	155904	160505	165511	171027	174478	180590	185003	190145	194932	200915	204239	209696	214563	218000	224395	229507	233656	240208	243999
HK7K2DSX3_3	reverse	G->T	2252	4270	4324	4493	4486	4491	4694	4757	4555	4589	4707	4682	4661	4755	4767	4898	4790	5023	3903	2760	2308	2212	2168	2134	2110	2149	2173	2236	2109	2197	2147	2313	2300	2245	2521	2346	2440	2834	2371	2446	2473	2573	2565	2446	2579	2571	2704	2556	2556	2631
HK7K2DSX3_3	reverse	T->A	3103	5428	5493	5527	5540	5432	5585	5590	5745	5619	5732	5868	5839	6002	5810	5923	5999	5909	4647	3161	2700	2643	2544	2290	2339	2434	2422	2360	2446	2508	2455	2540	2642	2584	2586	2604	2603	2636	2727	2814	2820	2734	2805	2786	2836	2934	2885	2924	3095	3191
HK7K2DSX3_3	reverse	T->C	2509	4268	4458	4569	4598	4817	4841	4882	4982	4929	4946	5139	5244	5177	5280	5213	5055	5316	4491	3110	2792	2699	2779	2637	2756	2699	2648	2659	2660	2663	2760	2846	2846	3008	2949	3215	2972	3068	3063	3133	3094	3245	3352	3235	3309	3452	3738	3492	3490	3709
HK7K2DSX3_3	reverse	T->G	2604	4167	4410	4362	4365	4724	4756	4714	4620	4868	4718	4853	4799	4796	4886	4934	5004	5000	3995	2662	2473	2241	2304	2101	2067	2165	2161	2187	2194	2312	2316	2175	2407	2391	2296	2244	2409	2376	2358	2554	2491	2518	2529	2465	2485	2559	2571	2639	2732	2652
HK7K2DSX3_3	reverse	T->T	14205	22886	28110	33073	38197	43743	49110	54043	59523	65344	70752	75850	82076	87134	92752	98282	104393	108819	113481	116616	122028	127038	132617	138534	144298	148695	155570	159457	164572	171726	178098	182922	188974	194310	199984	205604	210566	217208	222719	228784	234587	241178	246253	250884	257836	262952	268476	275076	279673	286064
