HK7K2DSX3_3	forward	A->A	1.4238e+06	1.43002e+06	1.44858e+06	1.42677e+06	1.42573e+06	1.42574e+06	1.43679e+06	1.42624e+06	1.44462e+06	1.4363e+06	1.43851e+06	1.43774e+06	1.44042e+06	1.42936e+06	1.43563e+06	1.42882e+06	1.42631e+06	1.43375e+06	1.43088e+06	1.42356e+06	1.43276e+06	1.42693e+06	1.42358e+06	1.42411e+06	1.42327e+06	1.41536e+06	1.42369e+06	1.41972e+06	1.41812e+06	1.4253e+06	1.4216e+06	1.42107e+06	1.42495e+06	1.41907e+06	1.41794e+06	1.42034e+06	1.42102e+06	1.41318e+06	1.41962e+06	1.41953e+06	1.4169e+06	1.42175e+06	1.41859e+06	1.41272e+06	1.42028e+06	1.41512e+06	1.41119e+06	1.41642e+06	1.41204e+06	1.40911e+06
HK7K2DSX3_3	forward	A->C	11099	19732	19319	20116	19879	20845	20211	20547	20400	20219	20272	20137	20784	20146	20345	20630	20307	20319	18310	15449	14993	13942	14354	13905	13742	13705	13385	13517	13490	13458	13691	13412	13209	13309	13026	13273	13440	12828	13250	12549	13013	12740	12541	12657	12565	12661	12516	12622	12467	12414
HK7K2DSX3_3	forward	A->G	16313	23869	24493	23708	23529	24725	24770	24632	24746	24831	25282	25242	25128	25546	24823	24850	25120	25256	23090	19878	19021	18547	18721	18478	18220	18474	18067	18041	17968	17966	17738	17880	17873	17615	17320	17965	17402	17690	17165	17336	17064	17116	17182	17056	17033	17231	17351	16908	16665	16767
HK7K2DSX3_3	forward	A->T	13412	23751	23429	23023	22972	23440	23338	23186	23129	23019	23351	23218	23329	23379	22987	22963	22980	22975	20223	16944	16292	15862	15194	15109	14917	15114	14948	14963	14953	14783	14702	14641	14681	14431	14447	14368	14353	14149	14276	14131	13945	13909	13926	13832	13876	13812	13800	13568	13699	13777
HK7K2DSX3_3	forward	C->A	11635	21033	20657	20930	20725	21429	21171	20921	21066	21182	20866	21202	21036	21177	21107	21053	21308	21586	19450	16450	15498	15370	14919	14699	15237	14702	14997	14532	14384	14642	14623	14249	14539	14151	15094	14277	14334	14298	14347	13922	13837	14204	13789	13633	13841	13724	13748	13696	13599	13309
HK7K2DSX3_3	forward	C->C	1.21517e+06	1.23995e+06	1.22472e+06	1.23782e+06	1.23617e+06	1.2361e+06	1.23372e+06	1.23734e+06	1.21926e+06	1.22343e+06	1.21418e+06	1.21436e+06	1.2121e+06	1.22151e+06	1.21615e+06	1.22351e+06	1.22505e+06	1.21764e+06	1.21786e+06	1.21499e+06	1.2067e+06	1.20973e+06	1.20781e+06	1.20347e+06	1.2034e+06	1.20986e+06	1.20233e+06	1.20846e+06	1.20688e+06	1.20066e+06	1.20222e+06	1.20129e+06	1.19686e+06	1.20162e+06	1.2042e+06	1.20121e+06	1.20436e+06	1.20532e+06	1.19993e+06	1.20183e+06	1.20456e+06	1.19842e+06	1.19964e+06	1.2011e+06	1.19483e+06	1.19951e+06	1.19924e+06	1.19576e+06	1.20108e+06	1.19928e+06
HK7K2DSX3_3	forward	C->G	11446	18350	18889	18545	18956	18584	18613	18712	19005	18779	18162	18881	18417	18829	19174	18938	18905	18797	17240	14166	13298	13069	13240	12914	12731	12657	12663	12484	12211	12116	11921	12077	12417	12440	11894	11941	12118	12202	11974	11620	11349	11531	11495	11729	11553	11384	11463	11706	11816	11543
HK7K2DSX3_3	forward	C->T	15301	24590	23995	23692	23548	24409	24424	24791	24549	24713	24843	24730	24874	24801	24357	24696	24589	24748	22343	20159	19054	18875	18197	17928	17830	17741	17774	18081	17509	17426	17413	17187	17459	17347	17265	17281	17164	17167	17026	16935	16989	17047	16744	16906	16853	16983	16708	17017	16868	16343
HK7K2DSX3_3	forward	G->A	14953	23924	23585	23670	24166	24655	24295	24201	24272	23865	24217	24743	24142	23991	24152	24208	24336	24803	21993	19987	18627	18398	18086	18405	17939	17943	17832	17940	17302	17209	17664	17653	17198	17280	17775	17207	17117	17440	17213	17299	16815	16815	17075	17056	16618	16734	16813	16616	16396	16401
HK7K2DSX3_3	forward	G->C	10140	18854	18076	18344	18304	19213	18476	18811	18711	18786	18815	18745	18839	19206	19350	19323	19217	18442	16410	14760	13485	13305	13152	13007	12752	12543	12775	12274	12189	12124	12446	12291	11831	12079	11932	12307	11647	12026	11749	11835	12025	11954	11827	11841	11594	11626	11669	11594	11512	11918
HK7K2DSX3_3	forward	G->G	1.19164e+06	1.21343e+06	1.21576e+06	1.21282e+06	1.22749e+06	1.21607e+06	1.20892e+06	1.20979e+06	1.20151e+06	1.19662e+06	1.20558e+06	1.19798e+06	1.20048e+06	1.20869e+06	1.20483e+06	1.20619e+06	1.21338e+06	1.2078e+06	1.20221e+06	1.20156e+06	1.19282e+06	1.19491e+06	1.20306e+06	1.19967e+06	1.19924e+06	1.20631e+06	1.19788e+06	1.19729e+06	1.20158e+06	1.19736e+06	1.19685e+06	1.20147e+06	1.1946e+06	1.19629e+06	1.20209e+06	1.19649e+06	1.19345e+06	1.20446e+06	1.19429e+06	1.19519e+06	1.19738e+06	1.19201e+06	1.19245e+06	1.19859e+06	1.19342e+06	1.19344e+06	1.1972e+06	1.19151e+06	1.1912e+06	1.19704e+06
HK7K2DSX3_3	forward	G->T	11980	21231	20651	20507	20270	20935	20776	20832	20560	20711	21284	20777	20905	21323	20897	20659	20682	20573	18896	16114	15459	14752	14646	14507	14316	14401	14196	14099	14003	14152	13871	14120	14122	13583	13858	13893	13718	13733	13907	13626	13517	13575	13680	13253	13288	13410	13047	13371	13313	13129
HK7K2DSX3_3	forward	T->A	12969	23161	23075	23319	22918	23703	23293	23797	23658	23555	23525	23503	23316	23912	23487	23720	23375	23814	21118	17860	16485	16086	15892	15935	15961	15632	15711	15554	15181	15144	15058	15014	14881	14954	14923	14922	14771	14991	14675	14761	14818	14736	14657	14302	14420	14373	14222	14207	14372	14072
HK7K2DSX3_3	forward	T->C	15800	24296	23841	23746	24015	25164	25021	24998	25149	24929	25289	25267	25347	24938	25312	25398	25224	25044	22616	19889	18988	18481	18323	18698	18160	18224	18065	18093	18051	17961	17775	17746	17552	17847	17415	17297	17280	17377	17609	17175	17197	17167	16939	16908	16978	17086	17194	16866	16582	17031
HK7K2DSX3_3	forward	T->G	11460	20094	20144	19596	20172	20920	20270	20642	20365	20759	20422	20519	20387	20422	20683	20630	20427	20400	19003	15904	14762	14755	13942	14153	14045	13747	13767	13776	13353	13609	13244	13503	13386	13106	12892	13479	12926	13228	13243	13057	13185	13201	13485	13258	13201	13249	12606	12671	12563	13009
HK7K2DSX3_3	forward	T->T	1.41293e+06	1.41349e+06	1.41077e+06	1.4227e+06	1.41019e+06	1.41269e+06	1.41409e+06	1.41846e+06	1.42645e+06	1.43541e+06	1.43209e+06	1.43923e+06	1.43631e+06	1.42838e+06	1.43183e+06	1.4292e+06	1.42315e+06	1.42808e+06	1.42518e+06	1.42003e+06	1.4236e+06	1.42196e+06	1.41708e+06	1.42158e+06	1.42183e+06	1.41523e+06	1.42176e+06	1.41938e+06	1.41938e+06	1.42142e+06	1.4232e+06	1.419e+06	1.42576e+06	1.42425e+06	1.41533e+06	1.41908e+06	1.41831e+06	1.41122e+06	1.41924e+06	1.41657e+06	1.41279e+06	1.41718e+06	1.41726e+06	1.41452e+06	1.41715e+06	1.41518e+06	1.41453e+06	1.41667e+06	1.41474e+06	1.41129e+06
HK7K2DSX3_3	reverse	A->A	29426	47762	58673	69853	80711	90402	101730	112821	124804	136653	146253	158912	169451	178095	188306	199691	208374	220274	227669	234283	242840	252500	260107	270627	280884	288781	299878	309346	319605	328445	338626	346788	357925	366726	374789	383585	392976	400254	411210	419578	427987	436756	446158	453599	462659	471966	479558	488128	496946	503594
HK7K2DSX3_3	reverse	A->C	5689	9528	9847	9514	10011	10285	10244	10452	10467	10801	10549	10764	10570	10712	10976	10901	11051	11141	9485	6408	5667	5474	5116	5305	5147	5067	5164	5150	5195	5290	5002	5224	5217	5265	5081	5444	5329	5551	5380	5572	5452	5611	5705	5615	5837	5864	5566	5745	5757	5801
HK7K2DSX3_3	reverse	A->G	5947	9621	9795	10013	10243	10670	11013	10895	11198	11037	11467	11449	11686	11515	11774	11975	11969	11933	9623	7051	6521	6016	6028	6067	5988	5932	6201	6354	6129	6282	6382	6427	6525	6694	6566	6462	6545	6672	7185	6902	7077	7115	6944	6900	7466	7353	7317	7278	7284	7559
HK7K2DSX3_3	reverse	A->T	6632	11346	11389	11738	11664	11950	11963	12235	12056	12245	12390	12326	12394	12583	12641	12868	12826	12964	10498	7247	6272	5780	5678	5650	5669	5708	5586	5684	5457	5680	5777	5661	5446	5662	5732	5835	5816	5940	5794	5824	6033	6099	6146	5940	6015	6086	6221	6185	6454	6125
HK7K2DSX3_3	reverse	C->A	5584	9677	9944	9675	9784	9776	10087	10087	10269	10345	10461	10471	10671	10736	10827	10775	10755	10942	8921	6414	5813	5397	5430	5136	5014	5155	5151	5319	5302	5357	5330	5364	5476	5486	5567	5598	5681	5627	5736	5637	5675	5793	5904	5804	5909	5996	5985	6057	6269	6210
HK7K2DSX3_3	reverse	C->C	27002	41159	51977	60343	71575	79417	89257	98563	107448	116885	126006	134292	144357	153518	162254	171070	181512	188882	195610	200941	207574	214549	224533	232773	240711	251376	259006	265300	274801	281260	289494	298398	304879	312816	320863	328595	335809	346227	350410	358534	365338	371761	378045	389605	394566	401336	409803	415723	422481	431417
HK7K2DSX3_3	reverse	C->G	5325	9136	8686	9109	8935	9583	9472	9665	9578	9721	9796	9779	9869	10113	10389	10517	10274	10027	8382	6122	5425	5078	5069	4969	4783	4694	4862	4672	4683	4839	4962	4982	4913	4890	4892	5015	4925	4988	5120	5055	5220	5128	5235	5190	5366	5317	5454	5311	5525	5726
HK7K2DSX3_3	reverse	C->T	5301	9338	9531	9805	10025	10386	10291	10364	10430	10459	10631	11069	10815	10985	11151	11167	11566	11769	9437	7066	6154	6123	5847	6107	6099	5891	5895	6225	5857	5857	6216	6280	6107	6069	6610	6315	6524	6870	6617	6733	6836	6816	6879	6997	6933	6935	7200	7100	7227	7189
HK7K2DSX3_3	reverse	G->A	5547	9902	9745	9796	9876	10358	10317	10736	10586	10785	10984	11148	11396	11400	11222	11481	11369	11596	9721	7491	6507	6119	5860	5836	5774	5919	5956	6091	6245	6254	6050	6210	6471	6397	6494	6732	6506	6536	6677	6641	6713	6851	6916	7046	7114	7355	7179	7447	7275	7345
HK7K2DSX3_3	reverse	G->C	5793	8376	9262	9322	9440	9303	9473	9692	9699	9692	9674	9906	9956	9994	10077	10127	10165	10390	8591	6071	5360	4930	5013	4829	4809	4826	4736	4785	4785	4852	4832	4752	5123	5080	5019	5185	5048	5216	5177	5163	5054	5257	5254	5388	5319	5212	5471	5547	5412	5830
HK7K2DSX3_3	reverse	G->G	26545	41404	50767	61643	70404	81591	89935	100517	108968	117842	127673	136036	145275	156074	164416	173142	183171	190607	197905	203180	210098	218536	226882	234409	241897	251450	257642	268169	275483	283061	291504	298590	305363	315492	323714	330881	338672	345917	353171	361635	369698	376016	384376	391109	396927	405407	412620	419078	427496	434639
HK7K2DSX3_3	reverse	G->T	5100	9363	9403	9746	9877	10040	9898	9977	10090	10279	10317	10201	10389	10444	10411	10702	10895	11118	9115	6345	5397	5398	5085	5062	5310	5225	5221	5272	5152	5264	5238	5506	5375	5259	5954	5500	5706	6013	5698	5646	5564	5724	5777	5665	5857	5681	5703	5919	6036	5977
HK7K2DSX3_3	reverse	T->A	6735	11708	11621	11960	11865	11930	12202	12247	12213	12424	12584	12502	12622	12704	12481	12744	13012	12953	10201	7277	6381	6133	5648	5675	5554	5606	5618	5575	5716	5678	5774	5760	6011	5894	6104	5917	5942	6104	5951	5874	6139	5987	6373	6219	6298	6432	6380	6383	6468	6548
HK7K2DSX3_3	reverse	T->C	5904	9452	10100	10154	10387	10311	10656	10757	11207	11145	11219	11440	11562	11617	11695	11453	11737	12082	9977	7350	6471	6080	6199	6151	6116	6169	6037	6098	6142	6260	6316	6404	6412	6487	6257	6890	6654	6768	6654	6798	6804	6781	6930	7068	6980	7156	7564	7173	7303	7688
HK7K2DSX3_3	reverse	T->G	5883	9435	9597	9904	10066	10576	10164	10444	10573	10463	10662	10690	10783	10784	11063	10761	10945	11155	9074	6358	5844	5307	5391	5163	4960	5240	4920	5030	5228	5276	5337	5234	5404	5291	5205	5359	5400	5276	5445	5420	5482	5480	5399	5542	5573	5624	5503	5682	5879	5724
HK7K2DSX3_3	reverse	T->T	28185	46727	58769	70154	80781	91475	103690	113035	124799	135267	146504	157124	167059	177838	189662	200150	208943	219818	227135	232156	242383	252801	261798	270773	281534	289301	300223	308324	317368	328753	336744	347168	356906	364273	373455	383257	392983	399639	410681	419095	427660	438038	445317	452261	463080	470470	477901	488509	494220	501432
