	23.0	24.0	25.0	26.0	27.0	28.0	29.0	30.0	31.0	32.0	33.0	34.0	35.0	36.0	37.0
Sfa-ABas_001_Ex1_L3_clmp.fp2_repr.R1	1.0	37.0	496.0	3185.0	12564.0	35741.0	75611.0	121149.0	164448.0	208080.0	273819.0	406773.0	927024.0	11374132.0	5211595.0
	22.0	23.0	24.0	25.0	26.0	27.0	28.0	29.0	30.0	31.0	32.0	33.0	34.0	35.0	36.0	37.0
Sfa-ABas_001_Ex1_L3_clmp.fp2_repr.R2	2.0	24.0	268.0	1580.0	4813.0	11360.0	23630.0	44642.0	73167.0	112678.0	165593.0	258393.0	462729.0	1532833.0	12949639.0	3173304.0
	23.0	24.0	25.0	26.0	27.0	28.0	29.0	30.0	31.0	32.0	33.0	34.0	35.0	36.0	37.0
Sfa-ABas_002_Ex1_L3_clmp.fp2_repr.R1	5.0	47.0	545.0	3215.0	13150.0	36226.0	76494.0	121271.0	165887.0	211952.0	286222.0	429483.0	986649.0	11996290.0	4728181.0
	22.0	23.0	24.0	25.0	26.0	27.0	28.0	29.0	30.0	31.0	32.0	33.0	34.0	35.0	36.0	37.0
Sfa-ABas_002_Ex1_L3_clmp.fp2_repr.R2	1.0	35.0	318.0	1869.0	5970.0	13261.0	26633.0	48969.0	78429.0	120513.0	179483.0	278926.0	506722.0	1653960.0	13187427.0	2953101.0
	23.0	24.0	25.0	26.0	27.0	28.0	29.0	30.0	31.0	32.0	33.0	34.0	35.0	36.0	37.0
Sfa-ABas_003_Ex1_L3_clmp.fp2_repr.R1	2.0	42.0	506.0	3061.0	12156.0	34394.0	73838.0	118005.0	162406.0	206273.0	275413.0	416711.0	978739.0	11534784.0	4559118.0
	23.0	24.0	25.0	26.0	27.0	28.0	29.0	30.0	31.0	32.0	33.0	34.0	35.0	36.0	37.0
Sfa-ABas_003_Ex1_L3_clmp.fp2_repr.R2	27.0	260.0	1558.0	4785.0	11077.0	22557.0	41904.0	69396.0	108598.0	162762.0	254863.0	463589.0	1554732.0	12699511.0	2979829.0
	24.0	25.0	26.0	27.0	28.0	29.0	30.0	31.0	32.0	33.0	34.0	35.0	36.0	37.0
Sfa-ABas_004_Ex1_L3_clmp.fp2_repr.R1	42.0	432.0	2744.0	11032.0	31682.0	68631.0	111573.0	154883.0	198052.0	268626.0	409539.0	981476.0	11101831.0	4229462.0
	22.0	23.0	24.0	25.0	26.0	27.0	28.0	29.0	30.0	31.0	32.0	33.0	34.0	35.0	36.0	37.0
Sfa-ABas_004_Ex1_L3_clmp.fp2_repr.R2	1.0	35.0	265.0	1587.0	5204.0	12005.0	25027.0	46607.0	76413.0	119155.0	178345.0	284326.0	536263.0	1815126.0	11918988.0	2550658.0
	23.0	24.0	25.0	26.0	27.0	28.0	29.0	30.0	31.0	32.0	33.0	34.0	35.0	36.0	37.0
Sfa-ABas_005_Ex1_L3_clmp.fp2_repr.R1	3.0	56.0	496.0	3196.0	12869.0	36212.0	77659.0	125248.0	173571.0	221023.0	297836.0	452144.0	1076954.0	12490687.0	5177728.0
	22.0	23.0	24.0	25.0	26.0	27.0	28.0	29.0	30.0	31.0	32.0	33.0	34.0	35.0	36.0	37.0
Sfa-ABas_005_Ex1_L3_clmp.fp2_repr.R2	1.0	31.0	293.0	1736.0	5480.0	13272.0	26699.0	50557.0	81376.0	125066.0	186367.0	294939.0	543858.0	1850036.0	13506473.0	3459498.0
	23.0	24.0	25.0	26.0	27.0	28.0	29.0	30.0	31.0	32.0	33.0	34.0	35.0	36.0	37.0
Sfa-ABas_006_Ex1_L3_clmp.fp2_repr.R1	2.0	37.0	396.0	2390.0	9951.0	27886.0	60188.0	96649.0	134966.0	171381.0	232240.0	351738.0	836818.0	9911008.0	4023872.0
	22.0	23.0	24.0	25.0	26.0	27.0	28.0	29.0	30.0	31.0	32.0	33.0	34.0	35.0	36.0	37.0
Sfa-ABas_006_Ex1_L3_clmp.fp2_repr.R2	1.0	24.0	196.0	1222.0	4231.0	9942.0	20365.0	38122.0	63149.0	97829.0	147051.0	230836.0	426571.0	1449767.0	10761785.0	2608431.0
	23.0	24.0	25.0	26.0	27.0	28.0	29.0	30.0	31.0	32.0	33.0	34.0	35.0	36.0	37.0
Sfa-ABas_007_Ex1_L3_clmp.fp2_repr.R1	8.0	54.0	550.0	3415.0	12492.0	32459.0	66668.0	104303.0	140242.0	175950.0	233491.0	347585.0	796702.0	9601238.0	3783972.0
	22.0	23.0	24.0	25.0	26.0	27.0	28.0	29.0	30.0	31.0	32.0	33.0	34.0	35.0	36.0	37.0
Sfa-ABas_007_Ex1_L3_clmp.fp2_repr.R2	1.0	29.0	303.0	1848.0	5481.0	11851.0	22901.0	41403.0	66793.0	101547.0	149843.0	231143.0	409617.0	1331993.0	10575840.0	2348536.0
	22.0	23.0	24.0	25.0	26.0	27.0	28.0	29.0	30.0	31.0	32.0	33.0	34.0	35.0	36.0	37.0
Sfa-ABas_008_Ex1_L3_clmp.fp2_repr.R1	1.0	5.0	79.0	713.0	4012.0	15219.0	39509.0	79978.0	123862.0	165245.0	205262.0	272423.0	405094.0	935508.0	10893819.0	3598579.0
	22.0	23.0	24.0	25.0	26.0	27.0	28.0	29.0	30.0	31.0	32.0	33.0	34.0	35.0	36.0	37.0
Sfa-ABas_008_Ex1_L3_clmp.fp2_repr.R2	2.0	52.0	437.0	2459.0	7242.0	15463.0	29556.0	52581.0	84218.0	128615.0	191328.0	294485.0	521808.0	1639455.0	11660498.0	2111109.0
	23.0	24.0	25.0	26.0	27.0	28.0	29.0	30.0	31.0	32.0	33.0	34.0	35.0	36.0	37.0
Sfa-ABas_009_Ex1_L3_clmp.fp2_repr.R1	2.0	56.0	555.0	3303.0	13789.0	38078.0	79168.0	124229.0	168039.0	210917.0	283029.0	428154.0	1053318.0	12086546.0	3163795.0
	22.0	23.0	24.0	25.0	26.0	27.0	28.0	29.0	30.0	31.0	32.0	33.0	34.0	35.0	36.0	37.0
Sfa-ABas_009_Ex1_L3_clmp.fp2_repr.R2	3.0	40.0	338.0	1953.0	6333.0	14822.0	30026.0	55537.0	89565.0	137035.0	200500.0	307647.0	550504.0	1810846.0	12325408.0	2122421.0
	23.0	24.0	25.0	26.0	27.0	28.0	29.0	30.0	31.0	32.0	33.0	34.0	35.0	36.0	37.0
Sfa-ABas_013_Ex1_L3_clmp.fp2_repr.R1	5.0	52.0	574.0	3249.0	13665.0	36688.0	78229.0	124118.0	166535.0	208179.0	276852.0	412685.0	936130.0	11602551.0	4498050.0
	23.0	24.0	25.0	26.0	27.0	28.0	29.0	30.0	31.0	32.0	33.0	34.0	35.0	36.0	37.0
Sfa-ABas_013_Ex1_L3_clmp.fp2_repr.R2	41.0	368.0	1980.0	6000.0	13169.0	25764.0	48014.0	77834.0	119362.0	176579.0	270228.0	474872.0	1528997.0	12854163.0	2760191.0
	23.0	24.0	25.0	26.0	27.0	28.0	29.0	30.0	31.0	32.0	33.0	34.0	35.0	36.0	37.0
Sfa-ABas_014_Ex1_L3_clmp.fp2_repr.R1	2.0	38.0	347.0	2182.0	8933.0	24965.0	52395.0	81882.0	110219.0	137714.0	182005.0	270036.0	613870.0	7554227.0	3002946.0
	23.0	24.0	25.0	26.0	27.0	28.0	29.0	30.0	31.0	32.0	33.0	34.0	35.0	36.0	37.0
Sfa-ABas_014_Ex1_L3_clmp.fp2_repr.R2	18.0	209.0	1213.0	3720.0	8377.0	16582.0	30429.0	49190.0	74706.0	111031.0	169117.0	296385.0	955342.0	8367764.0	1957678.0
	23.0	24.0	25.0	26.0	27.0	28.0	29.0	30.0	31.0	32.0	33.0	34.0	35.0	36.0	37.0
Sfa-ABas_016_Ex1_L3_clmp.fp2_repr.R1	4.0	40.0	491.0	3114.0	12274.0	34441.0	72155.0	114091.0	153821.0	193070.0	255025.0	375176.0	823788.0	10005282.0	4101078.0
	23.0	24.0	25.0	26.0	27.0	28.0	29.0	30.0	31.0	32.0	33.0	34.0	35.0	36.0	37.0
Sfa-ABas_016_Ex1_L3_clmp.fp2_repr.R2	40.0	404.0	2068.0	6376.0	15022.0	30165.0	54956.0	87286.0	130780.0	190344.0	289592.0	513256.0	1635818.0	11113453.0	2074290.0
	23.0	24.0	25.0	26.0	27.0	28.0	29.0	30.0	31.0	32.0	33.0	34.0	35.0	36.0	37.0
Sfa-ABas_017_Ex1_L3_clmp.fp2_repr.R1	4.0	51.0	448.0	2888.0	11557.0	32467.0	68269.0	108188.0	146482.0	183820.0	243169.0	362644.0	836268.0	10256871.0	3913692.0
	23.0	24.0	25.0	26.0	27.0	28.0	29.0	30.0	31.0	32.0	33.0	34.0	35.0	36.0	37.0
Sfa-ABas_017_Ex1_L3_clmp.fp2_repr.R2	39.0	318.0	1942.0	5968.0	13420.0	27305.0	49181.0	78193.0	118128.0	172472.0	268970.0	492643.0	1642231.0	11137410.0	2158598.0
	23.0	24.0	25.0	26.0	27.0	28.0	29.0	30.0	31.0	32.0	33.0	34.0	35.0	36.0	37.0
Sfa-ABas_018_Ex1_L3_clmp.fp2_repr.R1	4.0	54.0	560.0	3327.0	12843.0	34841.0	73121.0	115540.0	155648.0	196359.0	262898.0	391127.0	901966.0	10782715.0	3817981.0
	22.0	23.0	24.0	25.0	26.0	27.0	28.0	29.0	30.0	31.0	32.0	33.0	34.0	35.0	36.0	37.0
Sfa-ABas_018_Ex1_L3_clmp.fp2_repr.R2	3.0	36.0	349.0	1917.0	5948.0	13675.0	26795.0	49632.0	80405.0	121967.0	181995.0	281139.0	506566.0	1642890.0	11696594.0	2139073.0
	23.0	24.0	25.0	26.0	27.0	28.0	29.0	30.0	31.0	32.0	33.0	34.0	35.0	36.0	37.0
Sfa-ABas_019_Ex1_L3_clmp.fp2_repr.R1	2.0	44.0	574.0	3472.0	12809.0	34525.0	70988.0	111849.0	150143.0	190423.0	254357.0	381619.0	891104.0	10700730.0	4031949.0
	22.0	23.0	24.0	25.0	26.0	27.0	28.0	29.0	30.0	31.0	32.0	33.0	34.0	35.0	36.0	37.0
Sfa-ABas_019_Ex1_L3_clmp.fp2_repr.R2	1.0	30.0	298.0	1864.0	5673.0	12874.0	24435.0	45093.0	72104.0	109835.0	161742.0	249871.0	452049.0	1490955.0	11647158.0	2560606.0
	22.0	23.0	24.0	25.0	26.0	27.0	28.0	29.0	30.0	31.0	32.0	33.0	34.0	35.0	36.0	37.0
Sfa-ABas_020_Ex1_L3_clmp.fp2_repr.R1	1.0	1.0	58.0	514.0	2992.0	11352.0	29015.0	58625.0	89145.0	116159.0	142638.0	183788.0	266759.0	604141.0	7070583.0	2452844.0
	22.0	23.0	24.0	25.0	26.0	27.0	28.0	29.0	30.0	31.0	32.0	33.0	34.0	35.0	36.0	37.0
Sfa-ABas_020_Ex1_L3_clmp.fp2_repr.R2	3.0	35.0	336.0	1910.0	5586.0	12041.0	22605.0	39401.0	61153.0	92840.0	135177.0	205381.0	363335.0	1153663.0	7647452.0	1287697.0
	23.0	24.0	25.0	26.0	27.0	28.0	29.0	30.0	31.0	32.0	33.0	34.0	35.0	36.0	37.0
Sfa-ABas_021_Ex1_L3_clmp.fp2_repr.R1	1.0	19.0	177.0	1209.0	4755.0	13103.0	28081.0	44593.0	61647.0	78949.0	107121.0	166470.0	430909.0	4654503.0	1141016.0
	23.0	24.0	25.0	26.0	27.0	28.0	29.0	30.0	31.0	32.0	33.0	34.0	35.0	36.0	37.0
Sfa-ABas_021_Ex1_L3_clmp.fp2_repr.R2	13.0	144.0	759.0	2376.0	5278.0	10164.0	19068.0	30180.0	46463.0	68948.0	108922.0	203390.0	687239.0	4641787.0	907822.0
	23.0	24.0	25.0	26.0	27.0	28.0	29.0	30.0	31.0	32.0	33.0	34.0	35.0	36.0	37.0
Sfa-ABas_022_Ex1_L3_clmp.fp2_repr.R1	4.0	44.0	521.0	2933.0	12087.0	34556.0	73256.0	116894.0	159156.0	204377.0	275041.0	424573.0	1098104.0	11785881.0	2816894.0
	22.0	23.0	24.0	25.0	26.0	27.0	28.0	29.0	30.0	31.0	32.0	33.0	34.0	35.0	36.0	37.0
Sfa-ABas_022_Ex1_L3_clmp.fp2_repr.R2	1.0	29.0	344.0	1772.0	5494.0	12978.0	26341.0	47811.0	77772.0	119608.0	177587.0	277353.0	508598.0	1704050.0	11825609.0	2218974.0
	22.0	23.0	24.0	25.0	26.0	27.0	28.0	29.0	30.0	31.0	32.0	33.0	34.0	35.0	36.0	37.0
Sfa-ABas_023_Ex1_L3_clmp.fp2_repr.R1	2.0	3.0	44.0	452.0	2680.0	10911.0	29899.0	62850.0	98886.0	132641.0	167681.0	225611.0	348088.0	906225.0	9737465.0	2437459.0
	22.0	23.0	24.0	25.0	26.0	27.0	28.0	29.0	30.0	31.0	32.0	33.0	34.0	35.0	36.0	37.0
Sfa-ABas_023_Ex1_L3_clmp.fp2_repr.R2	2.0	27.0	244.0	1509.0	4492.0	10312.0	21411.0	39477.0	64984.0	100317.0	149855.0	233020.0	422632.0	1374579.0	9691552.0	2046484.0
	23.0	24.0	25.0	26.0	27.0	28.0	29.0	30.0	31.0	32.0	33.0	34.0	35.0	36.0	37.0
Sfa-ABas_024_Ex1_L3_clmp.fp2_repr.R1	4.0	60.0	624.0	3512.0	12785.0	34176.0	68347.0	104909.0	139526.0	173580.0	227970.0	337089.0	750410.0	8226619.0	2963005.0
	22.0	23.0	24.0	25.0	26.0	27.0	28.0	29.0	30.0	31.0	32.0	33.0	34.0	35.0	36.0	37.0
Sfa-ABas_024_Ex1_L3_clmp.fp2_repr.R2	1.0	33.0	339.0	1847.0	5424.0	11618.0	21978.0	39742.0	63832.0	98656.0	145379.0	225297.0	395553.0	1187990.0	8998712.0	1846215.0
	23.0	24.0	25.0	26.0	27.0	28.0	29.0	30.0	31.0	32.0	33.0	34.0	35.0	36.0	37.0
Sfa-ABas_025_Ex1_L3_clmp.fp2_repr.R1	1.0	52.0	549.0	3079.0	11361.0	30689.0	63025.0	99329.0	133417.0	168020.0	223774.0	332218.0	757267.0	9409908.0	4955051.0
	23.0	24.0	25.0	26.0	27.0	28.0	29.0	30.0	31.0	32.0	33.0	34.0	35.0	36.0	37.0
Sfa-ABas_025_Ex1_L3_clmp.fp2_repr.R2	22.0	230.0	1335.0	4311.0	9752.0	19455.0	35198.0	56437.0	85817.0	125713.0	195189.0	349006.0	1155733.0	10656484.0	3493058.0
	23.0	24.0	25.0	26.0	27.0	28.0	29.0	30.0	31.0	32.0	33.0	34.0	35.0	36.0	37.0
Sfa-ABas_026_Ex1_L3_clmp.fp2_repr.R1	4.0	54.0	539.0	3593.0	13947.0	38270.0	81565.0	128819.0	174648.0	218961.0	290242.0	430545.0	987465.0	11815187.0	4709538.0
	22.0	23.0	24.0	25.0	26.0	27.0	28.0	29.0	30.0	31.0	32.0	33.0	34.0	35.0	36.0	37.0
Sfa-ABas_026_Ex1_L3_clmp.fp2_repr.R2	2.0	36.0	317.0	1950.0	6089.0	13168.0	26538.0	48530.0	79496.0	122440.0	180962.0	280028.0	498687.0	1608577.0	13083863.0	2942694.0
	23.0	24.0	25.0	26.0	27.0	28.0	29.0	30.0	31.0	32.0	33.0	34.0	35.0	36.0	37.0
Sfa-ABas_027_Ex1_L3_clmp.fp2_repr.R1	4.0	53.0	419.0	2799.0	11701.0	33372.0	72817.0	119077.0	166625.0	214594.0	291760.0	444969.0	1038320.0	12000940.0	4479640.0
	21.0	22.0	23.0	24.0	25.0	26.0	27.0	28.0	29.0	30.0	31.0	32.0	33.0	34.0	35.0	36.0	37.0
Sfa-ABas_027_Ex1_L3_clmp.fp2_repr.R2	1.0	0.0	37.0	305.0	1815.0	5953.0	14248.0	29667.0	55607.0	90888.0	142088.0	214429.0	340687.0	639416.0	2144842.0	12853567.0	2343540.0
	23.0	24.0	25.0	26.0	27.0	28.0	29.0	30.0	31.0	32.0	33.0	34.0	35.0	36.0	37.0
Sfa-ABas_028_Ex1_L3_clmp.fp2_repr.R1	2.0	46.0	428.0	2504.0	10333.0	30177.0	64801.0	104068.0	143591.0	183076.0	246875.0	369506.0	847464.0	10169799.0	3657544.0
	22.0	23.0	24.0	25.0	26.0	27.0	28.0	29.0	30.0	31.0	32.0	33.0	34.0	35.0	36.0	37.0
Sfa-ABas_028_Ex1_L3_clmp.fp2_repr.R2	2.0	30.0	289.0	1758.0	5569.0	12852.0	26427.0	48356.0	79587.0	120799.0	180112.0	279058.0	512824.0	1701253.0	11023185.0	1838113.0
	23.0	24.0	25.0	26.0	27.0	28.0	29.0	30.0	31.0	32.0	33.0	34.0	35.0	36.0	37.0
Sfa-ABas_029_Ex1_L3_clmp.fp2_repr.R1	3.0	41.0	483.0	2864.0	11715.0	32611.0	68798.0	110194.0	148933.0	189035.0	254458.0	384509.0	907085.0	10570757.0	3875692.0
	23.0	24.0	25.0	26.0	27.0	28.0	29.0	30.0	31.0	32.0	33.0	34.0	35.0	36.0	37.0
Sfa-ABas_029_Ex1_L3_clmp.fp2_repr.R2	25.0	276.0	1718.0	5312.0	12633.0	25776.0	47454.0	76599.0	118482.0	177225.0	278450.0	514725.0	1740543.0	11320583.0	2237377.0
	23.0	24.0	25.0	26.0	27.0	28.0	29.0	30.0	31.0	32.0	33.0	34.0	35.0	36.0	37.0
Sfa-ABas_030_Ex1_L3_clmp.fp2_repr.R1	1.0	52.0	720.0	3822.0	12811.0	32555.0	65211.0	102431.0	137296.0	173648.0	231873.0	349158.0	841015.0	9643156.0	4810444.0
	23.0	24.0	25.0	26.0	27.0	28.0	29.0	30.0	31.0	32.0	33.0	34.0	35.0	36.0	37.0
Sfa-ABas_030_Ex1_L3_clmp.fp2_repr.R2	45.0	310.0	1790.0	5221.0	10604.0	20282.0	35832.0	56846.0	87426.0	128725.0	202048.0	366130.0	1228676.0	10547225.0	3713033.0
	23.0	24.0	25.0	26.0	27.0	28.0	29.0	30.0	31.0	32.0	33.0	34.0	35.0	36.0	37.0
Sfa-ABas_031_Ex1_L3_clmp.fp2_repr.R1	1.0	35.0	334.0	1778.0	5780.0	13495.0	26263.0	40808.0	54984.0	70127.0	93468.0	143318.0	344089.0	3925904.0	1712139.0
	23.0	24.0	25.0	26.0	27.0	28.0	29.0	30.0	31.0	32.0	33.0	34.0	35.0	36.0	37.0
Sfa-ABas_031_Ex1_L3_clmp.fp2_repr.R2	25.0	203.0	975.0	2791.0	4873.0	8190.0	14046.0	22227.0	34419.0	50978.0	80605.0	146595.0	489054.0	4233535.0	1344007.0
	23.0	24.0	25.0	26.0	27.0	28.0	29.0	30.0	31.0	32.0	33.0	34.0	35.0	36.0	37.0
Sfa-ABas_032_Ex1_L3_clmp.fp2_repr.R1	3.0	47.0	583.0	3387.0	12406.0	33521.0	70162.0	109587.0	147746.0	187189.0	251556.0	380360.0	909420.0	10733447.0	4029101.0
	22.0	23.0	24.0	25.0	26.0	27.0	28.0	29.0	30.0	31.0	32.0	33.0	34.0	35.0	36.0	37.0
Sfa-ABas_032_Ex1_L3_clmp.fp2_repr.R2	1.0	31.0	286.0	1651.0	4946.0	10948.0	21686.0	40457.0	66032.0	102783.0	153501.0	239432.0	430142.0	1407451.0	11535035.0	2854133.0
	23.0	24.0	25.0	26.0	27.0	28.0	29.0	30.0	31.0	32.0	33.0	34.0	35.0	36.0	37.0
Sfa-ABas_033_Ex1_L3_clmp.fp2_repr.R1	3.0	59.0	498.0	3161.0	12680.0	35038.0	74600.0	119133.0	164244.0	210342.0	287533.0	445667.0	1180129.0	12823269.0	3506397.0
	23.0	24.0	25.0	26.0	27.0	28.0	29.0	30.0	31.0	32.0	33.0	34.0	35.0	36.0	37.0
Sfa-ABas_033_Ex1_L3_clmp.fp2_repr.R2	30.0	282.0	1695.0	5244.0	12518.0	25311.0	47710.0	76948.0	118318.0	175585.0	276102.0	512375.0	1760564.0	12816196.0	3033875.0
	23.0	24.0	25.0	26.0	27.0	28.0	29.0	30.0	31.0	32.0	33.0	34.0	35.0	36.0	37.0
Sfa-ABas_034_Ex1_L3_clmp.fp2_repr.R1	4.0	63.0	582.0	3819.0	14949.0	40392.0	85741.0	137973.0	190909.0	246585.0	339542.0	531129.0	1402340.0	15083496.0	3670688.0
	22.0	23.0	24.0	25.0	26.0	27.0	28.0	29.0	30.0	31.0	32.0	33.0	34.0	35.0	36.0	37.0
Sfa-ABas_034_Ex1_L3_clmp.fp2_repr.R2	3.0	32.0	392.0	2122.0	6624.0	15085.0	30912.0	56498.0	91881.0	142067.0	214061.0	339123.0	635931.0	2181532.0	14970430.0	3061519.0
	23.0	24.0	25.0	26.0	27.0	28.0	29.0	30.0	31.0	32.0	33.0	34.0	35.0	36.0	37.0
Sfa-ABas_035_Ex1_L3_clmp.fp2_repr.R1	5.0	59.0	518.0	3272.0	12442.0	33533.0	70163.0	109415.0	144879.0	179474.0	232734.0	339113.0	764380.0	8429913.0	3475825.0
	22.0	23.0	24.0	25.0	26.0	27.0	28.0	29.0	30.0	31.0	32.0	33.0	34.0	35.0	36.0	37.0
Sfa-ABas_035_Ex1_L3_clmp.fp2_repr.R2	2.0	25.0	187.0	1328.0	4226.0	10047.0	20466.0	38087.0	62162.0	96575.0	143403.0	221776.0	390924.0	1201149.0	9418062.0	2187306.0
	22.0	23.0	24.0	25.0	26.0	27.0	28.0	29.0	30.0	31.0	32.0	33.0	34.0	35.0	36.0	37.0
Sfa-CBas_001_Ex1_L3_clmp.fp2_repr.R1	1.0	0.0	14.0	117.0	802.0	3038.0	8197.0	16480.0	26343.0	36713.0	49907.0	69844.0	109216.0	257776.0	3145052.0	708685.0
	22.0	23.0	24.0	25.0	26.0	27.0	28.0	29.0	30.0	31.0	32.0	33.0	34.0	35.0	36.0	37.0
Sfa-CBas_001_Ex1_L3_clmp.fp2_repr.R2	1.0	12.0	101.0	631.0	1902.0	4398.0	8310.0	14096.0	22083.0	33886.0	50993.0	79349.0	146714.0	498241.0	3250887.0	320581.0
	24.0	25.0	26.0	27.0	28.0	29.0	30.0	31.0	32.0	33.0	34.0	35.0	36.0	37.0
Sfa-CBas_002_Ex1_L3_clmp.fp2_repr.R1	16.0	133.0	853.0	3505.0	9390.0	19838.0	32726.0	46902.0	63472.0	91226.0	142848.0	344070.0	3964136.0	892598.0
	22.0	23.0	24.0	25.0	26.0	27.0	28.0	29.0	30.0	31.0	32.0	33.0	34.0	35.0	36.0	37.0
Sfa-CBas_002_Ex1_L3_clmp.fp2_repr.R2	3.0	13.0	165.0	939.0	3271.0	7353.0	13663.0	23039.0	36104.0	54861.0	84029.0	136987.0	274216.0	906420.0	3760262.0	310388.0
	23.0	24.0	25.0	26.0	27.0	28.0	29.0	30.0	31.0	32.0	33.0	34.0	35.0	36.0	37.0
Sfa-CBas_003_Ex1_L3_clmp.fp2_repr.R1	2.0	15.0	138.0	927.0	4091.0	10978.0	23096.0	36890.0	54042.0	74264.0	106869.0	171323.0	424066.0	4530733.0	874467.0
	22.0	23.0	24.0	25.0	26.0	27.0	28.0	29.0	30.0	31.0	32.0	33.0	34.0	35.0	36.0	37.0
Sfa-CBas_003_Ex1_L3_clmp.fp2_repr.R2	1.0	37.0	270.0	1503.0	4619.0	10633.0	19236.0	31456.0	47582.0	72123.0	110173.0	182066.0	370321.0	1178318.0	4024158.0	259405.0
	23.0	24.0	25.0	26.0	27.0	28.0	29.0	30.0	31.0	32.0	33.0	34.0	35.0	36.0	37.0
Sfa-CBas_006_Ex1_L3_clmp.fp2_repr.R1	3.0	8.0	159.0	973.0	3897.0	10750.0	22155.0	35941.0	51338.0	70376.0	101995.0	158948.0	376024.0	4273368.0	946465.0
	22.0	23.0	24.0	25.0	26.0	27.0	28.0	29.0	30.0	31.0	32.0	33.0	34.0	35.0	36.0	37.0
Sfa-CBas_006_Ex1_L3_clmp.fp2_repr.R2	3.0	37.0	248.0	1328.0	4366.0	9854.0	17582.0	28949.0	43795.0	65884.0	98018.0	156599.0	303528.0	972354.0	4027370.0	322485.0
	22.0	23.0	24.0	25.0	26.0	27.0	28.0	29.0	30.0	31.0	32.0	33.0	34.0	35.0	36.0	37.0
Sfa-CBas_007_Ex1_L3_clmp.fp2_repr.R1	1.0	0.0	18.0	110.0	828.0	3482.0	9471.0	19842.0	32894.0	47941.0	65050.0	93014.0	148203.0	360328.0	3937881.0	783899.0
	23.0	24.0	25.0	26.0	27.0	28.0	29.0	30.0	31.0	32.0	33.0	34.0	35.0	36.0	37.0
Sfa-CBas_007_Ex1_L3_clmp.fp2_repr.R2	17.0	169.0	963.0	3088.0	6950.0	12910.0	22266.0	33774.0	52750.0	79975.0	129297.0	252913.0	828968.0	3743001.0	335921.0
	23.0	24.0	25.0	26.0	27.0	28.0	29.0	30.0	31.0	32.0	33.0	34.0	35.0	36.0	37.0
Sfa-CBas_008_Ex1_L3_clmp.fp2_repr.R1	2.0	14.0	155.0	867.0	3475.0	9686.0	20127.0	32906.0	46953.0	64432.0	91171.0	144995.0	346703.0	3875965.0	859248.0
	23.0	24.0	25.0	26.0	27.0	28.0	29.0	30.0	31.0	32.0	33.0	34.0	35.0	36.0	37.0
Sfa-CBas_008_Ex1_L3_clmp.fp2_repr.R2	15.0	139.0	701.0	2354.0	5719.0	10613.0	18391.0	29123.0	45190.0	68316.0	108550.0	201585.0	664154.0	3902636.0	439213.0
	24.0	25.0	26.0	27.0	28.0	29.0	30.0	31.0	32.0	33.0	34.0	35.0	36.0	37.0
Sfa-CBas_009_Ex1_L3_clmp.fp2_repr.R1	20.0	137.0	945.0	4155.0	11503.0	24820.0	40518.0	57952.0	78805.0	112516.0	176157.0	412955.0	4593806.0	1047184.0
	22.0	23.0	24.0	25.0	26.0	27.0	28.0	29.0	30.0	31.0	32.0	33.0	34.0	35.0	36.0	37.0
Sfa-CBas_009_Ex1_L3_clmp.fp2_repr.R2	2.0	25.0	184.0	1162.0	4002.0	9220.0	17663.0	29252.0	45823.0	69167.0	103607.0	165750.0	316480.0	1013523.0	4420365.0	365248.0
	23.0	24.0	25.0	26.0	27.0	28.0	29.0	30.0	31.0	32.0	33.0	34.0	35.0	36.0	37.0
Sfa-CBas_010_Ex1_L3_clmp.fp2_repr.R1	1.0	12.0	143.0	956.0	4117.0	11634.0	24848.0	40142.0	57394.0	77658.0	108675.0	168195.0	389444.0	4505596.0	1103106.0
	23.0	24.0	25.0	26.0	27.0	28.0	29.0	30.0	31.0	32.0	33.0	34.0	35.0	36.0	37.0
Sfa-CBas_010_Ex1_L3_clmp.fp2_repr.R2	33.0	186.0	1039.0	3432.0	7948.0	15262.0	26656.0	41615.0	63488.0	95505.0	150648.0	284641.0	918553.0	4472603.0	410312.0
	23.0	24.0	25.0	26.0	27.0	28.0	29.0	30.0	31.0	32.0	33.0	34.0	35.0	36.0	37.0
Sfa-CBas_014_Ex1_L3_clmp.fp2_repr.R1	1.0	13.0	100.0	712.0	2823.0	8136.0	17090.0	27543.0	40521.0	55907.0	80854.0	128338.0	305273.0	3348164.0	697293.0
	23.0	24.0	25.0	26.0	27.0	28.0	29.0	30.0	31.0	32.0	33.0	34.0	35.0	36.0	37.0
Sfa-CBas_014_Ex1_L3_clmp.fp2_repr.R2	15.0	157.0	888.0	2889.0	6753.0	12552.0	21104.0	32337.0	49263.0	74836.0	119677.0	229891.0	744651.0	3176832.0	240923.0
	24.0	25.0	26.0	27.0	28.0	29.0	30.0	31.0	32.0	33.0	34.0	35.0	36.0	37.0
Sfa-CBas_015_Ex1_L3_clmp.fp2_repr.R1	5.0	117.0	709.0	3264.0	9318.0	19448.0	31823.0	46399.0	63005.0	89029.0	139281.0	330864.0	3873515.0	829298.0
	22.0	23.0	24.0	25.0	26.0	27.0	28.0	29.0	30.0	31.0	32.0	33.0	34.0	35.0	36.0	37.0
Sfa-CBas_015_Ex1_L3_clmp.fp2_repr.R2	1.0	14.0	138.0	831.0	2695.0	6355.0	12066.0	20794.0	32168.0	49599.0	75947.0	121266.0	234233.0	776672.0	3776703.0	326593.0
	23.0	24.0	25.0	26.0	27.0	28.0	29.0	30.0	31.0	32.0	33.0	34.0	35.0	36.0	37.0
Sfa-CBas_016_Ex1_L3_clmp.fp2_repr.R1	1.0	13.0	154.0	1049.0	4470.0	11849.0	24883.0	40475.0	59026.0	83769.0	121934.0	195273.0	469565.0	5011625.0	959866.0
	22.0	23.0	24.0	25.0	26.0	27.0	28.0	29.0	30.0	31.0	32.0	33.0	34.0	35.0	36.0	37.0
Sfa-CBas_016_Ex1_L3_clmp.fp2_repr.R2	1.0	29.0	288.0	1577.0	5053.0	11709.0	20913.0	34839.0	53135.0	80832.0	122692.0	197548.0	382960.0	1212070.0	4558326.0	301980.0
	23.0	24.0	25.0	26.0	27.0	28.0	29.0	30.0	31.0	32.0	33.0	34.0	35.0	36.0	37.0
Sfa-CBas_017_Ex1_L3_clmp.fp2_repr.R1	1.0	14.0	120.0	782.0	3218.0	8804.0	18875.0	31042.0	45159.0	64134.0	92887.0	149046.0	359705.0	3746179.0	673913.0
	22.0	23.0	24.0	25.0	26.0	27.0	28.0	29.0	30.0	31.0	32.0	33.0	34.0	35.0	36.0	37.0
Sfa-CBas_017_Ex1_L3_clmp.fp2_repr.R2	2.0	32.0	227.0	1325.0	4323.0	9624.0	17761.0	28764.0	43329.0	65469.0	99229.0	160392.0	320113.0	994330.0	3271815.0	177144.0
	23.0	24.0	25.0	26.0	27.0	28.0	29.0	30.0	31.0	32.0	33.0	34.0	35.0	36.0	37.0
Sfa-CBas_019_Ex1_L3_clmp.fp2_repr.R1	2.0	10.0	134.0	868.0	3501.0	8954.0	18044.0	29248.0	42401.0	58873.0	85217.0	135407.0	323266.0	3329898.0	633657.0
	23.0	24.0	25.0	26.0	27.0	28.0	29.0	30.0	31.0	32.0	33.0	34.0	35.0	36.0	37.0
Sfa-CBas_019_Ex1_L3_clmp.fp2_repr.R2	30.0	205.0	1006.0	3127.0	7267.0	13003.0	21872.0	32828.0	50184.0	74964.0	118383.0	222636.0	716940.0	3193231.0	213804.0
	24.0	25.0	26.0	27.0	28.0	29.0	30.0	31.0	32.0	33.0	34.0	35.0	36.0	37.0
Sfa-CBas_020_Ex1_L3_clmp.fp2_repr.R1	10.0	149.0	914.0	3840.0	10624.0	22537.0	36798.0	52512.0	71171.0	100404.0	158860.0	383435.0	4401793.0	934971.0
	22.0	23.0	24.0	25.0	26.0	27.0	28.0	29.0	30.0	31.0	32.0	33.0	34.0	35.0	36.0	37.0
Sfa-CBas_020_Ex1_L3_clmp.fp2_repr.R2	1.0	19.0	184.0	1030.0	3084.0	7297.0	13404.0	22534.0	35360.0	54233.0	81963.0	129942.0	250162.0	855552.0	4338331.0	384922.0
	23.0	24.0	25.0	26.0	27.0	28.0	29.0	30.0	31.0	32.0	33.0	34.0	35.0	36.0	37.0
Sfa-CBas_021_Ex1_L3_clmp.fp2_repr.R1	1.0	15.0	134.0	830.0	3716.0	9898.0	20837.0	34052.0	49236.0	67866.0	96892.0	153262.0	370065.0	3959839.0	779029.0
	22.0	23.0	24.0	25.0	26.0	27.0	28.0	29.0	30.0	31.0	32.0	33.0	34.0	35.0	36.0	37.0
Sfa-CBas_021_Ex1_L3_clmp.fp2_repr.R2	4.0	24.0	174.0	1030.0	3471.0	8036.0	14826.0	24670.0	38152.0	57618.0	87680.0	139920.0	270053.0	875642.0	3743508.0	280864.0
	23.0	24.0	25.0	26.0	27.0	28.0	29.0	30.0	31.0	32.0	33.0	34.0	35.0	36.0	37.0
Sfa-CBas_023_Ex1_L3_clmp.fp2_repr.R1	1.0	13.0	114.0	765.0	3041.0	8242.0	16886.0	27693.0	40107.0	56941.0	82757.0	130850.0	308593.0	3272918.0	658248.0
	22.0	23.0	24.0	25.0	26.0	27.0	28.0	29.0	30.0	31.0	32.0	33.0	34.0	35.0	36.0	37.0
Sfa-CBas_023_Ex1_L3_clmp.fp2_repr.R2	1.0	16.0	169.0	879.0	2848.0	6527.0	12205.0	20290.0	31462.0	47994.0	72562.0	114919.0	214964.0	687837.0	3148215.0	246281.0
	23.0	24.0	25.0	26.0	27.0	28.0	29.0	30.0	31.0	32.0	33.0	34.0	35.0	36.0	37.0
Sfa-CBas_025_Ex1_L3_clmp.fp2_repr.R1	1.0	16.0	110.0	840.0	3262.0	8958.0	18749.0	30921.0	44884.0	62908.0	90014.0	141625.0	334704.0	3576445.0	753516.0
	22.0	23.0	24.0	25.0	26.0	27.0	28.0	29.0	30.0	31.0	32.0	33.0	34.0	35.0	36.0	37.0
Sfa-CBas_025_Ex1_L3_clmp.fp2_repr.R2	3.0	18.0	173.0	959.0	3013.0	6766.0	12570.0	21147.0	33239.0	51085.0	76863.0	121593.0	226335.0	715544.0	3490183.0	307462.0
	23.0	24.0	25.0	26.0	27.0	28.0	29.0	30.0	31.0	32.0	33.0	34.0	35.0	36.0	37.0
Sfa-CBas_026_Ex1_L3_clmp.fp2_repr.R1	1.0	24.0	155.0	987.0	4159.0	11454.0	23731.0	38200.0	55289.0	75581.0	106832.0	167341.0	389278.0	4166865.0	923523.0
	23.0	24.0	25.0	26.0	27.0	28.0	29.0	30.0	31.0	32.0	33.0	34.0	35.0	36.0	37.0
Sfa-CBas_026_Ex1_L3_clmp.fp2_repr.R2	36.0	231.0	1275.0	3974.0	8859.0	16386.0	27777.0	43458.0	65991.0	99607.0	157692.0	293558.0	919405.0	4001084.0	324087.0
	24.0	25.0	26.0	27.0	28.0	29.0	30.0	31.0	32.0	33.0	34.0	35.0	36.0	37.0
Sfa-CBas_027_Ex1_L3_clmp.fp2_repr.R1	11.0	88.0	578.0	2328.0	6234.0	12725.0	20437.0	28823.0	38564.0	54800.0	84089.0	189959.0	2314563.0	588258.0
	23.0	24.0	25.0	26.0	27.0	28.0	29.0	30.0	31.0	32.0	33.0	34.0	35.0	36.0	37.0
Sfa-CBas_027_Ex1_L3_clmp.fp2_repr.R2	6.0	77.0	465.0	1240.0	3107.0	5825.0	10278.0	15893.0	25165.0	38120.0	59604.0	106608.0	346284.0	2448158.0	280627.0
	24.0	25.0	26.0	27.0	28.0	29.0	30.0	31.0	32.0	33.0	34.0	35.0	36.0	37.0
Sfa-CBas_028_Ex1_L3_clmp.fp2_repr.R1	17.0	151.0	785.0	3406.0	9216.0	19743.0	31673.0	45409.0	62472.0	89295.0	140276.0	336232.0	3787808.0	772827.0
	23.0	24.0	25.0	26.0	27.0	28.0	29.0	30.0	31.0	32.0	33.0	34.0	35.0	36.0	37.0
Sfa-CBas_028_Ex1_L3_clmp.fp2_repr.R2	24.0	139.0	900.0	3044.0	6780.0	12850.0	21732.0	33306.0	50328.0	75968.0	119537.0	224069.0	734328.0	3711305.0	305000.0
	24.0	25.0	26.0	27.0	28.0	29.0	30.0	31.0	32.0	33.0	34.0	35.0	36.0	37.0
Sfa-CBas_029_Ex1_L3_clmp.fp2_repr.R1	13.0	113.0	566.0	2560.0	6951.0	14315.0	22583.0	31933.0	43050.0	60928.0	93540.0	213419.0	2605919.0	673993.0
	22.0	23.0	24.0	25.0	26.0	27.0	28.0	29.0	30.0	31.0	32.0	33.0	34.0	35.0	36.0	37.0
Sfa-CBas_029_Ex1_L3_clmp.fp2_repr.R2	1.0	11.0	104.0	496.0	1534.0	3567.0	6582.0	11424.0	18085.0	28428.0	43020.0	67038.0	119387.0	393865.0	2750829.0	325512.0
	23.0	24.0	25.0	26.0	27.0	28.0	29.0	30.0	31.0	32.0	33.0	34.0	35.0	36.0	37.0
Sfa-CBas_030_Ex1_L3_clmp.fp2_repr.R1	1.0	10.0	83.0	582.0	2421.0	6370.0	13348.0	21926.0	31315.0	43597.0	61943.0	98929.0	237306.0	2564248.0	496424.0
	23.0	24.0	25.0	26.0	27.0	28.0	29.0	30.0	31.0	32.0	33.0	34.0	35.0	36.0	37.0
Sfa-CBas_030_Ex1_L3_clmp.fp2_repr.R2	12.0	128.0	634.0	2155.0	5110.0	9431.0	16117.0	24514.0	37535.0	56170.0	89521.0	170542.0	550280.0	2434122.0	182232.0
	23.0	24.0	25.0	26.0	27.0	28.0	29.0	30.0	31.0	32.0	33.0	34.0	35.0	36.0	37.0
Sfa-CBas_031_Ex1_L3_clmp.fp2_repr.R1	1.0	7.0	87.0	527.0	1929.0	5541.0	11502.0	18851.0	27599.0	38546.0	55534.0	88710.0	213187.0	2286767.0	442050.0
	23.0	24.0	25.0	26.0	27.0	28.0	29.0	30.0	31.0	32.0	33.0	34.0	35.0	36.0	37.0
Sfa-CBas_031_Ex1_L3_clmp.fp2_repr.R2	21.0	130.0	715.0	2297.0	5215.0	9404.0	15530.0	23593.0	35796.0	53623.0	85825.0	163376.0	520305.0	2126465.0	148543.0
	23.0	24.0	25.0	26.0	27.0	28.0	29.0	30.0	31.0	32.0	33.0	34.0	35.0	36.0	37.0
Sfa-CBas_032_Ex1_L3_clmp.fp2_repr.R1	3.0	16.0	128.0	896.0	3734.0	10538.0	22571.0	36701.0	53058.0	71803.0	103348.0	161557.0	385315.0	4377541.0	968283.0
	22.0	23.0	24.0	25.0	26.0	27.0	28.0	29.0	30.0	31.0	32.0	33.0	34.0	35.0	36.0	37.0
Sfa-CBas_032_Ex1_L3_clmp.fp2_repr.R2	3.0	25.0	189.0	977.0	3155.0	7207.0	13821.0	23754.0	37343.0	57010.0	86074.0	138033.0	266868.0	882576.0	4260016.0	418441.0
	23.0	24.0	25.0	26.0	27.0	28.0	29.0	30.0	31.0	32.0	33.0	34.0	35.0	36.0	37.0
Sfa-CBas_033_Ex1_L3_clmp.fp2_repr.R1	1.0	8.0	122.0	763.0	2952.0	8351.0	17097.0	27709.0	40621.0	56470.0	82269.0	130961.0	314990.0	3275848.0	599759.0
	23.0	24.0	25.0	26.0	27.0	28.0	29.0	30.0	31.0	32.0	33.0	34.0	35.0	36.0	37.0
Sfa-CBas_033_Ex1_L3_clmp.fp2_repr.R2	30.0	208.0	1085.0	3680.0	7833.0	14446.0	23830.0	36122.0	55013.0	82564.0	131452.0	250734.0	778408.0	2976384.0	196132.0
	23.0	24.0	25.0	26.0	27.0	28.0	29.0	30.0	31.0	32.0	33.0	34.0	35.0	36.0	37.0
Sfa-CBas_036_Ex1_L3_clmp.fp2_repr.R1	2.0	8.0	144.0	884.0	3439.0	9708.0	19678.0	31585.0	45070.0	61805.0	89526.0	142363.0	345339.0	3733308.0	722802.0
	21.0	22.0	23.0	24.0	25.0	26.0	27.0	28.0	29.0	30.0	31.0	32.0	33.0	34.0	35.0	36.0	37.0
Sfa-CBas_036_Ex1_L3_clmp.fp2_repr.R2	1.0	0.0	25.0	182.0	936.0	3100.0	7089.0	12857.0	21426.0	33028.0	49863.0	75876.0	120674.0	231048.0	767475.0	3610834.0	271247.0
	24.0	25.0	26.0	27.0	28.0	29.0	30.0	31.0	32.0	33.0	34.0	35.0	36.0	37.0
Sfa-CBas_039_Ex1_L3_clmp.fp2_repr.R1	14.0	120.0	720.0	3085.0	8573.0	17625.0	28795.0	41687.0	58493.0	83581.0	130837.0	297047.0	3266829.0	750562.0
	22.0	23.0	24.0	25.0	26.0	27.0	28.0	29.0	30.0	31.0	32.0	33.0	34.0	35.0	36.0	37.0
Sfa-CBas_039_Ex1_L3_clmp.fp2_repr.R2	3.0	16.0	174.0	1020.0	3308.0	7777.0	14293.0	24186.0	36617.0	56545.0	85956.0	137571.0	261203.0	802484.0	3046002.0	210813.0
	24.0	25.0	26.0	27.0	28.0	29.0	30.0	31.0	32.0	33.0	34.0	35.0	36.0	37.0
Sfa-CBas_041_Ex1_L3_clmp.fp2_repr.R1	12.0	130.0	830.0	3393.0	9709.0	20189.0	33362.0	47071.0	63551.0	90037.0	141040.0	342370.0	3785407.0	844640.0
	22.0	23.0	24.0	25.0	26.0	27.0	28.0	29.0	30.0	31.0	32.0	33.0	34.0	35.0	36.0	37.0
Sfa-CBas_041_Ex1_L3_clmp.fp2_repr.R2	1.0	15.0	129.0	845.0	2713.0	6027.0	11692.0	20046.0	31872.0	48788.0	73228.0	117202.0	226215.0	755014.0	3736640.0	351314.0
	24.0	25.0	26.0	27.0	28.0	29.0	30.0	31.0	32.0	33.0	34.0	35.0	36.0	37.0
Sfa-CBas_042_Ex1_L3_clmp.fp2_repr.R1	4.0	91.0	569.0	2475.0	7005.0	14774.0	24778.0	35060.0	47851.0	66893.0	105830.0	253892.0	2958765.0	624291.0
	23.0	24.0	25.0	26.0	27.0	28.0	29.0	30.0	31.0	32.0	33.0	34.0	35.0	36.0	37.0
Sfa-CBas_042_Ex1_L3_clmp.fp2_repr.R2	12.0	83.0	511.0	1754.0	4115.0	7899.0	13864.0	21617.0	34146.0	51366.0	81049.0	154146.0	521752.0	2953304.0	296660.0
	23.0	24.0	25.0	26.0	27.0	28.0	29.0	30.0	31.0	32.0	33.0	34.0	35.0	36.0	37.0
Sfa-CBas_043_Ex1_L3_clmp.fp2_repr.R1	4.0	19.0	185.0	1154.0	4778.0	13398.0	28242.0	45470.0	64968.0	87066.0	121348.0	190754.0	448412.0	5219285.0	1251305.0
	22.0	23.0	24.0	25.0	26.0	27.0	28.0	29.0	30.0	31.0	32.0	33.0	34.0	35.0	36.0	37.0
Sfa-CBas_043_Ex1_L3_clmp.fp2_repr.R2	1.0	23.0	203.0	1116.0	3558.0	8097.0	15669.0	27249.0	42859.0	65775.0	98037.0	153674.0	281790.0	932752.0	5283710.0	561875.0
	23.0	24.0	25.0	26.0	27.0	28.0	29.0	30.0	31.0	32.0	33.0	34.0	35.0	36.0	37.0
Sfa-CBas_044_Ex1_L3_clmp.fp2_repr.R1	1.0	7.0	105.0	718.0	3047.0	8191.0	17068.0	28211.0	41425.0	58235.0	85260.0	135839.0	324229.0	3441545.0	673512.0
	22.0	23.0	24.0	25.0	26.0	27.0	28.0	29.0	30.0	31.0	32.0	33.0	34.0	35.0	36.0	37.0
Sfa-CBas_044_Ex1_L3_clmp.fp2_repr.R2	1.0	30.0	240.0	1352.0	4183.0	9561.0	17099.0	27904.0	41727.0	62911.0	95562.0	157434.0	315617.0	961079.0	2955689.0	167004.0
	23.0	24.0	25.0	26.0	27.0	28.0	29.0	30.0	31.0	32.0	33.0	34.0	35.0	36.0	37.0
Sfa-CBas_046_Ex1_L3_clmp.fp2_repr.R1	1.0	12.0	99.0	517.0	2062.0	5633.0	11707.0	18957.0	27082.0	37994.0	55271.0	87500.0	204352.0	2204796.0	454825.0
	23.0	24.0	25.0	26.0	27.0	28.0	29.0	30.0	31.0	32.0	33.0	34.0	35.0	36.0	37.0
Sfa-CBas_046_Ex1_L3_clmp.fp2_repr.R2	16.0	160.0	819.0	2668.0	5889.0	10571.0	17337.0	25943.0	39188.0	59361.0	96116.0	190580.0	584416.0	1955359.0	122385.0
	24.0	25.0	26.0	27.0	28.0	29.0	30.0	31.0	32.0	33.0	34.0	35.0	36.0	37.0
Sfa-CBas_048_Ex1_L3_clmp.fp2_repr.R1	14.0	127.0	905.0	3515.0	9792.0	20109.0	32288.0	47362.0	65334.0	93296.0	146939.0	343632.0	3782288.0	825953.0
	22.0	23.0	24.0	25.0	26.0	27.0	28.0	29.0	30.0	31.0	32.0	33.0	34.0	35.0	36.0	37.0
Sfa-CBas_048_Ex1_L3_clmp.fp2_repr.R2	1.0	18.0	178.0	903.0	2851.0	6325.0	12429.0	21013.0	32639.0	51220.0	77077.0	122620.0	227778.0	734775.0	3750279.0	331448.0
	23.0	24.0	25.0	26.0	27.0	28.0	29.0	30.0	31.0	32.0	33.0	34.0	35.0	36.0	37.0
Sfa-CBas_056_Ex1_L3_clmp.fp2_repr.R1	2.0	13.0	122.0	905.0	3735.0	10142.0	20608.0	34034.0	49450.0	68640.0	99803.0	157299.0	370434.0	4111252.0	847867.0
	22.0	23.0	24.0	25.0	26.0	27.0	28.0	29.0	30.0	31.0	32.0	33.0	34.0	35.0	36.0	37.0
Sfa-CBas_056_Ex1_L3_clmp.fp2_repr.R2	2.0	32.0	215.0	1145.0	3766.0	8380.0	15526.0	25371.0	39061.0	59141.0	89200.0	140585.0	263238.0	852837.0	3976115.0	299692.0
	24.0	25.0	26.0	27.0	28.0	29.0	30.0	31.0	32.0	33.0	34.0	35.0	36.0	37.0
Sfa-CBas_059_Ex1_L3_clmp.fp2_repr.R1	8.0	93.0	585.0	2537.0	6968.0	14772.0	24204.0	36073.0	50658.0	74006.0	119084.0	288652.0	3017369.0	549832.0
	23.0	24.0	25.0	26.0	27.0	28.0	29.0	30.0	31.0	32.0	33.0	34.0	35.0	36.0	37.0
Sfa-CBas_059_Ex1_L3_clmp.fp2_repr.R2	19.0	191.0	919.0	3021.0	7067.0	13164.0	21538.0	33355.0	49735.0	75854.0	124233.0	244230.0	755022.0	2686172.0	170321.0
	23.0	24.0	25.0	26.0	27.0	28.0	29.0	30.0	31.0	32.0	33.0	34.0	35.0	36.0	37.0
Sfa-CBas_061_Ex1_L3_clmp.fp2_repr.R1	1.0	10.0	168.0	927.0	3931.0	11108.0	23078.0	37894.0	55194.0	76824.0	110744.0	175521.0	415544.0	4269806.0	811703.0
	23.0	24.0	25.0	26.0	27.0	28.0	29.0	30.0	31.0	32.0	33.0	34.0	35.0	36.0	37.0
Sfa-CBas_061_Ex1_L3_clmp.fp2_repr.R2	26.0	268.0	1340.0	4212.0	9542.0	17716.0	29481.0	45366.0	69023.0	104857.0	168497.0	322512.0	996528.0	3928911.0	294174.0
	23.0	24.0	25.0	26.0	27.0	28.0	29.0	30.0	31.0	32.0	33.0	34.0	35.0	36.0	37.0
Sfa-CBas_062_Ex1_L3_clmp.fp2_repr.R1	1.0	12.0	128.0	967.0	3784.0	10656.0	22741.0	37045.0	53610.0	73507.0	104690.0	161549.0	372976.0	3992456.0	906333.0
	22.0	23.0	24.0	25.0	26.0	27.0	28.0	29.0	30.0	31.0	32.0	33.0	34.0	35.0	36.0	37.0
Sfa-CBas_062_Ex1_L3_clmp.fp2_repr.R2	1.0	17.0	140.0	920.0	3093.0	7197.0	13782.0	24417.0	37998.0	59304.0	90137.0	141157.0	257243.0	797405.0	3939896.0	367748.0
	23.0	24.0	25.0	26.0	27.0	28.0	29.0	30.0	31.0	32.0	33.0	34.0	35.0	36.0	37.0
Sfa-CBas_066_Ex1_L3_clmp.fp2_repr.R1	1.0	10.0	145.0	873.0	3695.0	10252.0	21052.0	34909.0	51660.0	71915.0	105047.0	166946.0	391586.0	4108648.0	814637.0
	22.0	23.0	24.0	25.0	26.0	27.0	28.0	29.0	30.0	31.0	32.0	33.0	34.0	35.0	36.0	37.0
Sfa-CBas_066_Ex1_L3_clmp.fp2_repr.R2	1.0	33.0	236.0	1205.0	4095.0	9467.0	17636.0	29053.0	45464.0	68906.0	105010.0	169056.0	324190.0	995735.0	3735296.0	275993.0
	23.0	24.0	25.0	26.0	27.0	28.0	29.0	30.0	31.0	32.0	33.0	34.0	35.0	36.0	37.0
Sfa-CBas_067_Ex1_L3_clmp.fp2_repr.R1	1.0	9.0	126.0	802.0	3318.0	9417.0	19313.0	32454.0	46342.0	63987.0	91539.0	142386.0	333095.0	3617652.0	890026.0
	23.0	24.0	25.0	26.0	27.0	28.0	29.0	30.0	31.0	32.0	33.0	34.0	35.0	36.0	37.0
Sfa-CBas_067_Ex1_L3_clmp.fp2_repr.R2	13.0	144.0	849.0	2664.0	6124.0	11597.0	20556.0	32414.0	50380.0	76940.0	124321.0	235750.0	744636.0	3544807.0	399272.0
	23.0	24.0	25.0	26.0	27.0	28.0	29.0	30.0	31.0	32.0	33.0	34.0	35.0	36.0	37.0
Sfa-CBas_073_Ex1_L3_clmp.fp2_repr.R1	3.0	13.0	136.0	809.0	3276.0	8897.0	18200.0	29725.0	42362.0	57921.0	82831.0	127782.0	293507.0	3410295.0	816518.0
	22.0	23.0	24.0	25.0	26.0	27.0	28.0	29.0	30.0	31.0	32.0	33.0	34.0	35.0	36.0	37.0
Sfa-CBas_073_Ex1_L3_clmp.fp2_repr.R2	1.0	22.0	170.0	946.0	3114.0	7083.0	12950.0	21775.0	32950.0	49836.0	74100.0	118156.0	222060.0	711436.0	3342677.0	294999.0
	24.0	25.0	26.0	27.0	28.0	29.0	30.0	31.0	32.0	33.0	34.0	35.0	36.0	37.0
Sfa-CBas_076_Ex1_L3_clmp.fp2_repr.R1	11.0	127.0	929.0	3546.0	9678.0	20519.0	33438.0	47443.0	63782.0	89969.0	138809.0	317551.0	3754556.0	945591.0
	23.0	24.0	25.0	26.0	27.0	28.0	29.0	30.0	31.0	32.0	33.0	34.0	35.0	36.0	37.0
Sfa-CBas_076_Ex1_L3_clmp.fp2_repr.R2	26.0	199.0	984.0	2912.0	6533.0	12262.0	20922.0	32673.0	49894.0	75338.0	119248.0	220284.0	729220.0	3784683.0	370771.0
	24.0	25.0	26.0	27.0	28.0	29.0	30.0	31.0	32.0	33.0	34.0	35.0	36.0	37.0
Sfa-CBas_078_Ex1_L3_clmp.fp2_repr.R1	10.0	120.0	826.0	3279.0	9197.0	19199.0	31146.0	45163.0	62835.0	90970.0	145516.0	352978.0	3752215.0	703544.0
	22.0	23.0	24.0	25.0	26.0	27.0	28.0	29.0	30.0	31.0	32.0	33.0	34.0	35.0	36.0	37.0
Sfa-CBas_078_Ex1_L3_clmp.fp2_repr.R2	1.0	24.0	188.0	1042.0	3332.0	7484.0	13712.0	22812.0	35417.0	54353.0	82250.0	132560.0	253153.0	804830.0	3514425.0	291415.0
	24.0	25.0	26.0	27.0	28.0	29.0	30.0	31.0	32.0	33.0	34.0	35.0	36.0	37.0
Sfa-CBas_084_Ex1_L3_clmp.fp2_repr.R1	14.0	79.0	514.0	1853.0	5382.0	11181.0	18530.0	26136.0	34887.0	49144.0	76362.0	174971.0	2088905.0	526297.0
	23.0	24.0	25.0	26.0	27.0	28.0	29.0	30.0	31.0	32.0	33.0	34.0	35.0	36.0	37.0
Sfa-CBas_084_Ex1_L3_clmp.fp2_repr.R2	9.0	94.0	567.0	1668.0	3758.0	7001.0	12120.0	18593.0	28446.0	42100.0	67742.0	127927.0	429432.0	2083565.0	191233.0
	23.0	24.0	25.0	26.0	27.0	28.0	29.0	30.0	31.0	32.0	33.0	34.0	35.0	36.0	37.0
Sfa-CBas_086_Ex1_L3_clmp.fp2_repr.R1	2.0	12.0	93.0	787.0	3091.0	8438.0	17153.0	27704.0	40315.0	55977.0	81763.0	130024.0	313378.0	3292332.0	637736.0
	22.0	23.0	24.0	25.0	26.0	27.0	28.0	29.0	30.0	31.0	32.0	33.0	34.0	35.0	36.0	37.0
Sfa-CBas_086_Ex1_L3_clmp.fp2_repr.R2	2.0	24.0	175.0	923.0	2933.0	6668.0	12187.0	20151.0	30978.0	47635.0	71839.0	113676.0	218124.0	710538.0	3132413.0	240539.0
	23.0	24.0	25.0	26.0	27.0	28.0	29.0	30.0	31.0	32.0	33.0	34.0	35.0	36.0	37.0
Sfa-CBas_088_Ex1_L3_clmp.fp2_repr.R1	3.0	10.0	129.0	745.0	3294.0	9051.0	19283.0	31186.0	45271.0	61909.0	88522.0	140915.0	343631.0	3787436.0	754243.0
	22.0	23.0	24.0	25.0	26.0	27.0	28.0	29.0	30.0	31.0	32.0	33.0	34.0	35.0	36.0	37.0
Sfa-CBas_088_Ex1_L3_clmp.fp2_repr.R2	1.0	17.0	167.0	893.0	2757.0	6361.0	12169.0	20435.0	31941.0	48440.0	73553.0	118524.0	225520.0	740475.0	3639059.0	365316.0
	23.0	24.0	25.0	26.0	27.0	28.0	29.0	30.0	31.0	32.0	33.0	34.0	35.0	36.0	37.0
Sfa-CBas_090_Ex1_L3_clmp.fp2_repr.R1	1.0	5.0	79.0	518.0	2137.0	5870.0	11947.0	19168.0	28125.0	39706.0	57994.0	91468.0	212199.0	2230603.0	456302.0
	23.0	24.0	25.0	26.0	27.0	28.0	29.0	30.0	31.0	32.0	33.0	34.0	35.0	36.0	37.0
Sfa-CBas_090_Ex1_L3_clmp.fp2_repr.R2	14.0	178.0	882.0	2950.0	6634.0	11786.0	19167.0	29087.0	43354.0	65168.0	104950.0	204160.0	613324.0	1946207.0	108261.0
	23.0	24.0	25.0	26.0	27.0	28.0	29.0	30.0	31.0	32.0	33.0	34.0	35.0	36.0	37.0
Sfa-CBas_091_Ex1_L3_clmp.fp2_repr.R1	1.0	16.0	179.0	983.0	3918.0	10724.0	21649.0	35482.0	50140.0	67957.0	96197.0	150291.0	352194.0	3984672.0	896444.0
	22.0	23.0	24.0	25.0	26.0	27.0	28.0	29.0	30.0	31.0	32.0	33.0	34.0	35.0	36.0	37.0
Sfa-CBas_091_Ex1_L3_clmp.fp2_repr.R2	1.0	16.0	136.0	766.0	2614.0	5683.0	11142.0	18938.0	29914.0	46115.0	69726.0	109216.0	198174.0	636979.0	4093166.0	448261.0
	23.0	24.0	25.0	26.0	27.0	28.0	29.0	30.0	31.0	32.0	33.0	34.0	35.0	36.0	37.0
Sfa-CBas_092_Ex1_L3_clmp.fp2_repr.R1	1.0	10.0	152.0	872.0	3616.0	9834.0	20064.0	32604.0	48289.0	67284.0	97733.0	155166.0	357382.0	3816096.0	817748.0
	22.0	23.0	24.0	25.0	26.0	27.0	28.0	29.0	30.0	31.0	32.0	33.0	34.0	35.0	36.0	37.0
Sfa-CBas_092_Ex1_L3_clmp.fp2_repr.R2	1.0	33.0	267.0	1508.0	4915.0	10871.0	19864.0	32134.0	48164.0	72374.0	108715.0	175246.0	343419.0	1036830.0	3367709.0	204801.0
	23.0	24.0	25.0	26.0	27.0	28.0	29.0	30.0	31.0	32.0	33.0	34.0	35.0	36.0	37.0
Sfa-CBas_096_Ex1_L3_clmp.fp2_repr.R1	1.0	20.0	173.0	969.0	3892.0	10641.0	21839.0	35778.0	50704.0	68986.0	97774.0	151006.0	349164.0	4203025.0	1001402.0
	22.0	23.0	24.0	25.0	26.0	27.0	28.0	29.0	30.0	31.0	32.0	33.0	34.0	35.0	36.0	37.0
Sfa-CBas_096_Ex1_L3_clmp.fp2_repr.R2	3.0	30.0	222.0	1096.0	3356.0	7601.0	14107.0	23850.0	36397.0	55384.0	83843.0	130665.0	242420.0	803117.0	4224098.0	369185.0

