Sample	32	37	42	47	52	57	62	67	72	77	82	87	92	97	102	107	112	117	122	127	132	137	142	147	150
Sne-ABir_001-Ex1-9A-lcwgs-1-1.clmp.r1	171.0	787.0	1356.0	2289.0	3537.0	4994.0	7495.0	11006.0	14809.0	18005.0	21246.0	23594.0	25790.0	27653.0	29814.0	32036.0	34038.0	36566.0	38769.0	40960.0	42952.0	45972.0	50301.0	68718.0	748358.0
Sne-ABir_001-Ex1-9A-lcwgs-1-1.clmp.r2	174.0	792.0	1361.0	2300.0	3553.0	4960.0	7480.0	11049.0	14810.0	17945.0	21223.0	23580.0	25701.0	27579.0	29763.0	31919.0	33913.0	36440.0	38669.0	40886.0	42871.0	46040.0	51453.0	98720.0	718035.0
Sne-ABir_002-Ex1-9B-lcwgs-1-1.clmp.r1	18.0	79.0	122.0	179.0	274.0	393.0	548.0	729.0	880.0	1128.0	1320.0	1371.0	1519.0	1624.0	1658.0	1639.0	1683.0	1636.0	1593.0	1453.0	1419.0	1301.0	1134.0	1117.0	5956.0
Sne-ABir_002-Ex1-9B-lcwgs-1-1.clmp.r2	18.0	78.0	124.0	182.0	278.0	394.0	549.0	732.0	877.0	1133.0	1318.0	1375.0	1515.0	1620.0	1661.0	1638.0	1673.0	1633.0	1593.0	1456.0	1421.0	1297.0	1143.0	1367.0	5698.0
Sne-ABir_003-Ex1-9C-lcwgs-1-1.clmp.r1	96.0	378.0	627.0	957.0	1330.0	1977.0	2820.0	4049.0	5375.0	6984.0	8144.0	9334.0	10392.0	11361.0	12133.0	12786.0	13600.0	14051.0	14916.0	15634.0	15815.0	16541.0	17891.0	31562.0	514623.0
Sne-ABir_003-Ex1-9C-lcwgs-1-1.clmp.r2	98.0	381.0	624.0	968.0	1337.0	1982.0	2838.0	4065.0	5364.0	6968.0	8144.0	9342.0	10390.0	11354.0	12105.0	12761.0	13572.0	14023.0	14905.0	15608.0	15831.0	16731.0	18869.0	56219.0	488897.0
Sne-ABir_004-Ex1-9D-lcwgs-1-1.clmp.r1	20.0	112.0	177.0	266.0	348.0	485.0	573.0	683.0	856.0	988.0	1102.0	1298.0	1460.0	1492.0	1783.0	1841.0	2056.0	2116.0	2265.0	2436.0	2698.0	3000.0	3563.0	7333.0	136476.0
Sne-ABir_004-Ex1-9D-lcwgs-1-1.clmp.r2	19.0	111.0	176.0	265.0	351.0	486.0	577.0	689.0	861.0	987.0	1101.0	1293.0	1457.0	1491.0	1789.0	1847.0	2045.0	2112.0	2259.0	2435.0	2704.0	3030.0	3741.0	13720.0	129881.0
Sne-ABir_005-Ex1-9E-lcwgs-1-1.clmp.r1	27.0	75.0	95.0	146.0	192.0	289.0	396.0	584.0	727.0	911.0	1080.0	1212.0	1267.0	1369.0	1507.0	1544.0	1631.0	1645.0	1719.0	1619.0	1745.0	1733.0	1705.0	2488.0	27308.0
Sne-ABir_005-Ex1-9E-lcwgs-1-1.clmp.r2	26.0	74.0	94.0	147.0	195.0	290.0	399.0	586.0	736.0	908.0	1077.0	1217.0	1267.0	1373.0	1508.0	1540.0	1631.0	1644.0	1708.0	1621.0	1750.0	1737.0	1744.0	3720.0	26022.0
Sne-ABir_006-Ex1-9F-lcwgs-1-1.clmp.r1	7.0	20.0	29.0	30.0	44.0	42.0	97.0	107.0	123.0	184.0	185.0	211.0	230.0	256.0	264.0	294.0	282.0	321.0	310.0	332.0	357.0	361.0	445.0	1301.0	27503.0
Sne-ABir_006-Ex1-9F-lcwgs-1-1.clmp.r2	7.0	20.0	29.0	31.0	47.0	43.0	97.0	109.0	122.0	184.0	186.0	214.0	227.0	258.0	265.0	293.0	282.0	316.0	310.0	335.0	359.0	361.0	485.0	2847.0	25908.0
Sne-ABir_007-Ex1-9G-lcwgs-1-1.clmp.r1	15.0	67.0	122.0	165.0	321.0	448.0	689.0	1054.0	1435.0	1765.0	2085.0	2528.0	2788.0	2920.0	3201.0	3402.0	3573.0	3757.0	3800.0	3963.0	4071.0	4171.0	4376.0	7630.0	118637.0
Sne-ABir_007-Ex1-9G-lcwgs-1-1.clmp.r2	16.0	67.0	123.0	170.0	322.0	445.0	687.0	1054.0	1437.0	1772.0	2088.0	2525.0	2775.0	2929.0	3200.0	3400.0	3568.0	3754.0	3794.0	3958.0	4077.0	4215.0	4580.0	13320.0	112707.0
Sne-ABir_008-Ex1-9H-lcwgs-1-1.clmp.r1	109.0	378.0	495.0	570.0	771.0	860.0	1124.0	1532.0	1829.0	2184.0	2630.0	2868.0	3063.0	3362.0	3716.0	3791.0	4111.0	4150.0	4314.0	4551.0	4618.0	4759.0	5124.0	9545.0	154566.0
Sne-ABir_008-Ex1-9H-lcwgs-1-1.clmp.r2	111.0	381.0	493.0	571.0	771.0	860.0	1128.0	1528.0	1826.0	2191.0	2628.0	2867.0	3060.0	3365.0	3718.0	3793.0	4109.0	4141.0	4294.0	4554.0	4617.0	4783.0	5381.0	17316.0	146534.0
Sne-ABir_009-Ex1-10A-lcwgs-1-1.clmp.r1	100.0	313.0	530.0	813.0	1110.0	1393.0	1886.0	2612.0	3244.0	4084.0	4776.0	5546.0	5950.0	6597.0	7051.0	7528.0	7967.0	8302.0	8775.0	9011.0	9303.0	9821.0	10742.0	18711.0	288657.0
Sne-ABir_009-Ex1-10A-lcwgs-1-1.clmp.r2	100.0	309.0	529.0	810.0	1103.0	1400.0	1892.0	2617.0	3255.0	4083.0	4768.0	5534.0	5961.0	6592.0	7035.0	7515.0	7971.0	8286.0	8764.0	9018.0	9309.0	9871.0	11278.0	32647.0	274175.0
Sne-ABir_010-Ex1-10B-lcwgs-1-1.clmp.r1	68.0	288.0	483.0	694.0	869.0	1063.0	1482.0	1731.0	2169.0	2564.0	3004.0	3454.0	3735.0	3974.0	4285.0	4468.0	4798.0	5096.0	5238.0	5490.0	5613.0	5910.0	6593.0	12881.0	210402.0
Sne-ABir_010-Ex1-10B-lcwgs-1-1.clmp.r2	66.0	288.0	480.0	691.0	862.0	1072.0	1484.0	1732.0	2168.0	2559.0	2998.0	3466.0	3736.0	3972.0	4289.0	4463.0	4793.0	5092.0	5222.0	5481.0	5630.0	5944.0	6903.0	23240.0	199721.0
Sne-ABir_011-Ex1-10C-lcwgs-1-1.clmp.r1	2274.0	10717.0	19213.0	28478.0	36939.0	44091.0	52178.0	60570.0	67451.0	71566.0	75597.0	75843.0	75421.0	74205.0	71955.0	68987.0	65129.0	61935.0	58136.0	53921.0	50251.0	47686.0	45681.0	48395.0	274050.0
Sne-ABir_011-Ex1-10C-lcwgs-1-1.clmp.r2	2274.0	10709.0	19221.0	28490.0	36817.0	44059.0	52132.0	60482.0	67418.0	71457.0	75482.0	75799.0	75350.0	73876.0	71648.0	68675.0	64824.0	61537.0	57827.0	53632.0	50017.0	47822.0	46570.0	60489.0	264062.0
Sne-ABir_012-Ex1-10D-lcwgs-1-1.clmp.r1	1444.0	6376.0	10400.0	14489.0	17942.0	20807.0	23877.0	27355.0	30080.0	32756.0	34648.0	36109.0	36351.0	36652.0	35961.0	35328.0	34392.0	32881.0	31485.0	30005.0	28413.0	27668.0	26492.0	28041.0	180553.0
Sne-ABir_012-Ex1-10D-lcwgs-1-1.clmp.r2	1442.0	6370.0	10365.0	14448.0	17891.0	20810.0	23890.0	27330.0	30115.0	32677.0	34490.0	36040.0	36267.0	36517.0	35865.0	35143.0	34148.0	32705.0	31279.0	29856.0	28255.0	27732.0	27048.0	37002.0	172820.0
Sne-ABir_013-Ex1-10E-lcwgs-1-1.clmp.r1	2448.0	11595.0	21526.0	31645.0	41245.0	49352.0	59643.0	70770.0	80307.0	87523.0	91816.0	94138.0	93821.0	92722.0	89754.0	85832.0	82183.0	77532.0	72520.0	66988.0	61530.0	58895.0	54830.0	55783.0	312754.0
Sne-ABir_013-Ex1-10E-lcwgs-1-1.clmp.r2	2451.0	11636.0	21515.0	31616.0	41112.0	49318.0	59621.0	70733.0	80195.0	87361.0	91636.0	93775.0	93586.0	92344.0	89264.0	85346.0	81499.0	76946.0	71991.0	66494.0	61169.0	58970.0	56111.0	72961.0	299502.0
Sne-ABir_014-Ex1-10F-lcwgs-1-1.clmp.r1	1441.0	6373.0	11869.0	18024.0	24185.0	30125.0	37359.0	45725.0	53486.0	59618.0	64830.0	67736.0	70123.0	70477.0	70063.0	69330.0	67245.0	65081.0	62445.0	59691.0	56701.0	56385.0	54553.0	61362.0	382831.0
Sne-ABir_014-Ex1-10F-lcwgs-1-1.clmp.r2	1441.0	6369.0	11853.0	18029.0	24185.0	30137.0	37348.0	45727.0	53502.0	59509.0	64612.0	67468.0	70014.0	70358.0	69801.0	68966.0	66867.0	64679.0	62004.0	59362.0	56501.0	56742.0	55803.0	77972.0	367809.0
Sne-ABir_015-Ex1-10G-lcwgs-1-1.clmp.r1	4126.0	18596.0	31783.0	44966.0	56591.0	67537.0	79208.0	91183.0	101760.0	109229.0	114625.0	118198.0	117962.0	116296.0	114023.0	110117.0	104540.0	99234.0	92420.0	85965.0	79489.0	75087.0	69879.0	73884.0	388549.0
Sne-ABir_015-Ex1-10G-lcwgs-1-1.clmp.r2	4116.0	18547.0	31753.0	45034.0	56551.0	67443.0	79122.0	91163.0	101666.0	109055.0	114447.0	117849.0	117650.0	116002.0	113611.0	109553.0	103920.0	98449.0	91850.0	85469.0	79081.0	75447.0	71372.0	91929.0	374168.0
Sne-ABir_017-Ex1-11A-lcwgs-1-1.clmp.r1	1123.0	5268.0	8820.0	12895.0	16835.0	21407.0	27050.0	34184.0	41917.0	48150.0	54434.0	57813.0	60708.0	61884.0	62806.0	62791.0	61347.0	60191.0	57487.0	54367.0	52405.0	50428.0	48641.0	50747.0	303808.0
Sne-ABir_017-Ex1-11A-lcwgs-1-1.clmp.r2	1124.0	5271.0	8822.0	12904.0	16852.0	21380.0	26949.0	34128.0	41948.0	48090.0	54331.0	57744.0	60519.0	61770.0	62586.0	62360.0	61118.0	59953.0	57260.0	54214.0	52291.0	50508.0	49324.0	63990.0	292070.0
Sne-ABir_018-Ex1-11B-lcwgs-1-1.clmp.r1	1739.0	8278.0	14853.0	23710.0	33196.0	44735.0	60176.0	78982.0	98991.0	117426.0	131603.0	141156.0	149434.0	153141.0	155306.0	154349.0	152158.0	148464.0	141787.0	134660.0	127894.0	125571.0	119964.0	128918.0	773130.0
Sne-ABir_018-Ex1-11B-lcwgs-1-1.clmp.r2	1736.0	8282.0	14891.0	23687.0	33187.0	44726.0	60158.0	78920.0	98991.0	117226.0	131295.0	141121.0	149096.0	152671.0	154936.0	153784.0	151371.0	147417.0	140909.0	134067.0	127815.0	125889.0	121864.0	161368.0	744214.0
Sne-ABir_019-Ex1-11C-lcwgs-1-1.clmp.r1	2764.0	12730.0	21765.0	31605.0	40727.0	49339.0	60510.0	72348.0	83718.0	93382.0	100519.0	104093.0	106185.0	106132.0	104840.0	101767.0	98376.0	94031.0	88927.0	83456.0	78912.0	75913.0	72254.0	76745.0	459710.0
Sne-ABir_019-Ex1-11C-lcwgs-1-1.clmp.r2	2752.0	12797.0	21740.0	31501.0	40636.0	49313.0	60584.0	72333.0	83599.0	93351.0	100401.0	103746.0	105852.0	105808.0	104429.0	101282.0	97841.0	93580.0	88490.0	83019.0	78666.0	76188.0	73553.0	97484.0	441803.0
Sne-ABir_020-Ex1-11D-lcwgs-1-1.clmp.r1	6098.0	33097.0	67947.0	106501.0	139586.0	163525.0	178513.0	187385.0	187929.0	181711.0	170245.0	156110.0	140752.0	124347.0	108395.0	93402.0	80142.0	68566.0	58211.0	49445.0	41842.0	35901.0	31292.0	30272.0	137956.0
Sne-ABir_020-Ex1-11D-lcwgs-1-1.clmp.r2	6070.0	33055.0	67927.0	106317.0	139466.0	163505.0	178428.0	187107.0	187703.0	181582.0	169941.0	155651.0	140235.0	123923.0	107985.0	92955.0	79590.0	68148.0	57865.0	49123.0	41775.0	36314.0	32373.0	38242.0	133890.0
Sne-ABir_021-Ex1-11E-lcwgs-1-1.clmp.r1	1963.0	9249.0	17453.0	27051.0	37776.0	48477.0	61113.0	74870.0	86572.0	96503.0	103023.0	106862.0	108571.0	109175.0	107123.0	104199.0	100589.0	95623.0	91165.0	85676.0	80195.0	76527.0	72398.0	77132.0	425842.0
Sne-ABir_021-Ex1-11E-lcwgs-1-1.clmp.r2	1963.0	9236.0	17421.0	27044.0	37805.0	48429.0	61137.0	74673.0	86616.0	96403.0	102833.0	106573.0	108216.0	108690.0	106613.0	103645.0	99940.0	95123.0	90520.0	84950.0	79771.0	76997.0	74172.0	97369.0	408988.0
Sne-ABir_022-Ex1-11F-lcwgs-1-1.clmp.r1	1455.0	6715.0	12163.0	18646.0	25492.0	33487.0	43479.0	56094.0	68131.0	79079.0	88113.0	94586.0	97783.0	100480.0	100984.0	99190.0	95967.0	92991.0	88206.0	84115.0	78742.0	76335.0	73362.0	78172.0	476244.0
Sne-ABir_022-Ex1-11F-lcwgs-1-1.clmp.r2	1451.0	6743.0	12197.0	18657.0	25494.0	33422.0	43449.0	56107.0	68046.0	78975.0	87850.0	94384.0	97668.0	100151.0	100548.0	98846.0	95627.0	92660.0	87687.0	83537.0	78514.0	76533.0	74606.0	98905.0	457954.0
Sne-ABir_023-Ex1-11G-lcwgs-1-1.clmp.r1	1087.0	5377.0	9803.0	14921.0	20315.0	26007.0	32978.0	41991.0	51987.0	60989.0	69330.0	76293.0	81397.0	84746.0	86714.0	86684.0	86606.0	84158.0	80880.0	76631.0	73014.0	69728.0	66535.0	68733.0	395763.0
Sne-ABir_023-Ex1-11G-lcwgs-1-1.clmp.r2	1099.0	5371.0	9825.0	14872.0	20314.0	25952.0	32981.0	41924.0	51964.0	61046.0	69159.0	76148.0	81286.0	84538.0	86451.0	86422.0	86390.0	83963.0	80398.0	76167.0	72703.0	69898.0	67393.0	86113.0	380290.0
Sne-ABir_024-Ex1-11H-lcwgs-1-1.clmp.r1	2399.0	11075.0	18767.0	26431.0	33055.0	39921.0	47454.0	55404.0	63837.0	69584.0	74557.0	77569.0	79238.0	78683.0	78111.0	76488.0	74683.0	71877.0	68917.0	65984.0	62727.0	60814.0	58339.0	63414.0	399162.0
Sne-ABir_024-Ex1-11H-lcwgs-1-1.clmp.r2	2379.0	11065.0	18785.0	26414.0	33079.0	39933.0	47338.0	55273.0	63759.0	69514.0	74523.0	77482.0	78978.0	78356.0	77855.0	76233.0	74342.0	71526.0	68521.0	65725.0	62666.0	60829.0	59681.0	79882.0	384352.0
Sne-ABir_025-Ex1-12A-lcwgs-1-1.clmp.r1	4250.0	19000.0	32949.0	47411.0	59959.0	72373.0	87200.0	102893.0	118013.0	129924.0	138201.0	142200.0	144454.0	142190.0	140728.0	136768.0	131263.0	124319.0	118229.0	110611.0	103426.0	98044.0	93409.0	99652.0	572192.0
Sne-ABir_025-Ex1-12A-lcwgs-1-1.clmp.r2	4238.0	18975.0	32926.0	47350.0	59826.0	72390.0	87097.0	102810.0	117898.0	129850.0	138010.0	141808.0	144129.0	141894.0	140206.0	135991.0	130700.0	123464.0	117430.0	110042.0	103429.0	98705.0	95141.0	125225.0	550124.0
Sne-ABir_026-Ex1-12B-lcwgs-1-1.clmp.r1	3309.0	15415.0	27940.0	40243.0	52473.0	65247.0	79252.0	95380.0	110236.0	121518.0	128684.0	135019.0	135534.0	133895.0	131281.0	126622.0	121644.0	114923.0	108005.0	100612.0	93391.0	88473.0	82391.0	85017.0	470256.0
Sne-ABir_026-Ex1-12B-lcwgs-1-1.clmp.r2	3314.0	15402.0	27912.0	40177.0	52414.0	65248.0	79203.0	95325.0	110168.0	121416.0	128494.0	134616.0	135195.0	133499.0	131004.0	126206.0	121269.0	114252.0	107161.0	100212.0	93207.0	88598.0	84034.0	105480.0	452954.0
Sne-ABir_027-Ex1-12C-lcwgs-1-1.clmp.r1	1240.0	5273.0	8976.0	13637.0	18563.0	24189.0	32371.0	41699.0	51969.0	60500.0	67230.0	72010.0	75639.0	77506.0	78562.0	78309.0	77192.0	75479.0	73286.0	70066.0	66545.0	65987.0	64410.0	72161.0	468962.0
Sne-ABir_027-Ex1-12C-lcwgs-1-1.clmp.r2	1242.0	5272.0	9002.0	13663.0	18555.0	24223.0	32403.0	41578.0	51818.0	60372.0	67187.0	71834.0	75513.0	77275.0	78080.0	77969.0	76909.0	75029.0	72812.0	69636.0	66251.0	66149.0	65809.0	94291.0	448889.0
Sne-ABir_028-Ex1-12D-lcwgs-1-1.clmp.r1	269.0	945.0	1546.0	2356.0	3400.0	4752.0	6770.0	9411.0	12754.0	15578.0	18563.0	20867.0	22790.0	24262.0	25584.0	26427.0	27051.0	26898.0	27402.0	26616.0	26566.0	26596.0	26840.0	33070.0	300958.0
Sne-ABir_028-Ex1-12D-lcwgs-1-1.clmp.r2	269.0	949.0	1548.0	2338.0	3418.0	4791.0	6751.0	9424.0	12743.0	15527.0	18508.0	20879.0	22751.0	24185.0	25538.0	26360.0	26949.0	26769.0	27231.0	26582.0	26453.0	26708.0	27459.0	46777.0	287364.0
Sne-CCab_016-Ex1-1A-lcwgs-1-1.clmp.r1	974.0	3947.0	6669.0	9191.0	11485.0	12457.0	13625.0	14912.0	15731.0	16961.0	17812.0	18476.0	19126.0	19673.0	20510.0	21609.0	22627.0	22948.0	24141.0	25327.0	27188.0	32375.0	37319.0	73357.0	1163846.0
Sne-CCab_016-Ex1-1A-lcwgs-1-1.clmp.r2	966.0	3955.0	6674.0	9187.0	11442.0	12441.0	13637.0	14909.0	15755.0	16928.0	17751.0	18503.0	19090.0	19662.0	20500.0	21480.0	22534.0	22908.0	24122.0	25393.0	27306.0	33089.0	40253.0	131636.0	1102165.0
Sne-CCab_017-Ex1-1B-lcwgs-1-1.clmp.r1	826.0	3289.0	5189.0	7298.0	8462.0	9740.0	10522.0	11328.0	11940.0	12767.0	13413.0	13736.0	14117.0	14798.0	14844.0	15412.0	16039.0	16411.0	17255.0	17643.0	18706.0	22166.0	24926.0	52335.0	864163.0
Sne-CCab_017-Ex1-1B-lcwgs-1-1.clmp.r2	838.0	3287.0	5194.0	7303.0	8449.0	9699.0	10510.0	11337.0	11977.0	12708.0	13373.0	13719.0	14137.0	14743.0	14855.0	15391.0	15991.0	16319.0	17213.0	17653.0	18804.0	22973.0	27209.0	98022.0	815621.0
Sne-CCab_018-Ex1-1C-lcwgs-1-1.clmp.r1	1226.0	5245.0	8378.0	11418.0	13410.0	14673.0	15708.0	16709.0	17416.0	18001.0	18535.0	19094.0	19362.0	19935.0	20151.0	20732.0	20453.0	21200.0	21702.0	22365.0	23260.0	26718.0	30291.0	57939.0	911872.0
Sne-CCab_018-Ex1-1C-lcwgs-1-1.clmp.r2	1231.0	5265.0	8368.0	11382.0	13421.0	14682.0	15689.0	16707.0	17412.0	17969.0	18530.0	19064.0	19303.0	19860.0	20078.0	20618.0	20372.0	21199.0	21616.0	22351.0	23405.0	27572.0	32614.0	106921.0	860164.0
Sne-CCab_019-Ex1-1D-lcwgs-1-1.clmp.r1	780.0	2469.0	3147.0	3987.0	4489.0	4950.0	5263.0	6005.0	6716.0	7327.0	7746.0	8801.0	9515.0	10114.0	10716.0	11742.0	12820.0	13861.0	15431.0	16973.0	19808.0	26378.0	33950.0	93376.0	1838250.0
Sne-CCab_019-Ex1-1D-lcwgs-1-1.clmp.r2	793.0	2466.0	3159.0	4006.0	4489.0	4955.0	5311.0	5999.0	6745.0	7352.0	7754.0	8797.0	9538.0	10100.0	10717.0	11720.0	12872.0	13958.0	15451.0	17156.0	20276.0	27839.0	38854.0	196758.0	1727549.0
Sne-CCab_020-Ex1-1E-lcwgs-1-1.clmp.r1	894.0	3362.0	5258.0	6580.0	7735.0	8417.0	9276.0	9998.0	10885.0	11716.0	12257.0	13154.0	13532.0	14190.0	15227.0	15768.0	16418.0	17408.0	18907.0	20250.0	22416.0	28067.0	34172.0	79678.0	1485582.0
Sne-CCab_020-Ex1-1E-lcwgs-1-1.clmp.r2	891.0	3340.0	5245.0	6605.0	7753.0	8432.0	9289.0	10019.0	10846.0	11719.0	12219.0	13108.0	13520.0	14174.0	15159.0	15726.0	16404.0	17434.0	18969.0	20327.0	22489.0	28846.0	37705.0	161394.0	1399534.0
Sne-CCab_021-Ex1-1F-lcwgs-1-1.clmp.r1	482.0	1178.0	1225.0	1330.0	1482.0	1795.0	2086.0	2540.0	3271.0	3908.0	4629.0	5422.0	6479.0	7427.0	8904.0	10207.0	11919.0	13855.0	16254.0	19096.0	23434.0	34006.0	44723.0	118114.0	2348067.0
Sne-CCab_021-Ex1-1F-lcwgs-1-1.clmp.r2	487.0	1200.0	1237.0	1358.0	1493.0	1798.0	2110.0	2562.0	3265.0	3962.0	4631.0	5455.0	6526.0	7418.0	8892.0	10171.0	11956.0	13954.0	16309.0	19385.0	23853.0	35993.0	50461.0	241287.0	2216070.0
Sne-CCab_022-Ex1-1G-lcwgs-1-1.clmp.r1	794.0	2649.0	3906.0	5024.0	6390.0	7350.0	8287.0	9393.0	10837.0	11905.0	12981.0	14248.0	15482.0	16804.0	18221.0	19472.0	21711.0	22920.0	25352.0	27993.0	31976.0	40813.0	50404.0	117249.0	2204026.0
Sne-CCab_022-Ex1-1G-lcwgs-1-1.clmp.r2	799.0	2659.0	3932.0	5067.0	6383.0	7334.0	8310.0	9387.0	10840.0	11876.0	12982.0	14215.0	15459.0	16752.0	18291.0	19426.0	21615.0	22907.0	25333.0	28122.0	32269.0	42254.0	55419.0	226596.0	2087960.0
Sne-CCab_023-Ex1-1H-lcwgs-1-1.clmp.r1	660.0	2183.0	3124.0	4212.0	5220.0	6330.0	7482.0	8567.0	9982.0	11557.0	12975.0	13980.0	15321.0	16418.0	18006.0	19328.0	20529.0	22198.0	24212.0	26071.0	29797.0	37129.0	45035.0	96305.0	1720488.0
Sne-CCab_023-Ex1-1H-lcwgs-1-1.clmp.r2	662.0	2194.0	3136.0	4221.0	5213.0	6318.0	7478.0	8546.0	10048.0	11598.0	12984.0	13922.0	15302.0	16396.0	17979.0	19381.0	20448.0	22131.0	24205.0	26185.0	30000.0	38233.0	48875.0	180913.0	1630741.0
Sne-CCab_024-Ex1-2A-lcwgs-1-1.clmp.r1	608.0	2431.0	4262.0	6663.0	9264.0	11875.0	14018.0	16467.0	18818.0	20865.0	22806.0	24329.0	25682.0	27346.0	28344.0	29732.0	30731.0	32150.0	33833.0	35649.0	37675.0	44529.0	51117.0	96411.0	1504726.0
Sne-CCab_024-Ex1-2A-lcwgs-1-1.clmp.r2	620.0	2444.0	4228.0	6673.0	9221.0	11894.0	14036.0	16436.0	18753.0	20840.0	22804.0	24232.0	25624.0	27278.0	28226.0	29592.0	30538.0	32106.0	33824.0	35567.0	37876.0	45601.0	54726.0	169649.0	1427543.0
Sne-CCab_025-Ex1-2B-lcwgs-1-1.clmp.r1	682.0	2862.0	4457.0	6332.0	8003.0	9124.0	10721.0	11994.0	13560.0	14778.0	16066.0	16758.0	18057.0	18994.0	19874.0	21271.0	22228.0	23527.0	24955.0	26729.0	29319.0	35176.0	41024.0	83257.0	1410861.0
Sne-CCab_025-Ex1-2B-lcwgs-1-1.clmp.r2	682.0	2863.0	4483.0	6347.0	8014.0	9089.0	10710.0	12034.0	13563.0	14739.0	16084.0	16765.0	17997.0	18991.0	19842.0	21192.0	22132.0	23391.0	24851.0	26767.0	29556.0	36288.0	44382.0	154785.0	1335062.0
Sne-CCab_026-Ex1-2C-lcwgs-1-1.clmp.r1	685.0	2007.0	2756.0	3603.0	4357.0	5136.0	5889.0	7070.0	7906.0	9116.0	10260.0	11429.0	12440.0	13694.0	14882.0	16872.0	18460.0	20507.0	22898.0	26198.0	30543.0	40716.0	51256.0	122801.0	2329396.0
Sne-CCab_026-Ex1-2C-lcwgs-1-1.clmp.r2	691.0	2020.0	2757.0	3630.0	4385.0	5148.0	5897.0	7035.0	7932.0	9166.0	10240.0	11401.0	12437.0	13694.0	14858.0	16841.0	18460.0	20486.0	23086.0	26305.0	31106.0	42554.0	56998.0	245332.0	2198418.0
Sne-CCab_027-Ex1-2D-lcwgs-1-1.clmp.r1	590.0	2185.0	3209.0	4630.0	5726.0	6526.0	7474.0	8268.0	9112.0	10162.0	10908.0	11783.0	12300.0	12614.0	13458.0	14037.0	14546.0	15671.0	16757.0	17830.0	19538.0	24829.0	29771.0	67546.0	1205965.0
Sne-CCab_027-Ex1-2D-lcwgs-1-1.clmp.r2	587.0	2179.0	3197.0	4608.0	5727.0	6571.0	7471.0	8240.0	9124.0	10183.0	10931.0	11791.0	12281.0	12589.0	13463.0	14006.0	14553.0	15639.0	16677.0	18023.0	19781.0	25453.0	32619.0	132320.0	1137422.0
Sne-CCab_028-Ex1-2E-lcwgs-1-1.clmp.r1	539.0	1848.0	2652.0	3536.0	4164.0	4863.0	5445.0	6363.0	7086.0	7962.0	8783.0	9496.0	10208.0	10927.0	11950.0	12862.0	13683.0	15207.0	16654.0	18370.0	20848.0	27638.0	34311.0	80077.0	1495754.0
Sne-CCab_028-Ex1-2E-lcwgs-1-1.clmp.r2	539.0	1842.0	2674.0	3571.0	4157.0	4886.0	5457.0	6386.0	7112.0	7964.0	8791.0	9502.0	10186.0	10941.0	11927.0	12801.0	13670.0	15186.0	16672.0	18529.0	21121.0	28329.0	37885.0	161499.0	1409599.0
Sne-CCab_029-Ex1-2F-lcwgs-1-1.clmp.r1	660.0	2230.0	3524.0	4700.0	5996.0	7200.0	8287.0	9644.0	10938.0	12292.0	13557.0	14271.0	15445.0	16393.0	17710.0	18603.0	20005.0	21307.0	23062.0	24979.0	27865.0	34668.0	41895.0	91285.0	1659359.0
Sne-CCab_029-Ex1-2F-lcwgs-1-1.clmp.r2	662.0	2237.0	3543.0	4672.0	5996.0	7210.0	8314.0	9581.0	10944.0	12338.0	13495.0	14239.0	15454.0	16372.0	17716.0	18564.0	19908.0	21336.0	23112.0	25030.0	28209.0	35506.0	45618.0	175891.0	1569928.0
Sne-CCab_030-Ex1-2G-lcwgs-1-1.clmp.r1	532.0	1638.0	2334.0	3164.0	3929.0	4526.0	5133.0	5768.0	6549.0	7384.0	7998.0	8705.0	9312.0	10066.0	10661.0	11299.0	12160.0	13277.0	14571.0	15873.0	17962.0	23258.0	28629.0	67568.0	1266037.0
Sne-CCab_030-Ex1-2G-lcwgs-1-1.clmp.r2	528.0	1638.0	2341.0	3174.0	3903.0	4526.0	5155.0	5811.0	6575.0	7370.0	8022.0	8720.0	9274.0	10075.0	10654.0	11288.0	12151.0	13280.0	14597.0	15949.0	18311.0	24006.0	31643.0	133777.0	1195565.0
Sne-CCab_031-Ex1-2H-lcwgs-1-1.clmp.r1	740.0	3185.0	4847.0	6594.0	7544.0	8567.0	9278.0	9823.0	10416.0	11196.0	11363.0	12016.0	12308.0	12763.0	12779.0	13053.0	13478.0	13780.0	14390.0	14941.0	15650.0	17864.0	20097.0	38710.0	609870.0
Sne-CCab_031-Ex1-2H-lcwgs-1-1.clmp.r2	749.0	3161.0	4863.0	6597.0	7540.0	8590.0	9327.0	9754.0	10390.0	11231.0	11354.0	11970.0	12291.0	12733.0	12690.0	12979.0	13447.0	13798.0	14293.0	14866.0	15764.0	18252.0	21399.0	69940.0	577274.0
Sne-CCab_032-Ex1-3A-lcwgs-1-1.clmp.r1	864.0	3363.0	5545.0	8088.0	10187.0	11621.0	13097.0	14539.0	15742.0	17244.0	18508.0	19687.0	20646.0	22086.0	23040.0	24549.0	26195.0	27623.0	29846.0	32176.0	35433.0	43513.0	51145.0	101423.0	1688542.0
Sne-CCab_032-Ex1-3A-lcwgs-1-1.clmp.r2	846.0	3339.0	5543.0	8127.0	10223.0	11560.0	13072.0	14536.0	15769.0	17191.0	18435.0	19719.0	20563.0	22097.0	23059.0	24446.0	25995.0	27517.0	29669.0	32148.0	35750.0	44840.0	54924.0	186315.0	1599019.0
Sne-CCab_033-Ex1-3B-lcwgs-1-1.clmp.r1	834.0	3268.0	5139.0	7151.0	8763.0	10085.0	11203.0	12308.0	13589.0	14948.0	15837.0	16945.0	17730.0	18696.0	19875.0	20959.0	22431.0	23709.0	25405.0	27470.0	30072.0	36431.0	43450.0	86738.0	1480038.0
Sne-CCab_033-Ex1-3B-lcwgs-1-1.clmp.r2	848.0	3266.0	5103.0	7147.0	8776.0	10086.0	11210.0	12312.0	13580.0	14899.0	15837.0	16955.0	17712.0	18653.0	19792.0	20879.0	22396.0	23709.0	25324.0	27551.0	30368.0	37358.0	46845.0	160889.0	1401579.0
Sne-CCab_034-Ex1-3C-lcwgs-1-1.clmp.r1	651.0	1914.0	2712.0	3772.0	4981.0	6107.0	7486.0	9197.0	11135.0	13386.0	15520.0	18037.0	19959.0	22613.0	25294.0	27929.0	31490.0	35163.0	39566.0	44170.0	50864.0	65886.0	81172.0	168295.0	2948075.0
Sne-CCab_034-Ex1-3C-lcwgs-1-1.clmp.r2	652.0	1929.0	2707.0	3793.0	5018.0	6098.0	7444.0	9223.0	11134.0	13438.0	15493.0	18040.0	19893.0	22579.0	25222.0	27812.0	31446.0	35049.0	39440.0	44194.0	51327.0	67802.0	87276.0	313510.0	2794855.0
Sne-CCab_035-Ex1-3D-lcwgs-1-1.clmp.r1	660.0	1985.0	2877.0	3842.0	4688.0	5296.0	6190.0	7200.0	8182.0	9330.0	10325.0	11347.0	12476.0	13859.0	15253.0	16749.0	18239.0	20264.0	22977.0	25719.0	30092.0	40066.0	50768.0	120311.0	2274969.0
Sne-CCab_035-Ex1-3D-lcwgs-1-1.clmp.r2	669.0	2003.0	2888.0	3830.0	4691.0	5336.0	6160.0	7233.0	8227.0	9341.0	10326.0	11356.0	12486.0	13828.0	15224.0	16662.0	18184.0	20201.0	23002.0	25804.0	30455.0	41485.0	55792.0	238933.0	2149548.0
Sne-CCab_036-Ex1-3E-lcwgs-1-1.clmp.r1	715.0	2322.0	3041.0	4136.0	4953.0	5315.0	6033.0	6604.0	7326.0	8301.0	8992.0	9696.0	10498.0	11306.0	12341.0	13221.0	14541.0	15712.0	17345.0	19545.0	22125.0	29712.0	37497.0	93116.0	1819316.0
Sne-CCab_036-Ex1-3E-lcwgs-1-1.clmp.r2	718.0	2320.0	3058.0	4138.0	4978.0	5342.0	6059.0	6612.0	7320.0	8307.0	8999.0	9692.0	10478.0	11290.0	12335.0	13224.0	14435.0	15750.0	17384.0	19703.0	22560.0	30957.0	42032.0	193952.0	1712066.0
Sne-CCab_037-Ex1-3F-lcwgs-1-1.clmp.r1	972.0	3617.0	5908.0	8037.0	9671.0	10973.0	12077.0	13446.0	14565.0	15539.0	16440.0	17615.0	18454.0	19004.0	20259.0	21335.0	22352.0	23511.0	25055.0	26560.0	29251.0	35215.0	41855.0	86354.0	1529227.0
Sne-CCab_037-Ex1-3F-lcwgs-1-1.clmp.r2	974.0	3614.0	5892.0	8037.0	9672.0	10957.0	12056.0	13440.0	14565.0	15529.0	16412.0	17587.0	18416.0	19059.0	20196.0	21294.0	22323.0	23413.0	25005.0	26457.0	29474.0	36098.0	45473.0	163917.0	1447432.0
Sne-CCab_038-Ex1-3G-lcwgs-1-1.clmp.r1	725.0	2320.0	3447.0	4344.0	5393.0	5960.0	6760.0	7781.0	8762.0	9897.0	10921.0	12168.0	13341.0	14470.0	15776.0	17152.0	18956.0	20670.0	23230.0	25809.0	29993.0	39050.0	48911.0	114034.0	2183225.0
Sne-CCab_038-Ex1-3G-lcwgs-1-1.clmp.r2	727.0	2334.0	3443.0	4340.0	5383.0	5963.0	6791.0	7799.0	8745.0	9870.0	10918.0	12195.0	13339.0	14427.0	15795.0	17112.0	18882.0	20625.0	23254.0	25879.0	30323.0	40068.0	53965.0	224592.0	2066326.0
Sne-CCab_039-Ex1-3H-lcwgs-1-1.clmp.r1	706.0	2499.0	3781.0	4887.0	5922.0	6668.0	7441.0	8387.0	9436.0	10530.0	11215.0	12147.0	12802.0	13723.0	14927.0	15555.0	16457.0	17723.0	18895.0	20616.0	23267.0	29197.0	34845.0	77931.0	1430748.0
Sne-CCab_039-Ex1-3H-lcwgs-1-1.clmp.r2	710.0	2511.0	3752.0	4876.0	5943.0	6690.0	7457.0	8384.0	9444.0	10520.0	11207.0	12150.0	12746.0	13714.0	14843.0	15471.0	16472.0	17723.0	18821.0	20530.0	23349.0	30116.0	38310.0	151852.0	1352714.0
Sne-CCab_040-Ex1-4A-lcwgs-1-1.clmp.r1	603.0	2287.0	3993.0	6172.0	8937.0	11520.0	14362.0	16740.0	19642.0	21929.0	23752.0	25568.0	27117.0	28096.0	29217.0	30664.0	31608.0	32794.0	34179.0	36046.0	38666.0	45056.0	51807.0	96233.0	1501837.0
Sne-CCab_040-Ex1-4A-lcwgs-1-1.clmp.r2	593.0	2273.0	3983.0	6176.0	8931.0	11555.0	14334.0	16733.0	19674.0	21854.0	23755.0	25555.0	26952.0	27958.0	29145.0	30553.0	31399.0	32633.0	34075.0	36049.0	38935.0	45981.0	55315.0	171184.0	1423230.0
Sne-CCab_041-Ex1-4B-lcwgs-1-1.clmp.r1	394.0	1585.0	2600.0	3848.0	4942.0	5958.0	7149.0	8176.0	9584.0	10672.0	11631.0	12624.0	13406.0	14555.0	15441.0	16192.0	17035.0	17956.0	18642.0	20229.0	21445.0	25451.0	28884.0	57180.0	928818.0
Sne-CCab_041-Ex1-4B-lcwgs-1-1.clmp.r2	385.0	1577.0	2610.0	3856.0	4932.0	5969.0	7171.0	8183.0	9558.0	10646.0	11639.0	12627.0	13415.0	14551.0	15377.0	16108.0	16981.0	17927.0	18509.0	20289.0	21617.0	25902.0	31085.0	103998.0	879485.0
Sne-CCab_042-Ex1-4C-lcwgs-1-1.clmp.r1	374.0	1300.0	1985.0	2898.0	3703.0	4471.0	5128.0	6072.0	6846.0	7529.0	8363.0	9179.0	9981.0	10679.0	11444.0	12353.0	13100.0	14067.0	15325.0	16581.0	18224.0	22264.0	26490.0	54181.0	928736.0
Sne-CCab_042-Ex1-4C-lcwgs-1-1.clmp.r2	371.0	1317.0	1980.0	2887.0	3722.0	4496.0	5112.0	6062.0	6839.0	7497.0	8359.0	9174.0	9970.0	10658.0	11500.0	12296.0	13057.0	14022.0	15285.0	16618.0	18405.0	22871.0	28686.0	100292.0	879797.0
Sne-CCab_043-Ex1-4D-lcwgs-1-1.clmp.r1	489.0	1522.0	1927.0	2489.0	3114.0	3712.0	4328.0	4953.0	5847.0	6552.0	7597.0	8175.0	9217.0	9973.0	10769.0	11545.0	12781.0	14031.0	15782.0	17128.0	19601.0	25579.0	32560.0	80906.0	1564834.0
Sne-CCab_043-Ex1-4D-lcwgs-1-1.clmp.r2	487.0	1546.0	1929.0	2508.0	3145.0	3705.0	4351.0	4960.0	5853.0	6550.0	7622.0	8171.0	9231.0	9998.0	10772.0	11541.0	12796.0	13994.0	15767.0	17214.0	19975.0	26758.0	36524.0	165964.0	1474050.0
Sne-CCab_044-Ex1-4E-lcwgs-1-1.clmp.r1	623.0	2249.0	3651.0	4878.0	5766.0	6615.0	7457.0	8247.0	8967.0	9551.0	10169.0	10796.0	10951.0	11505.0	12105.0	12566.0	12959.0	13533.0	14198.0	14883.0	15956.0	19398.0	22374.0	48135.0	831123.0
Sne-CCab_044-Ex1-4E-lcwgs-1-1.clmp.r2	613.0	2244.0	3642.0	4888.0	5797.0	6610.0	7469.0	8230.0	8961.0	9556.0	10122.0	10783.0	10933.0	11521.0	12044.0	12465.0	12921.0	13538.0	14197.0	14945.0	16072.0	19961.0	24391.0	93761.0	782991.0
Sne-CCab_045-Ex1-4F-lcwgs-1-1.clmp.r1	519.0	1940.0	2973.0	4148.0	5095.0	5959.0	6767.0	7680.0	8586.0	9381.0	10194.0	10909.0	11550.0	12385.0	13156.0	13772.0	14593.0	15308.0	16590.0	17828.0	19897.0	25036.0	30257.0	65960.0	1211294.0
Sne-CCab_045-Ex1-4F-lcwgs-1-1.clmp.r2	516.0	1945.0	2977.0	4143.0	5118.0	5967.0	6802.0	7667.0	8603.0	9347.0	10199.0	10903.0	11519.0	12334.0	13134.0	13748.0	14584.0	15238.0	16555.0	17951.0	20226.0	25824.0	33291.0	128618.0	1144568.0
Sne-CCab_046-Ex1-4G-lcwgs-1-1.clmp.r1	362.0	1573.0	2674.0	3986.0	5447.0	6603.0	7984.0	9391.0	10322.0	11399.0	12081.0	12588.0	13109.0	13233.0	13477.0	13728.0	13606.0	13719.0	13893.0	13922.0	14253.0	15595.0	17135.0	28776.0	399624.0
Sne-CCab_046-Ex1-4G-lcwgs-1-1.clmp.r2	358.0	1574.0	2672.0	3976.0	5429.0	6618.0	7960.0	9388.0	10279.0	11345.0	12115.0	12578.0	13119.0	13188.0	13442.0	13631.0	13525.0	13711.0	13835.0	13957.0	14259.0	15859.0	18073.0	48587.0	379002.0
Sne-CCab_047-Ex1-4H-lcwgs-1-1.clmp.r1	255.0	889.0	1218.0	1688.0	2207.0	2756.0	3288.0	3865.0	4532.0	5478.0	6130.0	6795.0	7383.0	7862.0	8407.0	9149.0	9722.0	10286.0	10894.0	11488.0	12898.0	15732.0	18850.0	41958.0	753941.0
Sne-CCab_047-Ex1-4H-lcwgs-1-1.clmp.r2	253.0	886.0	1242.0	1687.0	2184.0	2765.0	3299.0	3868.0	4525.0	5468.0	6133.0	6837.0	7403.0	7855.0	8397.0	9174.0	9739.0	10256.0	10907.0	11578.0	12975.0	16132.0	20844.0	81191.0	712073.0
Sne-CCab_048-Ex1-5A-lcwgs-1-1.clmp.r1	460.0	1559.0	2397.0	3614.0	5042.0	6638.0	8478.0	10412.0	12567.0	14565.0	16384.0	18612.0	20425.0	21801.0	23685.0	24790.0	26335.0	28088.0	30105.0	31806.0	34896.0	42330.0	49335.0	98646.0	1630595.0
Sne-CCab_048-Ex1-5A-lcwgs-1-1.clmp.r2	465.0	1557.0	2382.0	3600.0	5062.0	6662.0	8480.0	10391.0	12568.0	14592.0	16420.0	18573.0	20428.0	21780.0	23547.0	24717.0	26210.0	27998.0	30135.0	31969.0	35204.0	43376.0	53085.0	179735.0	1544629.0
Sne-CCab_049-Ex1-5B-lcwgs-1-1.clmp.r1	501.0	1691.0	2790.0	4234.0	5680.0	6873.0	8203.0	9409.0	10728.0	11907.0	13138.0	13924.0	14846.0	15567.0	16267.0	16971.0	17597.0	18086.0	18859.0	19410.0	20336.0	23234.0	26304.0	47973.0	719621.0
Sne-CCab_049-Ex1-5B-lcwgs-1-1.clmp.r2	501.0	1698.0	2799.0	4226.0	5657.0	6892.0	8223.0	9390.0	10708.0	11853.0	13109.0	13932.0	14798.0	15532.0	16209.0	16916.0	17518.0	18041.0	18796.0	19439.0	20318.0	23687.0	27932.0	84662.0	681313.0
Sne-CCab_050-Ex1-5C-lcwgs-1-1.clmp.r1	499.0	1589.0	2318.0	3001.0	4110.0	4870.0	5833.0	6686.0	7778.0	8986.0	9939.0	11054.0	12086.0	12949.0	14203.0	15380.0	16324.0	17655.0	19347.0	21116.0	23971.0	30437.0	37012.0	84164.0	1567576.0
Sne-CCab_050-Ex1-5C-lcwgs-1-1.clmp.r2	499.0	1557.0	2334.0	3019.0	4105.0	4866.0	5817.0	6719.0	7767.0	8966.0	9901.0	11074.0	12076.0	12960.0	14240.0	15365.0	16245.0	17599.0	19437.0	21169.0	24261.0	31265.0	40762.0	166428.0	1480452.0
Sne-CCab_051-Ex1-5D-lcwgs-1-1.clmp.r1	465.0	1797.0	2880.0	4189.0	5446.0	6558.0	7584.0	8684.0	9475.0	10450.0	11196.0	12128.0	12855.0	13471.0	13867.0	14346.0	14832.0	15432.0	15936.0	16527.0	17724.0	20380.0	22846.0	44488.0	696078.0
Sne-CCab_051-Ex1-5D-lcwgs-1-1.clmp.r2	462.0	1820.0	2878.0	4180.0	5428.0	6570.0	7591.0	8684.0	9479.0	10416.0	11205.0	12124.0	12824.0	13443.0	13840.0	14269.0	14760.0	15373.0	15922.0	16506.0	17907.0	20835.0	24418.0	80610.0	658090.0
Sne-CCab_052-Ex1-5E-lcwgs-1-1.clmp.r1	479.0	1723.0	2523.0	3539.0	4312.0	5018.0	5506.0	6257.0	6916.0	7467.0	8239.0	8966.0	9319.0	9833.0	10414.0	10993.0	11553.0	12202.0	13097.0	13748.0	15171.0	18492.0	22080.0	47550.0	839081.0
Sne-CCab_052-Ex1-5E-lcwgs-1-1.clmp.r2	489.0	1735.0	2522.0	3538.0	4324.0	5004.0	5514.0	6241.0	6916.0	7454.0	8254.0	8998.0	9328.0	9816.0	10376.0	10934.0	11570.0	12209.0	13134.0	13770.0	15265.0	19035.0	24139.0	92297.0	791616.0
Sne-CCab_053-Ex1-5F-lcwgs-1-1.clmp.r1	517.0	2112.0	3200.0	4536.0	5923.0	6960.0	8274.0	9339.0	10410.0	11445.0	11931.0	12666.0	12997.0	13546.0	13967.0	14218.0	15013.0	14877.0	15686.0	16473.0	17423.0	20520.0	23864.0	47269.0	788435.0
Sne-CCab_053-Ex1-5F-lcwgs-1-1.clmp.r2	522.0	2098.0	3198.0	4539.0	5928.0	6949.0	8241.0	9353.0	10411.0	11456.0	11964.0	12656.0	13018.0	13446.0	13876.0	14174.0	14978.0	14840.0	15613.0	16468.0	17652.0	20895.0	25829.0	86739.0	746758.0
Sne-CCab_054-Ex1-5G-lcwgs-1-1.clmp.r1	571.0	2122.0	3333.0	4653.0	5931.0	6841.0	8189.0	9080.0	10075.0	11087.0	11761.0	12660.0	13186.0	13580.0	14165.0	14552.0	15195.0	16065.0	16774.0	17474.0	19064.0	22760.0	26756.0	56394.0	962519.0
Sne-CCab_054-Ex1-5G-lcwgs-1-1.clmp.r2	569.0	2124.0	3335.0	4640.0	5925.0	6842.0	8200.0	9087.0	10029.0	11068.0	11773.0	12631.0	13161.0	13564.0	14075.0	14499.0	15115.0	15983.0	16798.0	17559.0	19159.0	23528.0	29223.0	105950.0	909950.0
Sne-CCab_055-Ex1-5H-lcwgs-1-1.clmp.r1	551.0	2207.0	3495.0	4846.0	5719.0	6591.0	7261.0	7959.0	8406.0	9021.0	9206.0	9629.0	9766.0	10038.0	10596.0	10719.0	10719.0	11000.0	11315.0	11882.0	12394.0	14128.0	15876.0	29985.0	472246.0
Sne-CCab_055-Ex1-5H-lcwgs-1-1.clmp.r2	542.0	2204.0	3488.0	4857.0	5699.0	6598.0	7274.0	7932.0	8405.0	9015.0	9200.0	9612.0	9773.0	9996.0	10554.0	10671.0	10662.0	10958.0	11287.0	11918.0	12427.0	14349.0	17133.0	54477.0	446524.0
Sne-CCab_056-Ex1-6A-lcwgs-1-1.clmp.r1	816.0	3423.0	6088.0	9203.0	11686.0	14012.0	15638.0	17308.0	18959.0	20303.0	21703.0	22486.0	23889.0	24470.0	25205.0	26270.0	27111.0	28344.0	29746.0	31015.0	33272.0	39072.0	44747.0	84790.0	1326578.0
Sne-CCab_056-Ex1-6A-lcwgs-1-1.clmp.r2	806.0	3421.0	6060.0	9196.0	11715.0	13953.0	15630.0	17301.0	18980.0	20326.0	21697.0	22393.0	23925.0	24292.0	25074.0	26221.0	26988.0	28296.0	29753.0	31022.0	33372.0	39778.0	47835.0	151046.0	1257054.0
Sne-CCab_057-Ex1-6B-lcwgs-1-1.clmp.r1	777.0	3056.0	4805.0	6666.0	8237.0	9485.0	10424.0	11621.0	13022.0	13564.0	14775.0	15424.0	16282.0	16883.0	17662.0	18350.0	19176.0	20135.0	21153.0	22815.0	24248.0	29636.0	34699.0	71670.0	1217106.0
Sne-CCab_057-Ex1-6B-lcwgs-1-1.clmp.r2	767.0	3044.0	4811.0	6654.0	8235.0	9468.0	10452.0	11652.0	12981.0	13599.0	14775.0	15365.0	16224.0	16806.0	17658.0	18233.0	19091.0	20128.0	21201.0	22843.0	24480.0	30357.0	37727.0	133591.0	1151529.0
Sne-CCab_058-Ex1-6C-lcwgs-1-1.clmp.r1	732.0	2717.0	4328.0	5823.0	7558.0	8690.0	10184.0	11496.0	12879.0	14428.0	15655.0	16452.0	17594.0	18673.0	20031.0	21257.0	22068.0	23622.0	25219.0	27421.0	30078.0	37123.0	44313.0	94379.0	1656025.0
Sne-CCab_058-Ex1-6C-lcwgs-1-1.clmp.r2	725.0	2691.0	4341.0	5797.0	7540.0	8676.0	10189.0	11513.0	12928.0	14409.0	15569.0	16389.0	17642.0	18593.0	19899.0	21211.0	22042.0	23547.0	25239.0	27544.0	30404.0	37957.0	48170.0	180024.0	1565706.0
Sne-CCab_059-Ex1-6D-lcwgs-1-1.clmp.r1	404.0	1329.0	1827.0	2452.0	3202.0	3700.0	4379.0	5361.0	5963.0	6761.0	7484.0	8293.0	8952.0	9709.0	10625.0	11387.0	12258.0	12984.0	13825.0	14805.0	16562.0	20714.0	24916.0	56909.0	1026812.0
Sne-CCab_059-Ex1-6D-lcwgs-1-1.clmp.r2	405.0	1323.0	1816.0	2444.0	3208.0	3693.0	4386.0	5405.0	5958.0	6759.0	7454.0	8279.0	8963.0	9658.0	10617.0	11353.0	12228.0	13000.0	13875.0	14851.0	16750.0	21476.0	27450.0	112031.0	968231.0
Sne-CCab_060-Ex1-6E-lcwgs-1-1.clmp.r1	446.0	1176.0	1457.0	1877.0	2402.0	2849.0	3418.0	3927.0	4730.0	5567.0	6202.0	7104.0	7827.0	8623.0	9535.0	10400.0	11366.0	12353.0	13990.0	15737.0	17998.0	24267.0	30455.0	77171.0	1492949.0
Sne-CCab_060-Ex1-6E-lcwgs-1-1.clmp.r2	449.0	1196.0	1457.0	1853.0	2408.0	2862.0	3423.0	3940.0	4738.0	5555.0	6224.0	7092.0	7826.0	8608.0	9549.0	10375.0	11297.0	12378.0	13955.0	15737.0	18437.0	25383.0	34540.0	159762.0	1404782.0
Sne-CCab_061-Ex1-6F-lcwgs-1-1.clmp.r1	494.0	1704.0	2469.0	3347.0	4264.0	4962.0	5667.0	6444.0	7289.0	8073.0	8727.0	9453.0	10129.0	10851.0	11872.0	12453.0	13379.0	14416.0	15553.0	16885.0	19434.0	24935.0	30347.0	69362.0	1283513.0
Sne-CCab_061-Ex1-6F-lcwgs-1-1.clmp.r2	497.0	1714.0	2484.0	3356.0	4267.0	5002.0	5667.0	6429.0	7292.0	8054.0	8732.0	9437.0	10148.0	10851.0	11850.0	12385.0	13346.0	14448.0	15574.0	17024.0	19605.0	25845.0	33259.0	136436.0	1212320.0
Sne-CCab_062-Ex1-6G-lcwgs-1-1.clmp.r1	479.0	1834.0	2772.0	3872.0	4730.0	5524.0	6124.0	6864.0	7233.0	7817.0	8033.0	8279.0	8645.0	8917.0	9054.0	9404.0	9773.0	9866.0	10441.0	10863.0	11584.0	13590.0	15642.0	30127.0	489287.0
Sne-CCab_062-Ex1-6G-lcwgs-1-1.clmp.r2	483.0	1829.0	2779.0	3876.0	4715.0	5509.0	6092.0	6873.0	7187.0	7801.0	8079.0	8276.0	8648.0	8910.0	9038.0	9360.0	9701.0	9847.0	10426.0	10872.0	11683.0	13906.0	16772.0	54118.0	463974.0
Sne-CCab_063-Ex1-6H-lcwgs-1-1.clmp.r1	613.0	2393.0	3716.0	5429.0	6762.0	7985.0	9117.0	10545.0	11824.0	12708.0	13647.0	14344.0	14963.0	15314.0	15889.0	16472.0	16977.0	17651.0	18442.0	19311.0	20618.0	24022.0	26961.0	53780.0	871788.0
Sne-CCab_063-Ex1-6H-lcwgs-1-1.clmp.r2	603.0	2407.0	3736.0	5431.0	6720.0	7973.0	9119.0	10517.0	11796.0	12747.0	13648.0	14294.0	14922.0	15308.0	15840.0	16404.0	16888.0	17581.0	18463.0	19326.0	20705.0	24600.0	29251.0	98169.0	824823.0
Sne-CCab_064-Ex1-7A-lcwgs-1-1.clmp.r1	723.0	2828.0	4977.0	7480.0	9768.0	11812.0	13756.0	15690.0	17577.0	19050.0	20681.0	21755.0	23032.0	24238.0	25267.0	26241.0	27369.0	28886.0	30661.0	32450.0	35752.0	43295.0	50569.0	100410.0	1669054.0
Sne-CCab_064-Ex1-7A-lcwgs-1-1.clmp.r2	731.0	2834.0	4931.0	7495.0	9802.0	11825.0	13755.0	15694.0	17594.0	18977.0	20581.0	21776.0	23039.0	24143.0	25189.0	26176.0	27334.0	28838.0	30606.0	32499.0	35961.0	44362.0	54315.0	183143.0	1581721.0
Sne-CCab_065-Ex1-7B-lcwgs-1-1.clmp.r1	658.0	2932.0	5158.0	7458.0	9588.0	10818.0	12125.0	13243.0	14075.0	15105.0	15718.0	16051.0	16609.0	16982.0	17618.0	17781.0	18088.0	18502.0	19419.0	19717.0	20442.0	23056.0	25580.0	45949.0	679333.0
Sne-CCab_065-Ex1-7B-lcwgs-1-1.clmp.r2	648.0	2906.0	5147.0	7470.0	9586.0	10795.0	12099.0	13259.0	14092.0	15119.0	15659.0	16031.0	16557.0	16895.0	17542.0	17698.0	18081.0	18474.0	19289.0	19753.0	20569.0	23608.0	27175.0	80456.0	643097.0
Sne-CCab_066-Ex1-7C-lcwgs-1-1.clmp.r1	666.0	2346.0	3357.0	4567.0	5458.0	6128.0	6759.0	7665.0	8485.0	9493.0	10228.0	11109.0	11773.0	12915.0	13650.0	14630.0	15894.0	17145.0	19138.0	20856.0	23771.0	30903.0	38223.0	90903.0	1722257.0
Sne-CCab_066-Ex1-7C-lcwgs-1-1.clmp.r2	684.0	2370.0	3345.0	4561.0	5449.0	6156.0	6804.0	7688.0	8486.0	9470.0	10233.0	11101.0	11784.0	12883.0	13616.0	14633.0	15843.0	17164.0	19174.0	21047.0	24229.0	32031.0	42907.0	183373.0	1623288.0
Sne-CCab_067-Ex1-7D-lcwgs-1-1.clmp.r1	970.0	3538.0	5014.0	6500.0	7798.0	8757.0	9575.0	10773.0	11677.0	12976.0	14315.0	15188.0	16248.0	17551.0	18278.0	19549.0	21207.0	22678.0	24724.0	27327.0	30362.0	39216.0	49129.0	118490.0	2266233.0
Sne-CCab_067-Ex1-7D-lcwgs-1-1.clmp.r2	966.0	3547.0	5035.0	6510.0	7773.0	8806.0	9614.0	10757.0	11676.0	12980.0	14318.0	15188.0	16265.0	17591.0	18240.0	19510.0	21149.0	22614.0	24727.0	27590.0	30820.0	40833.0	54746.0	237840.0	2138978.0
Sne-CCab_068-Ex1-7E-lcwgs-1-1.clmp.r1	534.0	1887.0	2665.0	3636.0	4323.0	4958.0	5578.0	6362.0	7136.0	7643.0	8444.0	9044.0	9762.0	10459.0	11040.0	12066.0	12920.0	14105.0	15345.0	17156.0	19241.0	25300.0	31201.0	74429.0	1413908.0
Sne-CCab_068-Ex1-7E-lcwgs-1-1.clmp.r2	526.0	1881.0	2695.0	3634.0	4322.0	4970.0	5581.0	6410.0	7144.0	7623.0	8427.0	9035.0	9776.0	10450.0	11024.0	12035.0	12848.0	14089.0	15382.0	17179.0	19605.0	26209.0	34604.0	150805.0	1332888.0
Sne-CCab_069-Ex1-7F-lcwgs-1-1.clmp.r1	782.0	2927.0	4349.0	5712.0	6749.0	7444.0	8215.0	9071.0	9753.0	11038.0	11802.0	12574.0	13332.0	13851.0	14882.0	15850.0	16813.0	18211.0	19777.0	21534.0	23665.0	30429.0	36830.0	82415.0	1544258.0
Sne-CCab_069-Ex1-7F-lcwgs-1-1.clmp.r2	782.0	2939.0	4346.0	5739.0	6743.0	7424.0	8247.0	9090.0	9797.0	10992.0	11808.0	12617.0	13352.0	13843.0	14782.0	15836.0	16787.0	18157.0	19827.0	21530.0	23968.0	31674.0	40531.0	162586.0	1458866.0
Sne-CCab_070-Ex1-7G-lcwgs-1-1.clmp.r1	368.0	1339.0	1706.0	2343.0	3018.0	3583.0	4305.0	4916.0	5599.0	6455.0	7281.0	7973.0	8553.0	9348.0	9756.0	10616.0	11430.0	12333.0	13726.0	14794.0	17119.0	22418.0	27449.0	64542.0	1216177.0
Sne-CCab_070-Ex1-7G-lcwgs-1-1.clmp.r2	369.0	1349.0	1694.0	2345.0	3033.0	3566.0	4301.0	4928.0	5642.0	6482.0	7247.0	7991.0	8518.0	9304.0	9742.0	10589.0	11459.0	12327.0	13750.0	14857.0	17510.0	23338.0	30532.0	127329.0	1148945.0
Sne-CCab_071-Ex1-7H-lcwgs-1-1.clmp.r1	330.0	1326.0	2075.0	3027.0	4122.0	4927.0	6006.0	7003.0	7919.0	9062.0	9953.0	10829.0	11512.0	12366.0	12566.0	13085.0	13832.0	14081.0	14692.0	15048.0	15702.0	17853.0	19718.0	34795.0	508434.0
Sne-CCab_071-Ex1-7H-lcwgs-1-1.clmp.r2	323.0	1310.0	2077.0	3051.0	4098.0	4940.0	5994.0	6973.0	7936.0	9091.0	9923.0	10805.0	11460.0	12320.0	12537.0	13023.0	13777.0	14057.0	14613.0	14973.0	15672.0	18134.0	21009.0	60536.0	481631.0
Sne-CCab_072-Ex1-8A-lcwgs-1-1.clmp.r1	553.0	2542.0	4209.0	6210.0	7948.0	9769.0	11147.0	12762.0	13908.0	15297.0	15933.0	16899.0	17634.0	18499.0	18824.0	19340.0	19465.0	19841.0	19757.0	20211.0	20711.0	23045.0	25313.0	43132.0	603223.0
Sne-CCab_072-Ex1-8A-lcwgs-1-1.clmp.r2	552.0	2521.0	4191.0	6213.0	7988.0	9771.0	11124.0	12747.0	13903.0	15233.0	15956.0	16854.0	17589.0	18440.0	18794.0	19217.0	19326.0	19774.0	19717.0	20169.0	20851.0	23361.0	26755.0	73297.0	571829.0
Sne-CCab_073-Ex1-8B-lcwgs-1-1.clmp.r1	655.0	2819.0	4690.0	6497.0	7864.0	9353.0	9924.0	10886.0	11626.0	12214.0	12569.0	13114.0	13493.0	13662.0	14133.0	13970.0	14181.0	14676.0	14533.0	15184.0	15603.0	17277.0	18711.0	33021.0	482310.0
Sne-CCab_073-Ex1-8B-lcwgs-1-1.clmp.r2	656.0	2804.0	4681.0	6491.0	7863.0	9391.0	9908.0	10851.0	11628.0	12205.0	12579.0	13122.0	13471.0	13597.0	14066.0	13939.0	14149.0	14583.0	14456.0	15185.0	15640.0	17523.0	19775.0	57932.0	456470.0
Sne-CCab_074-Ex1-8C-lcwgs-1-1.clmp.r1	7.0	26.0	48.0	55.0	78.0	67.0	84.0	113.0	108.0	142.0	115.0	134.0	156.0	141.0	165.0	162.0	172.0	204.0	207.0	160.0	214.0	232.0	293.0	716.0	9391.0
Sne-CCab_074-Ex1-8C-lcwgs-1-1.clmp.r2	6.0	27.0	51.0	54.0	78.0	66.0	80.0	113.0	117.0	145.0	119.0	137.0	152.0	142.0	162.0	164.0	171.0	211.0	202.0	167.0	220.0	229.0	346.0	1205.0	8826.0
Sne-CCab_075-Ex1-8D-lcwgs-1-1.clmp.r1	638.0	2635.0	4230.0	5901.0	6895.0	7904.0	8654.0	9319.0	9919.0	10602.0	10814.0	11466.0	11755.0	12188.0	12438.0	12890.0	13275.0	13650.0	14138.0	14769.0	15690.0	18620.0	21769.0	46165.0	803800.0
Sne-CCab_075-Ex1-8D-lcwgs-1-1.clmp.r2	638.0	2627.0	4219.0	5913.0	6906.0	7911.0	8627.0	9335.0	9934.0	10607.0	10787.0	11409.0	11746.0	12200.0	12442.0	12802.0	13225.0	13599.0	14075.0	14830.0	15808.0	19052.0	23738.0	89541.0	758153.0
Sne-CCab_076-Ex1-8E-lcwgs-1-1.clmp.r1	481.0	1352.0	1661.0	2167.0	2696.0	3185.0	3653.0	4288.0	5082.0	5760.0	6454.0	7260.0	8031.0	8654.0	9261.0	10124.0	11015.0	11732.0	12978.0	14311.0	16199.0	21692.0	27207.0	68603.0	1371108.0
Sne-CCab_076-Ex1-8E-lcwgs-1-1.clmp.r2	481.0	1358.0	1660.0	2169.0	2683.0	3191.0	3660.0	4295.0	5098.0	5767.0	6451.0	7237.0	8036.0	8656.0	9248.0	10113.0	11008.0	11736.0	13070.0	14331.0	16526.0	22554.0	30574.0	146203.0	1288849.0
Sne-CCab_077-Ex1-8F-lcwgs-1-1.clmp.r1	464.0	1427.0	1966.0	2681.0	3269.0	3765.0	4395.0	5024.0	5767.0	6409.0	7217.0	8037.0	8646.0	9456.0	10561.0	11268.0	12386.0	13680.0	15060.0	16911.0	19246.0	26122.0	32845.0	76911.0	1489064.0
Sne-CCab_077-Ex1-8F-lcwgs-1-1.clmp.r2	466.0	1435.0	1944.0	2674.0	3294.0	3765.0	4416.0	5038.0	5767.0	6410.0	7248.0	8042.0	8645.0	9465.0	10542.0	11212.0	12364.0	13677.0	15151.0	17028.0	19698.0	27470.0	36266.0	153850.0	1406710.0
Sne-CCab_078-Ex1-8G-lcwgs-1-1.clmp.r1	639.0	2019.0	3034.0	3817.0	4464.0	5031.0	5509.0	6152.0	6681.0	7591.0	8234.0	8770.0	9752.0	10305.0	10864.0	11766.0	12603.0	13653.0	15054.0	16399.0	18762.0	24626.0	30426.0	73305.0	1411242.0
Sne-CCab_078-Ex1-8G-lcwgs-1-1.clmp.r2	628.0	2028.0	3043.0	3831.0	4433.0	5042.0	5512.0	6166.0	6715.0	7595.0	8243.0	8760.0	9727.0	10277.0	10837.0	11736.0	12595.0	13679.0	15065.0	16536.0	18871.0	25482.0	34191.0	148241.0	1331465.0
Sne-CCab_079-Ex1-8H-lcwgs-1-1.clmp.r1	638.0	2486.0	3453.0	4620.0	5408.0	6038.0	6684.0	7096.0	7895.0	8575.0	9448.0	9877.0	10325.0	10988.0	11505.0	12007.0	12723.0	13440.0	14427.0	15638.0	17027.0	21539.0	25710.0	58184.0	1073030.0
Sne-CCab_079-Ex1-8H-lcwgs-1-1.clmp.r2	638.0	2488.0	3467.0	4649.0	5444.0	6039.0	6654.0	7107.0	7892.0	8581.0	9467.0	9857.0	10282.0	10954.0	11436.0	11983.0	12723.0	13497.0	14362.0	15717.0	17314.0	22141.0	28313.0	114419.0	1013337.0
