Sample	FastQC_mqc-generalstats-fastqc-percent_duplicates	FastQC_mqc-generalstats-fastqc-percent_gc	FastQC_mqc-generalstats-fastqc-avg_sequence_length	FastQC_mqc-generalstats-fastqc-percent_fails	FastQC_mqc-generalstats-fastqc-total_sequences
Pli-AMvi_004-Ex1-1A-lcwgs-X-1.clmp.fp2_repr.R1	1.3623313694275652	47.0	73.12545549417614	0.0	231891.0
Pli-AMvi_004-Ex1-1A-lcwgs-X-1.clmp.fp2_repr.R2	0.9657388613457698	47.0	71.52450936000103	0.0	231891.0
Pli-AMvi_005-Ex1-2A-lcwgs-X-1.clmp.fp2_repr.R1	0.13376136971642438	42.0	78.223113964687	9.090909090909092	3738.0
Pli-AMvi_005-Ex1-2A-lcwgs-X-1.clmp.fp2_repr.R2	0.10700909577313666	42.0	76.46976993044409	9.090909090909092	3738.0
Pli-AMvi_006-Ex1-3A-lcwgs-X-1.clmp.fp2_repr.R1	0.05550929780739011	41.0	71.78323619206218	9.090909090909092	3603.0
Pli-AMvi_006-Ex1-3A-lcwgs-X-1.clmp.fp2_repr.R2	0.05550929780739011	41.0	70.46072717180128	9.090909090909092	3603.0
Pli-AMvi_007-Ex1-4A-lcwgs-X-1.clmp.fp2_repr.R1	0.8061079113037835	39.0	68.23856897580458	9.090909090909092	82123.0
Pli-AMvi_007-Ex1-4A-lcwgs-X-1.clmp.fp2_repr.R2	0.7135638006405003	39.0	68.03075873993888	9.090909090909092	82123.0
Pli-AMvi_008-Ex1-1B-lcwgs-X-1.clmp.fp2_repr.R1	0.8526607129504526	40.0	70.0811996629341	9.090909090909092	246836.0
Pli-AMvi_008-Ex1-1B-lcwgs-X-1.clmp.fp2_repr.R2	0.7293642056791754	40.0	69.79219400735711	9.090909090909092	246836.0
Pli-AMvi_009-Ex1-2B-lcwgs-X-1.clmp.fp2_repr.R1	0.21166509877704698	43.0	75.08701787394168	0.0	4252.0
Pli-AMvi_009-Ex1-2B-lcwgs-X-1.clmp.fp2_repr.R2	0.1175917215427944	43.0	73.71542803386642	0.0	4252.0
Pli-AMvi_010-Ex1-7A-lcwgs-X-1.clmp.fp2_repr.R1	1.1116258387017126	42.0	78.9516122954775	0.0	822709.0
Pli-AMvi_010-Ex1-7A-lcwgs-X-1.clmp.fp2_repr.R2	0.8950452933487014	42.0	77.81937477285408	0.0	822709.0
Pli-AMvi_011-Ex1-8A-lcwgs-X-1.clmp.fp2_repr.R1	1.6311630634352383	43.0	83.04972909101389	0.0	1179732.0
Pli-AMvi_011-Ex1-8A-lcwgs-X-1.clmp.fp2_repr.R2	1.2739108689623038	43.0	81.45618242109225	0.0	1179732.0
Pli-AMvi_012-Ex1-9A-lcwgs-X-1.clmp.fp2_repr.R1	1.410978617620188	41.0	79.8062955316601	0.0	641312.0
Pli-AMvi_012-Ex1-9A-lcwgs-X-1.clmp.fp2_repr.R2	1.1572196364484313	41.0	78.6936592485405	0.0	641312.0
Pli-AMvi_013-Ex1-10A-lcwgs-X-1.clmp.fp2_repr.R1	0.8398856525997047	38.0	72.16074211337099	9.090909090909092	223955.0
Pli-AMvi_013-Ex1-10A-lcwgs-X-1.clmp.fp2_repr.R2	0.7120828180529344	38.0	71.79823625281864	9.090909090909092	223955.0
Pli-AMvi_014-Ex1-11A-lcwgs-X-1.clmp.fp2_repr.R1	1.8570251881916136	43.0	71.6086360470114	0.0	134946.0
Pli-AMvi_014-Ex1-11A-lcwgs-X-1.clmp.fp2_repr.R2	1.4764764559001264	43.0	70.95149911816578	9.090909090909092	134946.0
Pli-AMvi_015-Ex1-12A-lcwgs-X-1.clmp.fp2_repr.R1	0.3809523809523796	45.0	101.83619047619048	18.181818181818183	525.0
Pli-AMvi_015-Ex1-12A-lcwgs-X-1.clmp.fp2_repr.R2	0.3809523809523796	45.0	96.94857142857143	0.0	525.0
Pli-AMvi_016-Ex1-3B-lcwgs-X-1.clmp.fp2_repr.R1	0.6059969542614141	40.0	65.19363545659823	9.090909090909092	95215.0
Pli-AMvi_016-Ex1-3B-lcwgs-X-1.clmp.fp2_repr.R2	0.5251273433807739	40.0	64.9844982408234	9.090909090909092	95215.0
Pli-AMvi_017-Ex1-4B-lcwgs-X-1.clmp.fp2_repr.R1	0.6445195941913653	40.0	64.35331211458126	9.090909090909092	50270.0
Pli-AMvi_017-Ex1-4B-lcwgs-X-1.clmp.fp2_repr.R2	0.5012930177043984	40.0	64.19472846628207	9.090909090909092	50270.0
Pli-AMvi_018-Ex1-1C-lcwgs-X-1.clmp.fp2_repr.R1	0.5516634514502385	42.0	62.507462686567166	9.090909090909092	29547.0
Pli-AMvi_018-Ex1-1C-lcwgs-X-1.clmp.fp2_repr.R2	0.5008968761634094	42.0	62.26929975970488	9.090909090909092	29547.0
Pli-AMvi_019-Ex1-2C-lcwgs-X-1.clmp.fp2_repr.R1	0.27048802946593753	42.0	59.83569290976059	9.090909090909092	17376.0
Pli-AMvi_019-Ex1-2C-lcwgs-X-1.clmp.fp2_repr.R2	0.24171270718231597	42.0	59.475943830570905	9.090909090909092	17376.0
Pli-AMvi_020-Ex1-3C-lcwgs-X-1.clmp.fp2_repr.R1	0.2158079309414518	43.0	62.19539609747325	9.090909090909092	11121.0
Pli-AMvi_020-Ex1-3C-lcwgs-X-1.clmp.fp2_repr.R2	0.22479992806403004	43.0	61.646794353025804	9.090909090909092	11121.0
Pli-AMvi_021-Ex1-4C-lcwgs-X-1.clmp.fp2_repr.R1	0.3899235756703092	42.0	59.31669127414271	9.090909090909092	216059.0
Pli-AMvi_021-Ex1-4C-lcwgs-X-1.clmp.fp2_repr.R2	0.36214614385599475	42.0	59.25754076432826	9.090909090909092	216059.0
Pli-AMvi_022-Ex1-7B-lcwgs-X-1.clmp.fp2_repr.R1	3.9561522223727366	46.0	115.20667599784312	0.0	1220282.0
Pli-AMvi_022-Ex1-7B-lcwgs-X-1.clmp.fp2_repr.R2	3.0034213187340555	45.0	110.85454181902216	0.0	1220282.0
Pli-AMvi_023-Ex1-8B-lcwgs-X-1.clmp.fp2_repr.R1	0.9403175794209631	41.0	75.14751044987456	0.0	485891.0
Pli-AMvi_023-Ex1-8B-lcwgs-X-1.clmp.fp2_repr.R2	0.7647874094320457	41.0	74.41110249006465	0.0	485891.0
Pli-AMvi_024-Ex1-9B-lcwgs-X-1.clmp.fp2_repr.R1	4.091187475610823	45.0	91.18330654104874	0.0	866543.0
Pli-AMvi_024-Ex1-9B-lcwgs-X-1.clmp.fp2_repr.R2	3.0127863483091772	45.0	87.990121667361	0.0	866543.0
Pli-AMvi_025-Ex1-10B-lcwgs-X-1.clmp.fp2_repr.R1	0.8040742696233707	39.0	66.07837249208025	9.090909090909092	90912.0
Pli-AMvi_025-Ex1-10B-lcwgs-X-1.clmp.fp2_repr.R2	0.6104804646251267	39.0	65.78588085181275	9.090909090909092	90912.0
Pli-AMvi_026-Ex1-11B-lcwgs-X-1.clmp.fp2_repr.R1	0.6008116309614167	40.0	64.70264453804961	0.0	1881425.0
Pli-AMvi_026-Ex1-11B-lcwgs-X-1.clmp.fp2_repr.R2	0.533444452076921	40.0	64.49947619490545	0.0	1881425.0
Pli-AMvi_027-Ex1-12B-lcwgs-X-1.clmp.fp2_repr.R1	0.10526315789473983	44.0	96.13368421052631	9.090909090909092	950.0
Pli-AMvi_027-Ex1-12B-lcwgs-X-1.clmp.fp2_repr.R2	0.21052631578946546	44.0	93.1621052631579	9.090909090909092	950.0
Pli-AMvi_028-Ex1-1D-lcwgs-X-1.clmp.fp2_repr.R1	0.16224986479177517	44.0	70.42455381287182	9.090909090909092	3698.0
Pli-AMvi_028-Ex1-1D-lcwgs-X-1.clmp.fp2_repr.R2	0.10816657652785011	44.0	69.21011357490535	9.090909090909092	3698.0
Pli-AMvi_029-Ex1-2D-lcwgs-X-1.clmp.fp2_repr.R1	0.5568825907145794	41.0	66.03660567844017	9.090909090909092	549341.0
Pli-AMvi_029-Ex1-2D-lcwgs-X-1.clmp.fp2_repr.R2	0.502888471124848	41.0	65.84945962526008	9.090909090909092	549341.0
Pli-AMvi_030-Ex1-3D-lcwgs-X-1.clmp.fp2_repr.R1	0.5555013506024267	42.0	59.47543751918944	9.090909090909092	110738.0
Pli-AMvi_030-Ex1-3D-lcwgs-X-1.clmp.fp2_repr.R2	0.4677674488570318	42.0	59.349076197872456	9.090909090909092	110738.0
Pli-AMvi_031-Ex1-4D-lcwgs-X-1.clmp.fp2_repr.R1	0.20186727226848689	43.0	71.62023719404492	0.0	3963.0
Pli-AMvi_031-Ex1-4D-lcwgs-X-1.clmp.fp2_repr.R2	0.1261670451678043	43.0	70.17007317688619	0.0	3963.0
Pli-AMvi_032-Ex1-5C-lcwgs-X-1.clmp.fp2_repr.R1	0.6216782421942924	41.0	67.02779519649326	0.0	657020.0
Pli-AMvi_032-Ex1-5C-lcwgs-X-1.clmp.fp2_repr.R2	0.5562454016427267	41.0	66.82867188213449	0.0	657020.0
Pli-AMvi_033-Ex1-6C-lcwgs-X-1.clmp.fp2_repr.R1	0.5638973345513705	43.0	65.61212380563784	9.090909090909092	904353.0
Pli-AMvi_033-Ex1-6C-lcwgs-X-1.clmp.fp2_repr.R2	0.5134885668047815	43.0	65.48212700129264	9.090909090909092	904353.0
Pli-AMvi_034-Ex1-7C-lcwgs-X-1.clmp.fp2_repr.R1	0.16447368421053454	43.0	67.40570175438596	9.090909090909092	3648.0
Pli-AMvi_034-Ex1-7C-lcwgs-X-1.clmp.fp2_repr.R2	0.10964912280701355	43.0	66.55043859649123	0.0	3648.0
Pli-AMvi_035-Ex1-8C-lcwgs-X-1.clmp.fp2_repr.R1	0.3807378807378825	41.0	59.49351136851137	9.090909090909092	18648.0
Pli-AMvi_035-Ex1-8C-lcwgs-X-1.clmp.fp2_repr.R2	0.3432003432003512	41.0	59.24753324753325	9.090909090909092	18648.0
Pli-AMvi_036-Ex1-9C-lcwgs-X-1.clmp.fp2_repr.R1	5.15229958857995	47.0	98.65275411575809	0.0	1162787.0
Pli-AMvi_036-Ex1-9C-lcwgs-X-1.clmp.fp2_repr.R2	3.8005147749274926	46.0	94.55019706962668	0.0	1162787.0
Pli-AMvi_037-Ex1-10C-lcwgs-X-1.clmp.fp2_repr.R1	0.6696396164354894	38.0	66.65691853522928	0.0	650723.0
Pli-AMvi_037-Ex1-10C-lcwgs-X-1.clmp.fp2_repr.R2	0.5530894002776421	38.0	66.38436016553895	9.090909090909092	650723.0
Pli-AMvi_038-Ex1-11C-lcwgs-X-1.clmp.fp2_repr.R1	0.68080695244997	42.0	67.18946535931254	9.090909090909092	254152.0
Pli-AMvi_038-Ex1-11C-lcwgs-X-1.clmp.fp2_repr.R2	0.6347996302600762	42.0	66.96061412068369	9.090909090909092	254152.0
Pli-AMvi_039-Ex1-12C-lcwgs-X-1.clmp.fp2_repr.R1	20.293581920108764	52.0	142.99197275062272	9.090909090909092	180261.0
Pli-AMvi_039-Ex1-12C-lcwgs-X-1.clmp.fp2_repr.R2	13.789799972220592	52.0	132.98559311220953	9.090909090909092	180261.0
Pli-AMvi_040-Ex1-5A-lcwgs-X-1.clmp.fp2_repr.R1	1.4821202703870568	43.0	84.70561795470186	0.0	1181373.0
Pli-AMvi_040-Ex1-5A-lcwgs-X-1.clmp.fp2_repr.R2	1.2156080682102726	43.0	83.35125146757206	0.0	1181373.0
Pli-AMvi_041-Ex1-6A-lcwgs-X-1.clmp.fp2_repr.R1	1.0935184464170504	41.0	77.88909356557612	0.0	1745300.0
Pli-AMvi_041-Ex1-6A-lcwgs-X-1.clmp.fp2_repr.R2	0.9413222284415497	41.0	77.17171947516186	0.0	1745300.0
Pli-AMvi_042-Ex1-5B-lcwgs-X-1.clmp.fp2_repr.R1	0.1616379310344911	42.0	80.55818965517241	0.0	1856.0
Pli-AMvi_042-Ex1-5B-lcwgs-X-1.clmp.fp2_repr.R2	0.10775862068965125	42.0	79.14655172413794	0.0	1856.0
Pli-AMvi_043-Ex1-6B-lcwgs-X-1.clmp.fp2_repr.R1	1.6615113575544171	45.0	84.00394367923516	0.0	979035.0
Pli-AMvi_043-Ex1-6B-lcwgs-X-1.clmp.fp2_repr.R2	1.321537759171548	45.0	82.44724754477623	0.0	979035.0
Pli-AMvi_044-Ex1-5D-lcwgs-X-1.clmp.fp2_repr.R1	0.5053424028216114	43.0	59.04265030602113	9.090909090909092	67479.0
Pli-AMvi_044-Ex1-5D-lcwgs-X-1.clmp.fp2_repr.R2	0.4149439084752231	43.0	58.941818936261654	9.090909090909092	67479.0
Pli-AMvi_045-Ex1-6D-lcwgs-X-1.clmp.fp2_repr.R1	0.41811436311171235	45.0	57.79912843766563	9.090909090909092	16981.0
Pli-AMvi_045-Ex1-6D-lcwgs-X-1.clmp.fp2_repr.R2	0.4416701018785716	45.0	57.50633060479359	9.090909090909092	16981.0
Pli-AMvi_046-Ex1-1E-lcwgs-X-1.clmp.fp2_repr.R1	0.9457523285119009	43.0	84.07450567604076	0.0	335357.0
Pli-AMvi_046-Ex1-1E-lcwgs-X-1.clmp.fp2_repr.R2	0.7897059875608647	43.0	83.3393309219727	0.0	335357.0
Pli-AMvi_047-Ex1-2E-lcwgs-X-1.clmp.fp2_repr.R1	0.6917858821949068	40.0	66.17913672286028	9.090909090909092	89334.0
Pli-AMvi_047-Ex1-2E-lcwgs-X-1.clmp.fp2_repr.R2	0.5955179438959419	40.0	65.9838247475765	9.090909090909092	89334.0
Pli-AMvi_048-Ex1-3E-lcwgs-X-1.clmp.fp2_repr.R1	0.06734006734006925	41.0	72.99102132435466	9.090909090909092	4455.0
Pli-AMvi_048-Ex1-3E-lcwgs-X-1.clmp.fp2_repr.R2	0.04489337822670336	41.0	71.44534231200898	9.090909090909092	4455.0
Pli-AMvi_049-Ex1-4E-lcwgs-X-1.clmp.fp2_repr.R1	0.0	42.0	81.00598526703499	9.090909090909092	2172.0
Pli-AMvi_049-Ex1-4E-lcwgs-X-1.clmp.fp2_repr.R2	0.0	43.0	79.25920810313076	9.090909090909092	2172.0
Pli-AMvi_050-Ex1-5E-lcwgs-X-1.clmp.fp2_repr.R1	0.07621951219512368	41.0	81.1935975609756	9.090909090909092	1312.0
Pli-AMvi_050-Ex1-5E-lcwgs-X-1.clmp.fp2_repr.R2	0.0	41.0	79.98628048780488	9.090909090909092	1312.0
Pli-AMvi_051-Ex1-6E-lcwgs-X-1.clmp.fp2_repr.R1	0.38986354775828147	45.0	60.27025898078529	9.090909090909092	7182.0
Pli-AMvi_051-Ex1-6E-lcwgs-X-1.clmp.fp2_repr.R2	0.41771094402673725	45.0	59.87426900584796	9.090909090909092	7182.0
Pli-AMvi_052-Ex1-7D-lcwgs-X-1.clmp.fp2_repr.R1	0.5589143033770938	42.0	65.21735928584685	9.090909090909092	334046.0
Pli-AMvi_052-Ex1-7D-lcwgs-X-1.clmp.fp2_repr.R2	0.5280073443267099	42.0	65.08724846278656	9.090909090909092	334046.0
Pli-AMvi_053-Ex1-8D-lcwgs-X-1.clmp.fp2_repr.R1	0.13979496738117803	41.0	78.58108108108108	9.090909090909092	2146.0
Pli-AMvi_053-Ex1-8D-lcwgs-X-1.clmp.fp2_repr.R2	0.13979496738117803	41.0	76.52656104380242	9.090909090909092	2146.0
Pli-AMvi_054-Ex1-9D-lcwgs-X-1.clmp.fp2_repr.R1	0.43329532497149614	43.0	53.367414164449514	9.090909090909092	39465.0
Pli-AMvi_054-Ex1-9D-lcwgs-X-1.clmp.fp2_repr.R2	0.3851513999746601	43.0	53.282503484099834	9.090909090909092	39465.0
Pli-AMvi_055-Ex1-10D-lcwgs-X-1.clmp.fp2_repr.R1	0.5412512326065553	41.0	59.602355648077136	9.090909090909092	91270.0
Pli-AMvi_055-Ex1-10D-lcwgs-X-1.clmp.fp2_repr.R2	0.4437383587158905	41.0	59.46243015229539	9.090909090909092	91270.0
Pli-AMvi_056-Ex1-11D-lcwgs-X-1.clmp.fp2_repr.R1	0.17949740725967445	41.0	77.92540885520542	9.090909090909092	5014.0
Pli-AMvi_056-Ex1-11D-lcwgs-X-1.clmp.fp2_repr.R2	0.1196649381731163	41.0	76.21539688871161	9.090909090909092	5014.0
Pli-AMvi_057-Ex1-12D-lcwgs-X-1.clmp.fp2_repr.R1	0.308641975308646	45.0	102.9891975308642	9.090909090909092	648.0
Pli-AMvi_057-Ex1-12D-lcwgs-X-1.clmp.fp2_repr.R2	0.308641975308646	44.0	99.08641975308642	9.090909090909092	648.0
Pli-AMvi_058-Ex1-1F-lcwgs-X-1.clmp.fp2_repr.R1	12.498536553695672	52.0	141.90865978542692	18.181818181818183	467067.0
Pli-AMvi_058-Ex1-1F-lcwgs-X-1.clmp.fp2_repr.R2	8.247332818360917	52.0	132.07851122001767	18.181818181818183	467067.0
Pli-AMvi_059-Ex1-2F-lcwgs-X-1.clmp.fp2_repr.R1	0.09354536950421277	43.0	77.53274087932647	0.0	4276.0
Pli-AMvi_059-Ex1-2F-lcwgs-X-1.clmp.fp2_repr.R2	0.04677268475209928	43.0	76.17703461178672	0.0	4276.0
Pli-AMvi_060-Ex1-3F-lcwgs-X-1.clmp.fp2_repr.R1	0.045085662759248635	41.0	72.05770964833184	0.0	4436.0
Pli-AMvi_060-Ex1-3F-lcwgs-X-1.clmp.fp2_repr.R2	0.045085662759248635	41.0	70.76510369702434	0.0	4436.0
Pli-AMvi_061-Ex1-4F-lcwgs-X-1.clmp.fp2_repr.R1	0.04551661356396153	43.0	80.76513427401001	9.090909090909092	2197.0
Pli-AMvi_061-Ex1-4F-lcwgs-X-1.clmp.fp2_repr.R2	0.0	43.0	79.28629949931725	9.090909090909092	2197.0
Pli-AMvi_062-Ex1-5F-lcwgs-X-1.clmp.fp2_repr.R1	0.1226993865030721	42.0	82.74907975460123	9.090909090909092	1630.0
Pli-AMvi_062-Ex1-5F-lcwgs-X-1.clmp.fp2_repr.R2	0.1226993865030721	42.0	81.38036809815951	0.0	1630.0
Pli-AMvi_063-Ex1-6F-lcwgs-X-1.clmp.fp2_repr.R1	0.4149377593360981	44.0	57.74021932424422	9.090909090909092	6748.0
Pli-AMvi_063-Ex1-6F-lcwgs-X-1.clmp.fp2_repr.R2	0.37048014226436976	44.0	57.34113811499704	9.090909090909092	6748.0
Pli-AMvi_064-Ex1-7E-lcwgs-X-1.clmp.fp2_repr.R1	0.6831313262956655	41.0	66.67189061210304	9.090909090909092	92076.0
Pli-AMvi_064-Ex1-7E-lcwgs-X-1.clmp.fp2_repr.R2	0.5690950953560048	41.0	66.50856900821061	9.090909090909092	92076.0
Pli-AMvi_065-Ex1-8E-lcwgs-X-1.clmp.fp2_repr.R1	0.6033544292119473	38.0	64.67361662084618	9.090909090909092	54197.0
Pli-AMvi_065-Ex1-8E-lcwgs-X-1.clmp.fp2_repr.R2	0.4908020739155319	38.0	64.48517445615072	9.090909090909092	54197.0
Pli-AMvi_066-Ex1-9E-lcwgs-X-1.clmp.fp2_repr.R1	0.20920502092050697	42.0	81.93410041841004	9.090909090909092	1912.0
Pli-AMvi_066-Ex1-9E-lcwgs-X-1.clmp.fp2_repr.R2	0.10460251046025348	42.0	80.35251046025104	9.090909090909092	1912.0
Pli-AMvi_067-Ex1-10E-lcwgs-X-1.clmp.fp2_repr.R1	0.5598946080737761	42.0	66.23647313446881	9.090909090909092	21254.0
Pli-AMvi_067-Ex1-10E-lcwgs-X-1.clmp.fp2_repr.R2	0.4469746871177165	42.0	65.97708666603933	9.090909090909092	21254.0
Pli-AMvi_068-Ex1-1E-lcwgs-X-1.clmp.fp2_repr.R1	0.2218934911242627	43.0	90.38979289940828	9.090909090909092	1352.0
Pli-AMvi_068-Ex1-1E-lcwgs-X-1.clmp.fp2_repr.R2	0.2218934911242627	43.0	87.93786982248521	9.090909090909092	1352.0
Pli-AMvi_069-Ex1-12E-lcwgs-X-1.clmp.fp2_repr.R1	8.291051688423067	55.0	144.1026689237862	9.090909090909092	277640.0
Pli-AMvi_069-Ex1-12E-lcwgs-X-1.clmp.fp2_repr.R2	5.525770236295671	55.0	135.05208183258895	9.090909090909092	277640.0
Pli-AMvi_070-Ex1-1G-lcwgs-X-1.clmp.fp2_repr.R1	14.556834409919631	52.0	141.88253983491393	18.181818181818183	750033.0
Pli-AMvi_070-Ex1-1G-lcwgs-X-1.clmp.fp2_repr.R2	9.722701098062956	52.0	131.54903850897227	18.181818181818183	750033.0
Pli-AMvi_071-Ex1-2G-lcwgs-X-1.clmp.fp2_repr.R1	16.47651685600293	51.0	142.86755486461675	9.090909090909092	689561.0
Pli-AMvi_071-Ex1-2G-lcwgs-X-1.clmp.fp2_repr.R2	10.880819730711025	51.0	132.17571034324737	9.090909090909092	689561.0
Pli-AMvi_072-Ex1-3G-lcwgs-X-1.clmp.fp2_repr.R1	0.08400537634408067	41.0	73.10971102150538	9.090909090909092	5952.0
Pli-AMvi_072-Ex1-3G-lcwgs-X-1.clmp.fp2_repr.R2	0.06720430107527875	41.0	71.41582661290323	0.0	5952.0
Pli-AMvi_073-Ex1-4G-lcwgs-X-1.clmp.fp2_repr.R1	0.22488755622188705	44.0	64.55127436281859	9.090909090909092	6670.0
Pli-AMvi_073-Ex1-4G-lcwgs-X-1.clmp.fp2_repr.R2	0.17991004497751817	44.0	63.68230884557721	9.090909090909092	6670.0
Pli-AMvi_074-Ex1-5G-lcwgs-X-1.clmp.fp2_repr.R1	0.08424599831508317	42.0	80.83150800336983	0.0	2374.0
Pli-AMvi_074-Ex1-5G-lcwgs-X-1.clmp.fp2_repr.R2	0.12636899747261054	42.0	79.21735467565291	9.090909090909092	2374.0
Pli-AMvi_075-Ex1-6G-lcwgs-X-1.clmp.fp2_repr.R1	2.5456003067610595	45.0	90.72656042293764	0.0	327235.0
Pli-AMvi_075-Ex1-6G-lcwgs-X-1.clmp.fp2_repr.R2	1.906123870533449	45.0	88.36803520405824	0.0	327235.0
Pli-AMvi_076-Ex1-7F-lcwgs-X-1.clmp.fp2_repr.R1	0.3751417686916625	45.0	53.400500189024925	9.090909090909092	34387.0
Pli-AMvi_076-Ex1-7F-lcwgs-X-1.clmp.fp2_repr.R2	0.3489690871550266	45.0	53.27655800157036	9.090909090909092	34387.0
Pli-AMvi_077-Ex1-8F-lcwgs-X-1.clmp.fp2_repr.R1	0.14836795252224988	43.0	68.19881305637982	0.0	2696.0
Pli-AMvi_077-Ex1-8F-lcwgs-X-1.clmp.fp2_repr.R2	0.18545994065281945	43.0	66.99629080118694	0.0	2696.0
Pli-AMvi_078-Ex1-9F-lcwgs-X-1.clmp.fp2_repr.R1	0.0	42.0	81.40847201210288	9.090909090909092	1983.0
Pli-AMvi_078-Ex1-9F-lcwgs-X-1.clmp.fp2_repr.R2	0.05042864346948761	42.0	79.12355017650025	9.090909090909092	1983.0
Pli-AMvi_079-Ex1-10F-lcwgs-X-1.clmp.fp2_repr.R1	0.19147917663954672	41.0	85.07180469123983	9.090909090909092	2089.0
Pli-AMvi_079-Ex1-10F-lcwgs-X-1.clmp.fp2_repr.R2	0.19147917663954672	41.0	82.48157012924844	9.090909090909092	2089.0
Pli-AMvi_080-Ex1-11F-lcwgs-X-1.clmp.fp2_repr.R1	0.11108642523883816	41.0	76.60830926460787	9.090909090909092	4501.0
Pli-AMvi_080-Ex1-11F-lcwgs-X-1.clmp.fp2_repr.R2	0.04443457009553242	41.0	75.43012663852477	9.090909090909092	4501.0
Pli-AMvi_081-Ex1-12F-lcwgs-X-1.clmp.fp2_repr.R1	12.563014721093623	51.0	145.24545176293176	9.090909090909092	133953.0
Pli-AMvi_081-Ex1-12F-lcwgs-X-1.clmp.fp2_repr.R2	7.91228673832704	51.0	134.94892238322396	9.090909090909092	133953.0
Pli-AMvi_082-Ex1-1H-lcwgs-X-1.clmp.fp2_repr.R1	0.8561882060675288	44.0	67.84033690900733	0.0	1681641.0
Pli-AMvi_082-Ex1-1H-lcwgs-X-1.clmp.fp2_repr.R2	0.706287295616832	44.0	67.25373073087538	0.0	1681641.0
Pli-AMvi_083-Ex1-2H-lcwgs-X-1.clmp.fp2_repr.R1	0.5159905790359005	40.0	59.7393535480563	9.090909090909092	2102461.0
Pli-AMvi_083-Ex1-2H-lcwgs-X-1.clmp.fp2_repr.R2	0.4725426396817056	40.0	59.65435553858074	9.090909090909092	2102461.0
Pli-AMvi_084-Ex1-3H-lcwgs-X-1.clmp.fp2_repr.R1	0.9426692215469785	44.0	70.49727432010943	0.0	1046161.0
Pli-AMvi_084-Ex1-3H-lcwgs-X-1.clmp.fp2_repr.R2	0.795104702506876	44.0	69.87756282254834	0.0	1046161.0
Pli-AMvi_085-Ex1-4H-lcwgs-X-1.clmp.fp2_repr.R1	0.4247339871277944	41.0	57.628980677826	9.090909090909092	387120.0
Pli-AMvi_085-Ex1-4H-lcwgs-X-1.clmp.fp2_repr.R2	0.39952253403274085	41.0	57.5652691671833	9.090909090909092	387120.0
Pli-AMvi_086-Ex1-5H-lcwgs-X-1.clmp.fp2_repr.R1	0.6967746365791356	41.0	68.46752836511493	0.0	889561.0
Pli-AMvi_086-Ex1-5H-lcwgs-X-1.clmp.fp2_repr.R2	0.6330285119533414	41.0	68.20414676452768	0.0	889561.0
Pli-AMvi_087-Ex1-6H-lcwgs-X-1.clmp.fp2_repr.R1	1.2627314964962864	47.0	80.04104857786426	0.0	619315.0
Pli-AMvi_087-Ex1-6H-lcwgs-X-1.clmp.fp2_repr.R2	1.0169377471151506	47.0	78.68599178124218	0.0	619315.0
Pli-AMvi_088-Ex1-7G-lcwgs-X-1.clmp.fp2_repr.R1	1.3095756533563616	44.0	81.50045535459633	0.0	508395.0
Pli-AMvi_088-Ex1-7G-lcwgs-X-1.clmp.fp2_repr.R2	1.0823588847168963	44.0	80.34453328612595	0.0	508395.0
Pli-AMvi_089-Ex1-8G-lcwgs-X-1.clmp.fp2_repr.R1	0.08250825082508584	42.0	81.23102310231023	9.090909090909092	2424.0
Pli-AMvi_089-Ex1-8G-lcwgs-X-1.clmp.fp2_repr.R2	0.08250825082508584	42.0	79.32549504950495	9.090909090909092	2424.0
Pli-AMvi_090-Ex1-9G-lcwgs-X-1.clmp.fp2_repr.R1	0.20526855969893631	42.0	82.42866917550462	0.0	2923.0
Pli-AMvi_090-Ex1-9G-lcwgs-X-1.clmp.fp2_repr.R2	0.13684570646596228	42.0	80.70338693123503	9.090909090909092	2923.0
Pli-AMvi_091-Ex1-10G-lcwgs-X-1.clmp.fp2_repr.R1	0.3074558032282795	42.0	87.75288239815526	9.090909090909092	2602.0
Pli-AMvi_091-Ex1-10G-lcwgs-X-1.clmp.fp2_repr.R2	0.15372790161414684	42.0	84.93428132205996	9.090909090909092	2602.0
Pli-AMvi_092-Ex1-11G-lcwgs-X-1.clmp.fp2_repr.R1	0.04996252810391866	41.0	76.39970022483138	0.0	4003.0
Pli-AMvi_092-Ex1-11G-lcwgs-X-1.clmp.fp2_repr.R2	0.04996252810391866	41.0	74.98426180364727	9.090909090909092	4003.0
Pli-AMvi_093-Ex1-12G-lcwgs-X-1.clmp.fp2_repr.R1	17.802812783060233	51.0	144.69747414693907	9.090909090909092	249777.0
Pli-AMvi_093-Ex1-12G-lcwgs-X-1.clmp.fp2_repr.R2	11.167299300797552	52.0	133.65228183539716	9.090909090909092	249777.0
Pli-AMvi_094-Ex1-7H-lcwgs-X-1.clmp.fp2_repr.R1	0.4749064577290767	42.0	60.050011949893765	9.090909090909092	456071.0
Pli-AMvi_094-Ex1-7H-lcwgs-X-1.clmp.fp2_repr.R2	0.42808841566863975	42.0	59.95572619175523	9.090909090909092	456071.0
Pli-AMvi_095-Ex1-8H-lcwgs-X-1.clmp.fp2_repr.R1	0.37841523112167863	46.0	51.135397295831396	9.090909090909092	206496.0
Pli-AMvi_095-Ex1-8H-lcwgs-X-1.clmp.fp2_repr.R2	0.34383825310824534	47.0	51.1041763520843	9.090909090909092	206496.0
Pli-AMvi_096-Ex1-9H-lcwgs-X-1.clmp.fp2_repr.R1	0.14785608674223738	42.0	66.91177920157713	9.090909090909092	4058.0
Pli-AMvi_096-Ex1-9H-lcwgs-X-1.clmp.fp2_repr.R2	0.19714144898964037	42.0	65.58846722523411	9.090909090909092	4058.0
Pli-AMvi_097-Ex1-10H-lcwgs-X-1.clmp.fp2_repr.R1	0.15340037497870185	41.0	72.44673598091018	9.090909090909092	5867.0
Pli-AMvi_097-Ex1-10H-lcwgs-X-1.clmp.fp2_repr.R2	0.15340037497870185	41.0	71.16925174705983	9.090909090909092	5867.0
Pli-AMvi_098-Ex1-11H-lcwgs-X-1.clmp.fp2_repr.R1	0.10810810810811233	41.0	76.23171171171171	9.090909090909092	5550.0
Pli-AMvi_098-Ex1-11H-lcwgs-X-1.clmp.fp2_repr.R2	0.036036036036037444	41.0	74.47333333333333	9.090909090909092	5550.0
Pli-AMvi_099-Ex1-12H-lcwgs-X-1.clmp.fp2_repr.R1	21.78732516276871	50.0	143.13836960366365	9.090909090909092	537170.0
Pli-AMvi_099-Ex1-12H-lcwgs-X-1.clmp.fp2_repr.R2	13.698435453529157	50.0	131.19196902284193	0.0	537170.0
Pli-CMvi_001-Ex1-1B-lcwgs-1-1.clmp.fp2_repr.R1	6.758344367709228	42.0	141.278212660166	0.0	3484978.0
Pli-CMvi_001-Ex1-1B-lcwgs-1-1.clmp.fp2_repr.R2	6.446103765505427	42.0	134.4567363122522	0.0	3484978.0
Pli-CMvi_002-Ex1-2A-lcwgs-1-1.clmp.fp2_repr.R1	5.838324050559251	42.0	137.7647182642826	0.0	4774510.0
Pli-CMvi_002-Ex1-2A-lcwgs-1-1.clmp.fp2_repr.R2	6.089328467355557	42.0	131.68598934759797	0.0	4774510.0
Pli-CMvi_003-Ex1-2G-lcwgs-X-1.clmp.fp2_repr.R1	3.2256767150477827	42.0	132.3961571538589	0.0	489533.0
Pli-CMvi_003-Ex1-2G-lcwgs-X-1.clmp.fp2_repr.R2	2.7596240537723418	42.0	127.38544286084901	0.0	489533.0
Pli-CMvi_004-Ex1-3F-lcwgs-1-1.clmp.fp2_repr.R1	6.548182448009115	42.0	139.61697064530372	0.0	4547688.0
Pli-CMvi_004-Ex1-3F-lcwgs-1-1.clmp.fp2_repr.R2	6.484628318366106	42.0	133.20100081623895	0.0	4547688.0
Pli-CMvi_005-Ex1-4C-lcwgs-X-1.clmp.fp2_repr.R1	0.20792614463343284	42.0	119.09685199817025	0.0	24047.0
Pli-CMvi_005-Ex1-4C-lcwgs-X-1.clmp.fp2_repr.R2	0.12475568678004834	42.0	114.62394477481598	0.0	24047.0
Pli-CMvi_006-Ex1-5A-lcwgs-X-1.clmp.fp2_repr.R1	0.668601929019573	42.0	122.15696226238411	0.0	53395.0
Pli-CMvi_006-Ex1-5A-lcwgs-X-1.clmp.fp2_repr.R2	0.498173986328311	42.0	117.30658301339076	0.0	53395.0
Pli-CMvi_007-Ex1-5G-lcwgs-1-1.clmp.fp2_repr.R1	5.715771873281696	42.0	134.48577810409884	9.090909090909092	2388922.0
Pli-CMvi_007-Ex1-5G-lcwgs-1-1.clmp.fp2_repr.R2	5.379648356158711	42.0	128.70510087813668	9.090909090909092	2388922.0
Pli-CMvi_013-Ex1-1C-lcwgs-X-1.clmp.fp2_repr.R1	7.881675160181018	43.0	145.21034990944608	0.0	2122492.0
Pli-CMvi_013-Ex1-1C-lcwgs-X-1.clmp.fp2_repr.R2	7.043154923760724	43.0	135.74185532854776	0.0	2122492.0
Pli-CMvi_014-Ex1-2B-lcwgs-X-1.clmp.fp2_repr.R1	0.5616234330395997	42.0	123.29750527491622	0.0	32228.0
Pli-CMvi_014-Ex1-2B-lcwgs-X-1.clmp.fp2_repr.R2	0.4064788382772804	42.0	118.75446816432915	0.0	32228.0
Pli-CMvi_015-Ex1-2H-lcwgs-X-1.clmp.fp2_repr.R1	5.506220671154821	42.0	138.62258644320303	0.0	1719713.0
Pli-CMvi_015-Ex1-2H-lcwgs-X-1.clmp.fp2_repr.R2	5.26459466322919	42.0	132.44681990541446	0.0	1719713.0
Pli-CMvi_020-Ex1-6D-lcwgs-X-1.clmp.fp2_repr.R1	8.333063060020834	42.0	138.56267814677827	0.0	3573949.0
Pli-CMvi_020-Ex1-6D-lcwgs-X-1.clmp.fp2_repr.R2	8.000462368013984	43.0	131.97317169327263	9.090909090909092	3573949.0
Pli-CMvi_021-Ex1-6G-lcwgs-X-1.clmp.fp2_repr.R1	4.500419209769419	42.0	141.7232336525	0.0	702141.0
Pli-CMvi_021-Ex1-6G-lcwgs-X-1.clmp.fp2_repr.R2	3.9601095712622225	42.0	135.40789670450806	0.0	702141.0
Pli-CMvi_022-Ex1-7B-lcwgs-X-1.clmp.fp2_repr.R1	2.0411489839533488	42.0	128.20156119824682	0.0	55214.0
Pli-CMvi_022-Ex1-7B-lcwgs-X-1.clmp.fp2_repr.R2	1.4760749085376972	42.0	124.08068605788387	0.0	55214.0
Pli-CMvi_023-Ex1-7F-lcwgs-X-1.clmp.fp2_repr.R1	3.5254039733594027	42.0	132.52462773278643	0.0	1025876.0
Pli-CMvi_023-Ex1-7F-lcwgs-X-1.clmp.fp2_repr.R2	3.1872956084523167	42.0	128.0469501187278	0.0	1025876.0
Pli-CMvi_025-Ex1-1D-lcwgs-X-1.clmp.fp2_repr.R1	2.603487259761721	42.0	132.59981302721977	0.0	91992.0
Pli-CMvi_025-Ex1-1D-lcwgs-X-1.clmp.fp2_repr.R2	1.7773284633446451	42.0	126.86196625793548	0.0	91992.0
Pli-CMvi_028-Ex1-3G-lcwgs-X-1.clmp.fp2_repr.R1	7.283245150679562	42.0	142.20957861481372	0.0	2501844.0
Pli-CMvi_028-Ex1-3G-lcwgs-X-1.clmp.fp2_repr.R2	6.748104178948537	42.0	134.8679402073031	0.0	2501844.0
Pli-CMvi_030-Ex1-5B-lcwgs-X-1.clmp.fp2_repr.R1	0.38736367055284404	42.0	125.15723956374578	0.0	26590.0
Pli-CMvi_030-Ex1-5B-lcwgs-X-1.clmp.fp2_repr.R2	0.25573523881158167	42.0	120.40526513726965	0.0	26590.0
Pli-CMvi_031-Ex1-5H-lcwgs-X-1.clmp.fp2_repr.R1	6.690499649563037	43.0	134.83460829899704	0.0	2243982.0
Pli-CMvi_031-Ex1-5H-lcwgs-X-1.clmp.fp2_repr.R2	6.467860657782367	43.0	128.82578469880775	0.0	2243982.0
Pli-CMvi_034-Ex1-7C-lcwgs-X-1.clmp.fp2_repr.R1	1.915392964501578	42.0	124.13168664399134	0.0	219916.0
Pli-CMvi_034-Ex1-7C-lcwgs-X-1.clmp.fp2_repr.R2	1.694467901477097	42.0	120.97669110023827	0.0	219916.0
Pli-CMvi_037-Ex1-1E-lcwgs-X-1.clmp.fp2_repr.R1	7.254509490776215	42.0	144.6426549481276	0.0	2197316.0
Pli-CMvi_037-Ex1-1E-lcwgs-X-1.clmp.fp2_repr.R2	6.3778051995555245	42.0	135.49831885809778	0.0	2197316.0
Pli-CMvi_038-Ex1-2C-lcwgs-X-1.clmp.fp2_repr.R1	2.881535720538409	42.0	132.98778591363632	0.0	97101.0
Pli-CMvi_038-Ex1-2C-lcwgs-X-1.clmp.fp2_repr.R2	2.0174869465813856	42.0	127.60505041142727	0.0	97101.0
Pli-CMvi_039-Ex1-3A-lcwgs-X-1.clmp.fp2_repr.R1	6.563899846422814	43.0	140.2237771473874	0.0	2945265.0
Pli-CMvi_039-Ex1-3A-lcwgs-X-1.clmp.fp2_repr.R2	6.429856823640151	43.0	133.0246218931064	0.0	2945265.0
Pli-CMvi_040-Ex1-3H-lcwgs-1-1.clmp.fp2_repr.R1	6.484440991462165	42.0	139.5956625469883	0.0	3506989.0
Pli-CMvi_040-Ex1-3H-lcwgs-1-1.clmp.fp2_repr.R2	6.366534492476035	42.0	132.962225715564	0.0	3506989.0
Pli-CMvi_041-Ex1-4E-lcwgs-1-1.clmp.fp2_repr.R1	6.2772936519790505	42.0	138.3129302519733	0.0	3143071.0
Pli-CMvi_041-Ex1-4E-lcwgs-1-1.clmp.fp2_repr.R2	6.299266525977259	42.0	132.33275067601082	0.0	3143071.0
Pli-CMvi_042-Ex1-5C-lcwgs-X-1.clmp.fp2_repr.R1	6.7798058051743055	42.0	142.92358361820524	0.0	4025786.0
Pli-CMvi_042-Ex1-5C-lcwgs-X-1.clmp.fp2_repr.R2	6.654596414001929	42.0	135.15894833952922	0.0	4025786.0
Pli-CMvi_047-Ex1-7G-lcwgs-X-1.clmp.fp2_repr.R1	3.413861282018388	42.0	133.22958553282845	0.0	814202.0
Pli-CMvi_047-Ex1-7G-lcwgs-X-1.clmp.fp2_repr.R2	3.0252142007619796	42.0	128.28400077622015	0.0	814202.0
Pli-CMvi_049-Ex1-1F-lcwgs-1-1.clmp.fp2_repr.R1	6.597826161387815	42.0	141.5367004254607	0.0	4984479.0
Pli-CMvi_049-Ex1-1F-lcwgs-1-1.clmp.fp2_repr.R2	6.769162174211928	42.0	135.02085533914376	0.0	4984479.0
Pli-CMvi_051-Ex1-3B-lcwgs-X-1.clmp.fp2_repr.R1	7.408908468564604	42.0	140.39990062684052	0.0	6104264.0
Pli-CMvi_051-Ex1-3B-lcwgs-X-1.clmp.fp2_repr.R2	7.727606159904838	42.0	133.5945960069879	0.0	6104264.0
Pli-CMvi_053-Ex1-4F-lcwgs-X-1.clmp.fp2_repr.R1	2.6573378187510457	42.0	134.65921042106106	0.0	237519.0
Pli-CMvi_053-Ex1-4F-lcwgs-X-1.clmp.fp2_repr.R2	2.158987939383934	42.0	129.51585767875412	0.0	237519.0
Pli-CMvi_054-Ex1-5D-lcwgs-X-1.clmp.fp2_repr.R1	5.30218576969105	42.0	136.8124683421821	0.0	2376980.0
Pli-CMvi_054-Ex1-5D-lcwgs-X-1.clmp.fp2_repr.R2	5.300658649662651	42.0	131.07583530362055	0.0	2376980.0
Pli-CMvi_059-Ex1-7H-lcwgs-X-1.clmp.fp2_repr.R1	5.5421343595195225	42.0	138.97098682717686	0.0	2093325.0
Pli-CMvi_059-Ex1-7H-lcwgs-X-1.clmp.fp2_repr.R2	5.329044024721242	42.0	132.68258583831943	0.0	2093325.0
Pli-CMvi_060-Ex1-8F-lcwgs-X-1.clmp.fp2_repr.R1	3.3080563896381534	42.0	138.27864013435797	0.0	78596.0
Pli-CMvi_060-Ex1-8F-lcwgs-X-1.clmp.fp2_repr.R2	2.315639472746696	42.0	132.1972873937605	0.0	78596.0
Pli-CMvi_062-Ex1-2D-lcwgs-1-1.clmp.fp2_repr.R1	5.447185438765629	42.0	135.7160817705476	0.0	4531118.0
Pli-CMvi_062-Ex1-2D-lcwgs-1-1.clmp.fp2_repr.R2	5.766179044077063	42.0	130.34405769172199	0.0	4531118.0
Pli-CMvi_063-Ex1-3C-lcwgs-1-1.clmp.fp2_repr.R1	6.924314587272804	42.0	141.7407985238296	0.0	3100997.0
Pli-CMvi_063-Ex1-3C-lcwgs-1-1.clmp.fp2_repr.R2	6.708763753705924	42.0	134.64985970641055	0.0	3100997.0
Pli-CMvi_064-Ex1-4A-lcwgs-1-1.clmp.fp2_repr.R1	7.225100488416388	42.0	144.01288872277718	0.0	4211356.0
Pli-CMvi_064-Ex1-4A-lcwgs-1-1.clmp.fp2_repr.R2	6.827934339832865	43.0	135.45443747809495	0.0	4211356.0
Pli-CMvi_065-Ex1-4G-lcwgs-X-1.clmp.fp2_repr.R1	2.6425019335263045	42.0	131.96545101880125	0.0	208284.0
Pli-CMvi_065-Ex1-4G-lcwgs-X-1.clmp.fp2_repr.R2	2.114699263422068	42.0	126.75374008565228	0.0	208284.0
Pli-CMvi_066-Ex1-5E-lcwgs-1-1.clmp.fp2_repr.R1	8.592087443040015	43.0	142.08905939878457	0.0	6060124.0
Pli-CMvi_066-Ex1-5E-lcwgs-1-1.clmp.fp2_repr.R2	8.97362692033866	43.0	135.31573677370298	0.0	6060124.0
Pli-CMvi_070-Ex1-7D-lcwgs-X-1.clmp.fp2_repr.R1	1.7415889171614367	42.0	126.23294694185279	0.0	53055.0
Pli-CMvi_070-Ex1-7D-lcwgs-X-1.clmp.fp2_repr.R2	1.2213740458015252	42.0	122.07846574309679	0.0	53055.0
Pli-CMvi_071-Ex1-8A-lcwgs-X-1.clmp.fp2_repr.R1	1.079101079101079	42.0	125.61365211365211	0.0	20202.0
Pli-CMvi_071-Ex1-8A-lcwgs-X-1.clmp.fp2_repr.R2	0.7177507177507181	42.0	119.75403425403425	0.0	20202.0
Pli-CMvi_072-Ex1-8G-lcwgs-X-1.clmp.fp2_repr.R1	4.215978063748906	42.0	140.32134749898248	0.0	476646.0
Pli-CMvi_072-Ex1-8G-lcwgs-X-1.clmp.fp2_repr.R2	3.4147060824958544	42.0	133.30357539977257	0.0	476646.0
Pli-CMvi_073-Ex1-1G-lcwgs-X-1.clmp.fp2_repr.R1	10.638460309831189	43.0	140.78661917992864	0.0	3567031.0
Pli-CMvi_073-Ex1-1G-lcwgs-X-1.clmp.fp2_repr.R2	10.98574841826158	43.0	133.9916813170393	0.0	3567031.0
Pli-CMvi_074-Ex1-2E-lcwgs-X-1.clmp.fp2_repr.R1	3.657072309130811	42.0	134.0434162236323	0.0	145775.0
Pli-CMvi_074-Ex1-2E-lcwgs-X-1.clmp.fp2_repr.R2	2.880104039936697	42.0	128.63991082147143	0.0	145775.0
Pli-CMvi_075-Ex1-3D-lcwgs-X-1.clmp.fp2_repr.R1	1.980447229331844	42.0	127.06350894229341	0.0	249209.0
Pli-CMvi_075-Ex1-3D-lcwgs-X-1.clmp.fp2_repr.R2	1.7646830744749167	42.0	123.08106448804016	0.0	249209.0
Pli-CMvi_076-Ex1-4B-lcwgs-X-1.clmp.fp2_repr.R1	1.079965606190882	42.0	126.12873602751505	0.0	29075.0
Pli-CMvi_076-Ex1-4B-lcwgs-X-1.clmp.fp2_repr.R2	0.8564058469475526	42.0	121.39879621668099	0.0	29075.0
Pli-CMvi_078-Ex1-5F-lcwgs-X-1.clmp.fp2_repr.R1	0.7823219314926746	42.0	131.65731892256215	0.0	41543.0
Pli-CMvi_078-Ex1-5F-lcwgs-X-1.clmp.fp2_repr.R2	0.6354861228125088	42.0	126.07801555015286	0.0	41543.0
Pli-CMvi_082-Ex1-7E-lcwgs-X-1.clmp.fp2_repr.R1	2.900258195152105	42.0	130.69404159545124	0.0	118186.0
Pli-CMvi_082-Ex1-7E-lcwgs-X-1.clmp.fp2_repr.R2	2.188107549300881	42.0	126.1879664258034	0.0	118186.0
Pli-CMvi_083-Ex1-8B-lcwgs-X-1.clmp.fp2_repr.R1	2.988892628744537	42.0	136.62507573207674	0.0	29710.0
Pli-CMvi_083-Ex1-8B-lcwgs-X-1.clmp.fp2_repr.R2	1.9858633456748578	42.0	130.7011780545271	0.0	29710.0
Pli-CMvi_084-Ex1-8H-lcwgs-X-1.clmp.fp2_repr.R1	3.3915277904396817	42.0	130.6131874935849	0.0	604042.0
Pli-CMvi_084-Ex1-8H-lcwgs-X-1.clmp.fp2_repr.R2	2.882072681377565	42.0	125.21903112697461	0.0	604042.0
Pli-CMvi_085-Ex1-1H-lcwgs-X-1.clmp.fp2_repr.R1	6.492056433140476	42.0	139.49820030264297	0.0	3267216.0
Pli-CMvi_085-Ex1-1H-lcwgs-X-1.clmp.fp2_repr.R2	6.527478074634658	42.0	133.0703599027429	0.0	3267216.0
Pli-CMvi_086-Ex1-2F-lcwgs-X-1.clmp.fp2_repr.R1	7.166763292306598	42.0	143.3824444806809	0.0	3256389.0
Pli-CMvi_086-Ex1-2F-lcwgs-X-1.clmp.fp2_repr.R2	6.8219300436010855	42.0	135.24343897488905	0.0	3256389.0
Pli-CMvi_087-Ex1-3E-lcwgs-X-1.clmp.fp2_repr.R1	6.718454719528538	42.0	143.26855511609122	0.0	4543410.0
Pli-CMvi_087-Ex1-3E-lcwgs-X-1.clmp.fp2_repr.R2	6.501520278845945	42.0	135.0834417320911	0.0	4543410.0
Pli-CMvi_089-Ex1-4H-lcwgs-X-1.clmp.fp2_repr.R1	5.432977094036914	42.0	140.35057159787453	0.0	1858037.0
Pli-CMvi_089-Ex1-4H-lcwgs-X-1.clmp.fp2_repr.R2	5.160752659640593	42.0	133.51832606132172	0.0	1858037.0
Pli-CMvi_093-Ex1-7A-lcwgs-X-1.clmp.fp2_repr.R1	0.31015856420980015	42.0	117.8810245687402	0.0	28695.0
Pli-CMvi_093-Ex1-7A-lcwgs-X-1.clmp.fp2_repr.R2	0.23349015507928073	42.0	113.77916013242725	0.0	28695.0
Pli-CMvi_095-Ex1-8C-lcwgs-X-1.clmp.fp2_repr.R1	0.37916583516263813	42.0	123.65595689483138	9.090909090909092	10022.0
Pli-CMvi_095-Ex1-8C-lcwgs-X-1.clmp.fp2_repr.R2	0.31929754540011857	42.0	118.26791059668729	9.090909090909092	10022.0
