	21.0	22.0	23.0	24.0	25.0	26.0	27.0	28.0	29.0	30.0	31.0	32.0	33.0	34.0	35.0	36.0	37.0	38.0	39.0	40.0
Par-ARag_001-Ex1-6G-lcwgs-2-T.clmp.r1	29.0	365.0	1674.0	5232.0	7486.0	7566.0	8801.0	11164.0	14279.0	18063.0	23234.0	28618.0	34783.0	42789.0	54134.0	71489.0	99440.0	167449.0	431261.0	2060439.0
	20.0	21.0	22.0	23.0	24.0	25.0	26.0	27.0	28.0	29.0	30.0	31.0	32.0	33.0	34.0	35.0	36.0	37.0	38.0	39.0	40.0
Par-ARag_001-Ex1-6G-lcwgs-2-T.clmp.r2	3.0	332.0	4682.0	13931.0	20230.0	21831.0	22865.0	24677.0	27017.0	29893.0	33435.0	37325.0	42628.0	49189.0	58827.0	73336.0	96061.0	139588.0	236833.0	528950.0	1626662.0
	21.0	22.0	23.0	24.0	25.0	26.0	27.0	28.0	29.0	30.0	31.0	32.0	33.0	34.0	35.0	36.0	37.0	38.0	39.0	40.0
Par-ARag_002-Ex1-6H-lcwgs-2-T.clmp.r1	20.0	284.0	1603.0	5351.0	7732.0	7880.0	8948.0	11117.0	13938.0	17368.0	22009.0	26937.0	32829.0	40434.0	50556.0	66936.0	96571.0	162989.0	430310.0	2394878.0
	20.0	21.0	22.0	23.0	24.0	25.0	26.0	27.0	28.0	29.0	30.0	31.0	32.0	33.0	34.0	35.0	36.0	37.0	38.0	39.0	40.0
Par-ARag_002-Ex1-6H-lcwgs-2-T.clmp.r2	4.0	212.0	2986.0	10013.0	15949.0	17542.0	18401.0	19539.0	21731.0	24384.0	27631.0	31770.0	36729.0	43489.0	52537.0	66035.0	88641.0	128572.0	219240.0	509656.0	2063629.0
	21.0	22.0	23.0	24.0	25.0	26.0	27.0	28.0	29.0	30.0	31.0	32.0	33.0	34.0	35.0	36.0	37.0	38.0	39.0	40.0
Par-ARag_006-Ex1-7C-lcwgs-2-T.clmp.r1	20.0	184.0	639.0	1294.0	2248.0	3349.0	4717.0	6777.0	8763.0	11596.0	15104.0	18296.0	21874.0	26971.0	33918.0	44028.0	61921.0	102049.0	262482.0	1586150.0
	20.0	21.0	22.0	23.0	24.0	25.0	26.0	27.0	28.0	29.0	30.0	31.0	32.0	33.0	34.0	35.0	36.0	37.0	38.0	39.0	40.0
Par-ARag_006-Ex1-7C-lcwgs-2-T.clmp.r2	1.0	194.0	2479.0	6705.0	8449.0	10034.0	11281.0	12590.0	14457.0	16255.0	18470.0	20706.0	24185.0	28226.0	34185.0	42955.0	56858.0	83336.0	142491.0	335819.0	1342704.0
	20.0	21.0	22.0	23.0	24.0	25.0	26.0	27.0	28.0	29.0	30.0	31.0	32.0	33.0	34.0	35.0	36.0	37.0	38.0	39.0	40.0
Par-ARag_007-Ex1-7D-lcwgs-2-T.clmp.r1	1.0	22.0	278.0	1013.0	2077.0	3579.0	5173.0	7444.0	9770.0	13225.0	17079.0	22139.0	27291.0	32945.0	40381.0	51361.0	66575.0	94470.0	157830.0	407415.0	2630810.0
	20.0	21.0	22.0	23.0	24.0	25.0	26.0	27.0	28.0	29.0	30.0	31.0	32.0	33.0	34.0	35.0	36.0	37.0	38.0	39.0	40.0
Par-ARag_007-Ex1-7D-lcwgs-2-T.clmp.r2	2.0	218.0	3216.0	8927.0	12470.0	14435.0	16153.0	18176.0	20540.0	23276.0	26309.0	30102.0	35302.0	41839.0	50208.0	64038.0	85097.0	124152.0	213332.0	507561.0	2295525.0
	21.0	22.0	23.0	24.0	25.0	26.0	27.0	28.0	29.0	30.0	31.0	32.0	33.0	34.0	35.0	36.0	37.0	38.0	39.0	40.0
Par-ARag_008-Ex1-7E-lcwgs-2-T.clmp.r1	8.0	118.0	554.0	1061.0	1781.0	2727.0	3798.0	5185.0	6847.0	8722.0	11133.0	13635.0	16335.0	19775.0	24569.0	32169.0	44769.0	73440.0	187758.0	1294457.0
	21.0	22.0	23.0	24.0	25.0	26.0	27.0	28.0	29.0	30.0	31.0	32.0	33.0	34.0	35.0	36.0	37.0	38.0	39.0	40.0
Par-ARag_008-Ex1-7E-lcwgs-2-T.clmp.r2	99.0	1548.0	4236.0	5956.0	6833.0	7879.0	8875.0	10018.0	11301.0	12668.0	14517.0	16553.0	19573.0	23677.0	29561.0	39009.0	56219.0	95836.0	230863.0	1153620.0
	21.0	22.0	23.0	24.0	25.0	26.0	27.0	28.0	29.0	30.0	31.0	32.0	33.0	34.0	35.0	36.0	37.0	38.0	39.0	40.0
Par-ARag_009-Ex1-7F-lcwgs-2-T.clmp.r1	13.0	204.0	714.0	1457.0	2378.0	3561.0	5104.0	6943.0	8905.0	11439.0	14813.0	18031.0	21432.0	25667.0	31728.0	40207.0	55305.0	89311.0	220801.0	1359149.0
	20.0	21.0	22.0	23.0	24.0	25.0	26.0	27.0	28.0	29.0	30.0	31.0	32.0	33.0	34.0	35.0	36.0	37.0	38.0	39.0	40.0
Par-ARag_009-Ex1-7F-lcwgs-2-T.clmp.r2	1.0	181.0	2366.0	6853.0	9064.0	10571.0	11667.0	13095.0	14492.0	16107.0	18113.0	19920.0	22853.0	26046.0	30921.0	37718.0	49050.0	70380.0	118279.0	276308.0	1163177.0
	21.0	22.0	23.0	24.0	25.0	26.0	27.0	28.0	29.0	30.0	31.0	32.0	33.0	34.0	35.0	36.0	37.0	38.0	39.0	40.0
Par-ARag_010-Ex1-7G-lcwgs-2-T.clmp.r1	23.0	215.0	868.0	1721.0	2869.0	4304.0	6136.0	8272.0	11193.0	14781.0	18455.0	23060.0	28413.0	34280.0	43141.0	56946.0	80230.0	133455.0	344142.0	1999439.0
	20.0	21.0	22.0	23.0	24.0	25.0	26.0	27.0	28.0	29.0	30.0	31.0	32.0	33.0	34.0	35.0	36.0	37.0	38.0	39.0	40.0
Par-ARag_010-Ex1-7G-lcwgs-2-T.clmp.r2	2.0	221.0	3038.0	8252.0	11331.0	12797.0	14845.0	16541.0	18530.0	21193.0	23466.0	26815.0	31545.0	36849.0	44735.0	56057.0	74465.0	108115.0	184762.0	429005.0	1689379.0
	21.0	22.0	23.0	24.0	25.0	26.0	27.0	28.0	29.0	30.0	31.0	32.0	33.0	34.0	35.0	36.0	37.0	38.0	39.0	40.0
Par-ARag_011-Ex1-7H-lcwgs-2-T.clmp.r1	24.0	297.0	1091.0	2262.0	3710.0	5555.0	7894.0	10595.0	14219.0	18540.0	23531.0	29198.0	35503.0	43133.0	54327.0	70979.0	99928.0	166041.0	425142.0	2428112.0
	20.0	21.0	22.0	23.0	24.0	25.0	26.0	27.0	28.0	29.0	30.0	31.0	32.0	33.0	34.0	35.0	36.0	37.0	38.0	39.0	40.0
Par-ARag_011-Ex1-7H-lcwgs-2-T.clmp.r2	4.0	301.0	3819.0	11480.0	15118.0	17470.0	19509.0	21684.0	24341.0	27239.0	30656.0	34902.0	39877.0	46885.0	56180.0	70549.0	92741.0	134619.0	229823.0	532554.0	2030330.0
	21.0	22.0	23.0	24.0	25.0	26.0	27.0	28.0	29.0	30.0	31.0	32.0	33.0	34.0	35.0	36.0	37.0	38.0	39.0	40.0
Par-ARag_012-Ex1-8A-lcwgs-2-T.clmp.r1	13.0	171.0	583.0	1408.0	2348.0	3311.0	4596.0	6213.0	8238.0	10470.0	13385.0	16349.0	19789.0	24265.0	29809.0	38888.0	53740.0	88788.0	226371.0	1634930.0
	20.0	21.0	22.0	23.0	24.0	25.0	26.0	27.0	28.0	29.0	30.0	31.0	32.0	33.0	34.0	35.0	36.0	37.0	38.0	39.0	40.0
Par-ARag_012-Ex1-8A-lcwgs-2-T.clmp.r2	2.0	122.0	1750.0	5231.0	7536.0	8663.0	9796.0	10780.0	12320.0	13985.0	15810.0	17995.0	20826.0	24643.0	29356.0	36756.0	48421.0	70455.0	120638.0	287738.0	1440842.0
	21.0	22.0	23.0	24.0	25.0	26.0	27.0	28.0	29.0	30.0	31.0	32.0	33.0	34.0	35.0	36.0	37.0	38.0	39.0	40.0
Par-ARag_013-Ex1-8B-lcwgs-2-T.clmp.r1	6.0	88.0	346.0	769.0	1203.0	1868.0	2611.0	3697.0	4676.0	6060.0	7757.0	9522.0	11543.0	13989.0	17518.0	22834.0	31900.0	52989.0	133946.0	824155.0
	20.0	21.0	22.0	23.0	24.0	25.0	26.0	27.0	28.0	29.0	30.0	31.0	32.0	33.0	34.0	35.0	36.0	37.0	38.0	39.0	40.0
Par-ARag_013-Ex1-8B-lcwgs-2-T.clmp.r2	1.0	101.0	1245.0	3426.0	4651.0	5388.0	6209.0	6860.0	7652.0	8738.0	9625.0	10892.0	12531.0	14823.0	17839.0	22094.0	29227.0	42242.0	71520.0	168117.0	704296.0
	21.0	22.0	23.0	24.0	25.0	26.0	27.0	28.0	29.0	30.0	31.0	32.0	33.0	34.0	35.0	36.0	37.0	38.0	39.0	40.0
Par-ARag_014-Ex1-8C-lcwgs-2-T.clmp.r1	16.0	189.0	562.0	1232.0	1989.0	2836.0	4142.0	5568.0	7308.0	9442.0	12179.0	14633.0	17889.0	21641.0	26809.0	35006.0	48763.0	80256.0	202625.0	1304264.0
	20.0	21.0	22.0	23.0	24.0	25.0	26.0	27.0	28.0	29.0	30.0	31.0	32.0	33.0	34.0	35.0	36.0	37.0	38.0	39.0	40.0
Par-ARag_014-Ex1-8C-lcwgs-2-T.clmp.r2	1.0	142.0	2030.0	5473.0	7195.0	8210.0	9337.0	10478.0	11745.0	13374.0	15039.0	17032.0	19543.0	22979.0	27366.0	34165.0	45429.0	65925.0	112127.0	262987.0	1106772.0
	21.0	22.0	23.0	24.0	25.0	26.0	27.0	28.0	29.0	30.0	31.0	32.0	33.0	34.0	35.0	36.0	37.0	38.0	39.0	40.0
Par-ARag_017-Ex1-8E-lcwgs-2-T.clmp.r1	25.0	309.0	1064.0	2745.0	4294.0	5634.0	7521.0	10065.0	12991.0	16765.0	20844.0	25453.0	30509.0	36720.0	46045.0	58659.0	81520.0	132532.0	334541.0	2065728.0
	20.0	21.0	22.0	23.0	24.0	25.0	26.0	27.0	28.0	29.0	30.0	31.0	32.0	33.0	34.0	35.0	36.0	37.0	38.0	39.0	40.0
Par-ARag_017-Ex1-8E-lcwgs-2-T.clmp.r2	4.0	289.0	3729.0	10328.0	14204.0	16313.0	17755.0	19651.0	21886.0	24649.0	27202.0	30353.0	34478.0	39104.0	46568.0	57419.0	74935.0	107403.0	181930.0	423227.0	1742537.0
	21.0	22.0	23.0	24.0	25.0	26.0	27.0	28.0	29.0	30.0	31.0	32.0	33.0	34.0	35.0	36.0	37.0	38.0	39.0	40.0
Par-ARag_019-Ex1-8F-lcwgs-2-T.clmp.r1	11.0	249.0	1402.0	4490.0	6619.0	7219.0	8846.0	11070.0	14244.0	18008.0	22720.0	28124.0	34039.0	41273.0	51614.0	68022.0	96572.0	160552.0	406680.0	2415335.0
	20.0	21.0	22.0	23.0	24.0	25.0	26.0	27.0	28.0	29.0	30.0	31.0	32.0	33.0	34.0	35.0	36.0	37.0	38.0	39.0	40.0
Par-ARag_019-Ex1-8F-lcwgs-2-T.clmp.r2	4.0	218.0	3425.0	11354.0	17488.0	19342.0	20579.0	22065.0	24625.0	27413.0	30622.0	34349.0	39208.0	45584.0	54667.0	68174.0	89514.0	130262.0	221547.0	515150.0	2021499.0
	21.0	22.0	23.0	24.0	25.0	26.0	27.0	28.0	29.0	30.0	31.0	32.0	33.0	34.0	35.0	36.0	37.0	38.0	39.0	40.0
Par-ARag_020-Ex1-8G-lcwgs-2-T.clmp.r1	9.0	196.0	1190.0	4103.0	5704.0	5486.0	5791.0	7076.0	8928.0	11249.0	14071.0	17378.0	21026.0	25840.0	32786.0	43213.0	61483.0	104248.0	266544.0	1416689.0
	20.0	21.0	22.0	23.0	24.0	25.0	26.0	27.0	28.0	29.0	30.0	31.0	32.0	33.0	34.0	35.0	36.0	37.0	38.0	39.0	40.0
Par-ARag_020-Ex1-8G-lcwgs-2-T.clmp.r2	5.0	143.0	2220.0	7149.0	11523.0	12436.0	12796.0	13650.0	14944.0	16943.0	19350.0	21843.0	25351.0	29858.0	36046.0	44757.0	59394.0	87077.0	146226.0	328205.0	1163094.0
	21.0	22.0	23.0	24.0	25.0	26.0	27.0	28.0	29.0	30.0	31.0	32.0	33.0	34.0	35.0	36.0	37.0	38.0	39.0	40.0
Par-ARag_021-Ex1-8H-lcwgs-2-T.clmp.r1	18.0	318.0	1208.0	3637.0	5405.0	6375.0	7796.0	9815.0	12560.0	16087.0	20449.0	25086.0	30526.0	37188.0	46574.0	61828.0	87584.0	147306.0	375518.0	2105491.0
	20.0	21.0	22.0	23.0	24.0	25.0	26.0	27.0	28.0	29.0	30.0	31.0	32.0	33.0	34.0	35.0	36.0	37.0	38.0	39.0	40.0
Par-ARag_021-Ex1-8H-lcwgs-2-T.clmp.r2	3.0	207.0	3351.0	9307.0	13759.0	15828.0	17103.0	19040.0	21367.0	23994.0	27138.0	30759.0	35493.0	41475.0	50449.0	63035.0	82965.0	121338.0	204953.0	469640.0	1749565.0
	20.0	21.0	22.0	23.0	24.0	25.0	26.0	27.0	28.0	29.0	30.0	31.0	32.0	33.0	34.0	35.0	36.0	37.0	38.0	39.0	40.0
Par-ARag_022-Ex1-9A-lcwgs-2-T.clmp.r1	1.0	20.0	312.0	1711.0	6721.0	9328.0	8799.0	9474.0	11516.0	14350.0	18252.0	22823.0	28229.0	34335.0	42566.0	53842.0	72177.0	104303.0	176234.0	454854.0	2551515.0
	20.0	21.0	22.0	23.0	24.0	25.0	26.0	27.0	28.0	29.0	30.0	31.0	32.0	33.0	34.0	35.0	36.0	37.0	38.0	39.0	40.0
Par-ARag_022-Ex1-9A-lcwgs-2-T.clmp.r2	3.0	224.0	3258.0	11595.0	20176.0	21815.0	21689.0	22849.0	24943.0	27830.0	31131.0	35385.0	41702.0	48371.0	58304.0	73386.0	98034.0	143846.0	241443.0	553962.0	2141416.0
	21.0	22.0	23.0	24.0	25.0	26.0	27.0	28.0	29.0	30.0	31.0	32.0	33.0	34.0	35.0	36.0	37.0	38.0	39.0	40.0
Par-ARag_025-Ex1-9D-lcwgs-2-T.clmp.r1	23.0	253.0	848.0	1786.0	2844.0	4168.0	5931.0	7905.0	10528.0	13823.0	17530.0	21250.0	25524.0	30841.0	38481.0	48992.0	68924.0	112778.0	288474.0	1785137.0
	20.0	21.0	22.0	23.0	24.0	25.0	26.0	27.0	28.0	29.0	30.0	31.0	32.0	33.0	34.0	35.0	36.0	37.0	38.0	39.0	40.0
Par-ARag_025-Ex1-9D-lcwgs-2-T.clmp.r2	5.0	236.0	2984.0	8078.0	10695.0	12167.0	13793.0	15414.0	17333.0	19398.0	21632.0	24256.0	27709.0	32057.0	38049.0	47506.0	61957.0	89689.0	153466.0	361404.0	1528212.0
	21.0	22.0	23.0	24.0	25.0	26.0	27.0	28.0	29.0	30.0	31.0	32.0	33.0	34.0	35.0	36.0	37.0	38.0	39.0	40.0
Par-ARag_027-Ex1-9F-lcwgs-2-T.clmp.r1	14.0	216.0	713.0	1572.0	2585.0	3645.0	4947.0	6739.0	8639.0	11259.0	14411.0	17865.0	22002.0	27183.0	34391.0	45707.0	65059.0	109788.0	283180.0	1458522.0
	19.0	20.0	21.0	22.0	23.0	24.0	25.0	26.0	27.0	28.0	29.0	30.0	31.0	32.0	33.0	34.0	35.0	36.0	37.0	38.0	39.0	40.0
Par-ARag_027-Ex1-9F-lcwgs-2-T.clmp.r2	1.0	2.0	169.0	2340.0	6598.0	9287.0	10636.0	11700.0	13233.0	14932.0	16657.0	18934.0	21478.0	24888.0	30196.0	36138.0	45408.0	61232.0	88694.0	150133.0	341735.0	1214046.0
	21.0	22.0	23.0	24.0	25.0	26.0	27.0	28.0	29.0	30.0	31.0	32.0	33.0	34.0	35.0	36.0	37.0	38.0	39.0	40.0
Par-ARag_028-Ex1-9G-lcwgs-2-T.clmp.r1	35.0	299.0	891.0	1802.0	2972.0	4442.0	6407.0	8866.0	11819.0	14986.0	19615.0	23731.0	29263.0	35783.0	44269.0	57932.0	81666.0	135703.0	348958.0	2011034.0
	20.0	21.0	22.0	23.0	24.0	25.0	26.0	27.0	28.0	29.0	30.0	31.0	32.0	33.0	34.0	35.0	36.0	37.0	38.0	39.0	40.0
Par-ARag_028-Ex1-9G-lcwgs-2-T.clmp.r2	7.0	244.0	3300.0	9255.0	12309.0	14301.0	16045.0	17824.0	20214.0	22133.0	25165.0	28081.0	32536.0	37800.0	45401.0	56826.0	75741.0	109840.0	187761.0	434708.0	1690982.0
	20.0	21.0	22.0	23.0	24.0	25.0	26.0	27.0	28.0	29.0	30.0	31.0	32.0	33.0	34.0	35.0	36.0	37.0	38.0	39.0	40.0
Par-ARag_029-Ex1-9H-lcwgs-2-T.clmp.r1	1.0	19.0	200.0	889.0	1890.0	3070.0	4538.0	6132.0	8268.0	10772.0	14187.0	17558.0	21677.0	26180.0	31521.0	38754.0	50759.0	70476.0	114520.0	290774.0	1873032.0
	20.0	21.0	22.0	23.0	24.0	25.0	26.0	27.0	28.0	29.0	30.0	31.0	32.0	33.0	34.0	35.0	36.0	37.0	38.0	39.0	40.0
Par-ARag_029-Ex1-9H-lcwgs-2-T.clmp.r2	4.0	173.0	2611.0	7709.0	10091.0	11869.0	13246.0	15032.0	16819.0	18759.0	20899.0	24146.0	27315.0	32097.0	37848.0	47320.0	62164.0	89099.0	150997.0	358634.0	1638385.0
	21.0	22.0	23.0	24.0	25.0	26.0	27.0	28.0	29.0	30.0	31.0	32.0	33.0	34.0	35.0	36.0	37.0	38.0	39.0	40.0
Par-ARag_030-Ex1-10A-lcwgs-2-T.clmp.r1	9.0	112.0	388.0	832.0	1418.0	1921.0	2701.0	3675.0	4871.0	6284.0	8083.0	9943.0	12192.0	14843.0	18483.0	24055.0	33693.0	55408.0	145175.0	926943.0
	20.0	21.0	22.0	23.0	24.0	25.0	26.0	27.0	28.0	29.0	30.0	31.0	32.0	33.0	34.0	35.0	36.0	37.0	38.0	39.0	40.0
Par-ARag_030-Ex1-10A-lcwgs-2-T.clmp.r2	1.0	102.0	1202.0	3480.0	4948.0	5664.0	6181.0	6994.0	7715.0	9110.0	10027.0	11469.0	12998.0	15163.0	18292.0	22767.0	29875.0	43868.0	74420.0	178613.0	808140.0
	21.0	22.0	23.0	24.0	25.0	26.0	27.0	28.0	29.0	30.0	31.0	32.0	33.0	34.0	35.0	36.0	37.0	38.0	39.0	40.0
Par-CPas_003-Ex1-5C-lcwgs-1-T.clmp.r1	1.0	21.0	60.0	145.0	214.0	344.0	426.0	580.0	682.0	984.0	1161.0	1461.0	1790.0	2240.0	2994.0	3898.0	5861.0	9516.0	23549.0	101310.0
	21.0	22.0	23.0	24.0	25.0	26.0	27.0	28.0	29.0	30.0	31.0	32.0	33.0	34.0	35.0	36.0	37.0	38.0	39.0	40.0
Par-CPas_003-Ex1-5C-lcwgs-1-T.clmp.r2	4.0	99.0	445.0	704.0	887.0	1061.0	1123.0	1248.0	1438.0	1754.0	1972.0	2374.0	2832.0	3500.0	4246.0	5495.0	7604.0	12331.0	26546.0	81574.0
	22.0	23.0	24.0	25.0	26.0	27.0	28.0	29.0	30.0	31.0	32.0	33.0	34.0	35.0	36.0	37.0	38.0	39.0	40.0
Par-CPas_004-Ex1-7D7E-lcwgs-1and2-T.clmp.r1	17.0	74.0	149.0	226.0	260.0	353.0	469.0	604.0	736.0	979.0	1181.0	1443.0	1701.0	2170.0	2847.0	3918.0	6197.0	14039.0	54800.0
	21.0	22.0	23.0	24.0	25.0	26.0	27.0	28.0	29.0	30.0	31.0	32.0	33.0	34.0	35.0	36.0	37.0	38.0	39.0	40.0
Par-CPas_004-Ex1-7D7E-lcwgs-1and2-T.clmp.r2	4.0	70.0	289.0	449.0	527.0	567.0	637.0	749.0	864.0	1035.0	1183.0	1379.0	1626.0	1901.0	2426.0	3200.0	4331.0	7104.0	14024.0	49798.0
	21.0	22.0	23.0	24.0	25.0	26.0	27.0	28.0	29.0	30.0	31.0	32.0	33.0	34.0	35.0	36.0	37.0	38.0	39.0	40.0
Par-CPas_008-Ex1-6E6F-lcwgs-1and2-T.clmp.r1	4.0	76.0	293.0	534.0	873.0	1246.0	1760.0	2261.0	2859.0	3731.0	4436.0	5763.0	7087.0	8807.0	11378.0	14932.0	21576.0	35922.0	85026.0	357076.0
	21.0	22.0	23.0	24.0	25.0	26.0	27.0	28.0	29.0	30.0	31.0	32.0	33.0	34.0	35.0	36.0	37.0	38.0	39.0	40.0
Par-CPas_008-Ex1-6E6F-lcwgs-1and2-T.clmp.r2	24.0	456.0	1896.0	2916.0	3372.0	4018.0	4418.0	5297.0	5913.0	6918.0	7974.0	9204.0	10774.0	12854.0	15870.0	20604.0	28566.0	45996.0	95290.0	283280.0
	21.0	22.0	23.0	24.0	25.0	26.0	27.0	28.0	29.0	30.0	31.0	32.0	33.0	34.0	35.0	36.0	37.0	38.0	39.0	40.0
Par-CPas_010-Ex1-5A-lcwgs-1-T.clmp.r1	7.0	250.0	1279.0	2895.0	4951.0	7246.0	9919.0	13206.0	17111.0	22186.0	28674.0	35840.0	44860.0	56620.0	72897.0	100366.0	147941.0	252205.0	640511.0	2909953.0
	21.0	22.0	23.0	24.0	25.0	26.0	27.0	28.0	29.0	30.0	31.0	32.0	33.0	34.0	35.0	36.0	37.0	38.0	39.0	40.0
Par-CPas_010-Ex1-5A-lcwgs-1-T.clmp.r2	149.0	3197.0	13039.0	19698.0	23456.0	26986.0	30867.0	35005.0	40432.0	46663.0	54141.0	63652.0	75251.0	91182.0	113057.0	147155.0	207945.0	338482.0	741627.0	2296933.0
	22.0	23.0	24.0	25.0	26.0	27.0	28.0	29.0	30.0	31.0	32.0	33.0	34.0	35.0	36.0	37.0	38.0	39.0	40.0
Par-CPas_013-Ex1-2F3G-lcwgs-1and2-T.clmp.r1	7.0	25.0	78.0	87.0	124.0	178.0	222.0	275.0	360.0	463.0	567.0	684.0	880.0	1102.0	1299.0	1843.0	3054.0	7013.0	27045.0
	21.0	22.0	23.0	24.0	25.0	26.0	27.0	28.0	29.0	30.0	31.0	32.0	33.0	34.0	35.0	36.0	37.0	38.0	39.0	40.0
Par-CPas_013-Ex1-2F3G-lcwgs-1and2-T.clmp.r2	2.0	49.0	170.0	220.0	318.0	331.0	416.0	406.0	459.0	618.0	644.0	754.0	883.0	1081.0	1335.0	1661.0	2463.0	3767.0	7541.0	22188.0
	21.0	22.0	23.0	24.0	25.0	26.0	27.0	28.0	29.0	30.0	31.0	32.0	33.0	34.0	35.0	36.0	37.0	38.0	39.0	40.0
Par-CPas_015-Ex1-7H-lcwgs-1-T.clmp.r1	2.0	39.0	192.0	367.0	600.0	799.0	1067.0	1351.0	1683.0	2254.0	2838.0	3533.0	4320.0	5631.0	7125.0	9623.0	14283.0	23027.0	55805.0	230765.0
	21.0	22.0	23.0	24.0	25.0	26.0	27.0	28.0	29.0	30.0	31.0	32.0	33.0	34.0	35.0	36.0	37.0	38.0	39.0	40.0
Par-CPas_015-Ex1-7H-lcwgs-1-T.clmp.r2	17.0	280.0	1273.0	1942.0	2222.0	2671.0	2927.0	3555.0	3922.0	4693.0	5404.0	6261.0	7298.0	8915.0	10884.0	13988.0	19148.0	30548.0	63747.0	175609.0
	21.0	22.0	23.0	24.0	25.0	26.0	27.0	28.0	29.0	30.0	31.0	32.0	33.0	34.0	35.0	36.0	37.0	38.0	39.0	40.0
Par-CPas_016-Ex1-6F6G-lcwgs-1and2-T.clmp.r1	4.0	21.0	115.0	268.0	444.0	667.0	841.0	1113.0	1445.0	1840.0	2417.0	2983.0	3771.0	4706.0	5994.0	8041.0	11850.0	19851.0	47812.0	202401.0
	21.0	22.0	23.0	24.0	25.0	26.0	27.0	28.0	29.0	30.0	31.0	32.0	33.0	34.0	35.0	36.0	37.0	38.0	39.0	40.0
Par-CPas_016-Ex1-6F6G-lcwgs-1and2-T.clmp.r2	14.0	287.0	1124.0	1588.0	1897.0	2296.0	2489.0	2885.0	3360.0	3941.0	4505.0	5247.0	6367.0	7235.0	8983.0	11636.0	16316.0	25819.0	53947.0	156648.0
	22.0	23.0	24.0	25.0	26.0	27.0	28.0	29.0	30.0	31.0	32.0	33.0	34.0	35.0	36.0	37.0	38.0	39.0	40.0
Par-CPas_018-Ex1-3H4H-lcwgs-1and2-T.clmp.r1	16.0	77.0	156.0	204.0	248.0	396.0	470.0	651.0	800.0	1048.0	1339.0	1607.0	1987.0	2472.0	3271.0	4676.0	8106.0	18358.0	79337.0
	21.0	22.0	23.0	24.0	25.0	26.0	27.0	28.0	29.0	30.0	31.0	32.0	33.0	34.0	35.0	36.0	37.0	38.0	39.0	40.0
Par-CPas_018-Ex1-3H4H-lcwgs-1and2-T.clmp.r2	7.0	117.0	396.0	576.0	696.0	811.0	931.0	1049.0	1198.0	1412.0	1652.0	2004.0	2263.0	2735.0	3361.0	4432.0	6170.0	9602.0	20501.0	65306.0
	21.0	22.0	23.0	24.0	25.0	26.0	27.0	28.0	29.0	30.0	31.0	32.0	33.0	34.0	35.0	36.0	37.0	38.0	39.0	40.0
Par-CPas_020-Ex1-6A-lcwgs-1-T.clmp.r1	2.0	34.0	101.0	204.0	372.0	489.0	695.0	933.0	1179.0	1509.0	1805.0	2322.0	2759.0	3370.0	4261.0	5905.0	8257.0	13613.0	31422.0	131497.0
	20.0	21.0	22.0	23.0	24.0	25.0	26.0	27.0	28.0	29.0	30.0	31.0	32.0	33.0	34.0	35.0	36.0	37.0	38.0	39.0	40.0
Par-CPas_020-Ex1-6A-lcwgs-1-T.clmp.r2	1.0	9.0	158.0	676.0	972.0	1360.0	1475.0	1667.0	1933.0	2224.0	2617.0	2928.0	3491.0	4087.0	4789.0	5924.0	7764.0	10563.0	16941.0	34681.0	106469.0
	21.0	22.0	23.0	24.0	25.0	26.0	27.0	28.0	29.0	30.0	31.0	32.0	33.0	34.0	35.0	36.0	37.0	38.0	39.0	40.0
Par-CPas_023-Ex1-8H-lcwgs-1-T.clmp.r1	3.0	45.0	217.0	493.0	716.0	1188.0	1463.0	2012.0	2619.0	3322.0	4292.0	5336.0	6559.0	8599.0	10896.0	15078.0	22039.0	36996.0	92517.0	402539.0
	20.0	21.0	22.0	23.0	24.0	25.0	26.0	27.0	28.0	29.0	30.0	31.0	32.0	33.0	34.0	35.0	36.0	37.0	38.0	39.0	40.0
Par-CPas_023-Ex1-8H-lcwgs-1-T.clmp.r2	1.0	24.0	578.0	2203.0	3207.0	3716.0	4410.0	4824.0	5745.0	6662.0	7377.0	8641.0	9868.0	11726.0	14084.0	17532.0	22475.0	31761.0	51677.0	109291.0	301127.0
	21.0	22.0	23.0	24.0	25.0	26.0	27.0	28.0	29.0	30.0	31.0	32.0	33.0	34.0	35.0	36.0	37.0	38.0	39.0	40.0
Par-CPas_027-Ex1-2E-lcwgs-1-T.clmp.r1	3.0	12.0	53.0	83.0	121.0	171.0	263.0	332.0	426.0	532.0	608.0	754.0	904.0	1111.0	1414.0	1767.0	2533.0	4098.0	9007.0	32854.0
	21.0	22.0	23.0	24.0	25.0	26.0	27.0	28.0	29.0	30.0	31.0	32.0	33.0	34.0	35.0	36.0	37.0	38.0	39.0	40.0
Par-CPas_027-Ex1-2E-lcwgs-1-T.clmp.r2	2.0	52.0	198.0	282.0	353.0	419.0	472.0	507.0	632.0	737.0	814.0	875.0	1096.0	1339.0	1678.0	2131.0	2858.0	4638.0	8878.0	29085.0
	21.0	22.0	23.0	24.0	25.0	26.0	27.0	28.0	29.0	30.0	31.0	32.0	33.0	34.0	35.0	36.0	37.0	38.0	39.0	40.0
Par-CPas_028-Ex1-3C-lcwgs-1-T.clmp.r1	7.0	159.0	842.0	1826.0	3040.0	4435.0	5790.0	7657.0	9721.0	12204.0	14919.0	18532.0	22682.0	27605.0	35036.0	47184.0	66376.0	111358.0	269892.0	1523070.0
	20.0	21.0	22.0	23.0	24.0	25.0	26.0	27.0	28.0	29.0	30.0	31.0	32.0	33.0	34.0	35.0	36.0	37.0	38.0	39.0	40.0
Par-CPas_028-Ex1-3C-lcwgs-1-T.clmp.r2	1.0	50.0	1044.0	3841.0	6132.0	8024.0	9921.0	11751.0	13593.0	16104.0	18998.0	22079.0	26492.0	31576.0	37758.0	46873.0	61226.0	84502.0	134323.0	293616.0	1354431.0
	21.0	22.0	23.0	24.0	25.0	26.0	27.0	28.0	29.0	30.0	31.0	32.0	33.0	34.0	35.0	36.0	37.0	38.0	39.0	40.0
Par-CPas_033-Ex1-5F-lcwgs-1-T.clmp.r1	5.0	65.0	335.0	743.0	1263.0	1902.0	2467.0	3417.0	4453.0	5594.0	7209.0	9212.0	11140.0	14001.0	18073.0	24604.0	36120.0	61588.0	154269.0	724969.0
	20.0	21.0	22.0	23.0	24.0	25.0	26.0	27.0	28.0	29.0	30.0	31.0	32.0	33.0	34.0	35.0	36.0	37.0	38.0	39.0	40.0
Par-CPas_033-Ex1-5F-lcwgs-1-T.clmp.r2	1.0	31.0	796.0	2981.0	4581.0	5473.0	6330.0	7323.0	8491.0	9662.0	11373.0	13040.0	15265.0	18156.0	21817.0	26977.0	35005.0	49606.0	80592.0	176528.0	587401.0
	21.0	22.0	23.0	24.0	25.0	26.0	27.0	28.0	29.0	30.0	31.0	32.0	33.0	34.0	35.0	36.0	37.0	38.0	39.0	40.0
Par-CPas_035-Ex1-2G3H-lcwgs-1and2-T.clmp.r1	2.0	58.0	299.0	506.0	870.0	1212.0	1697.0	2263.0	2886.0	3738.0	4784.0	5974.0	7345.0	9362.0	11988.0	16186.0	23900.0	40653.0	100453.0	450369.0
	20.0	21.0	22.0	23.0	24.0	25.0	26.0	27.0	28.0	29.0	30.0	31.0	32.0	33.0	34.0	35.0	36.0	37.0	38.0	39.0	40.0
Par-CPas_035-Ex1-2G3H-lcwgs-1and2-T.clmp.r2	1.0	27.0	530.0	2090.0	3132.0	3875.0	4510.0	4998.0	5793.0	6738.0	7739.0	8999.0	10543.0	12529.0	15058.0	18398.0	23805.0	33384.0	53757.0	114837.0	353802.0
	21.0	22.0	23.0	24.0	25.0	26.0	27.0	28.0	29.0	30.0	31.0	32.0	33.0	34.0	35.0	36.0	37.0	38.0	39.0	40.0
Par-CPas_037-Ex1-7C7D-lcwgs-1and2-T.clmp.r1	1.0	28.0	104.0	175.0	264.0	340.0	476.0	622.0	761.0	997.0	1291.0	1506.0	1860.0	2179.0	2767.0	3587.0	5060.0	7911.0	17624.0	69042.0
	21.0	22.0	23.0	24.0	25.0	26.0	27.0	28.0	29.0	30.0	31.0	32.0	33.0	34.0	35.0	36.0	37.0	38.0	39.0	40.0
Par-CPas_037-Ex1-7C7D-lcwgs-1and2-T.clmp.r2	4.0	69.0	384.0	547.0	657.0	773.0	878.0	1031.0	1150.0	1345.0	1563.0	1868.0	2100.0	2733.0	3162.0	4195.0	5712.0	8948.0	18061.0	61415.0
	21.0	22.0	23.0	24.0	25.0	26.0	27.0	28.0	29.0	30.0	31.0	32.0	33.0	34.0	35.0	36.0	37.0	38.0	39.0	40.0
Par-CPas_038-Ex1-4D-lcwgs-1-T.clmp.r1	21.0	632.0	3154.0	7086.0	11787.0	16799.0	23387.0	30729.0	39907.0	50773.0	64430.0	81310.0	101139.0	126925.0	164680.0	223888.0	327145.0	550367.0	1335261.0	6233790.0
	20.0	21.0	22.0	23.0	24.0	25.0	26.0	27.0	28.0	29.0	30.0	31.0	32.0	33.0	34.0	35.0	36.0	37.0	38.0	39.0	40.0
Par-CPas_038-Ex1-4D-lcwgs-1-T.clmp.r2	1.0	282.0	6618.0	26169.0	40210.0	50329.0	60246.0	69321.0	80642.0	94913.0	110801.0	128966.0	152102.0	180126.0	214679.0	261794.0	333495.0	458004.0	720960.0	1523138.0	4880414.0
	22.0	23.0	24.0	25.0	26.0	27.0	28.0	29.0	30.0	31.0	32.0	33.0	34.0	35.0	36.0	37.0	38.0	39.0	40.0
Par-CPas_041-Ex1-8F-lcwgs-1-T.clmp.r1	33.0	91.0	203.0	367.0	508.0	669.0	863.0	1099.0	1354.0	1767.0	2307.0	2762.0	3378.0	4286.0	5842.0	8417.0	13773.0	32860.0	127702.0
	21.0	22.0	23.0	24.0	25.0	26.0	27.0	28.0	29.0	30.0	31.0	32.0	33.0	34.0	35.0	36.0	37.0	38.0	39.0	40.0
Par-CPas_041-Ex1-8F-lcwgs-1-T.clmp.r2	10.0	184.0	728.0	1111.0	1338.0	1537.0	1759.0	1994.0	2256.0	2635.0	3182.0	3610.0	4229.0	5133.0	6326.0	7999.0	11281.0	17706.0	36471.0	98792.0
	21.0	22.0	23.0	24.0	25.0	26.0	27.0	28.0	29.0	30.0	31.0	32.0	33.0	34.0	35.0	36.0	37.0	38.0	39.0	40.0
Par-CPas_043-Ex1-7F7G-lcwgs-1and2-T.clmp.r1	2.0	36.0	155.0	252.0	430.0	581.0	795.0	1122.0	1349.0	1707.0	2156.0	2628.0	3163.0	4137.0	5105.0	6811.0	9936.0	16936.0	40040.0	163288.0
	21.0	22.0	23.0	24.0	25.0	26.0	27.0	28.0	29.0	30.0	31.0	32.0	33.0	34.0	35.0	36.0	37.0	38.0	39.0	40.0
Par-CPas_043-Ex1-7F7G-lcwgs-1and2-T.clmp.r2	12.0	225.0	808.0	1273.0	1522.0	1767.0	2070.0	2263.0	2711.0	3037.0	3447.0	4238.0	5020.0	6028.0	7431.0	9472.0	13378.0	21310.0	44066.0	130551.0
	21.0	22.0	23.0	24.0	25.0	26.0	27.0	28.0	29.0	30.0	31.0	32.0	33.0	34.0	35.0	36.0	37.0	38.0	39.0	40.0
Par-CPas_044-Ex1-8D-lcwgs-1-T.clmp.r1	3.0	27.0	75.0	133.0	244.0	290.0	397.0	562.0	599.0	729.0	973.0	1233.0	1468.0	1800.0	2202.0	2894.0	4035.0	6691.0	14605.0	56147.0
	21.0	22.0	23.0	24.0	25.0	26.0	27.0	28.0	29.0	30.0	31.0	32.0	33.0	34.0	35.0	36.0	37.0	38.0	39.0	40.0
Par-CPas_044-Ex1-8D-lcwgs-1-T.clmp.r2	7.0	83.0	307.0	466.0	574.0	669.0	770.0	886.0	1018.0	1182.0	1343.0	1621.0	1879.0	2195.0	2873.0	3499.0	4852.0	7496.0	14784.0	48603.0
	22.0	23.0	24.0	25.0	26.0	27.0	28.0	29.0	30.0	31.0	32.0	33.0	34.0	35.0	36.0	37.0	38.0	39.0	40.0
Par-CPas_045-Ex1-6H7A-lcwgs-1and2-T.clmp.r1	19.0	92.0	196.0	269.0	357.0	476.0	630.0	794.0	1003.0	1223.0	1490.0	1750.0	2250.0	2869.0	3648.0	5168.0	8156.0	18158.0	73134.0
	21.0	22.0	23.0	24.0	25.0	26.0	27.0	28.0	29.0	30.0	31.0	32.0	33.0	34.0	35.0	36.0	37.0	38.0	39.0	40.0
Par-CPas_045-Ex1-6H7A-lcwgs-1and2-T.clmp.r2	2.0	98.0	374.0	556.0	709.0	791.0	907.0	1028.0	1174.0	1261.0	1591.0	1946.0	2209.0	2662.0	3147.0	4345.0	5816.0	9133.0	18692.0	65241.0
	21.0	22.0	23.0	24.0	25.0	26.0	27.0	28.0	29.0	30.0	31.0	32.0	33.0	34.0	35.0	36.0	37.0	38.0	39.0	40.0
Par-CPas_046-Ex1-3G-lcwgs-1-T.clmp.r1	3.0	12.0	47.0	94.0	124.0	187.0	265.0	370.0	462.0	542.0	749.0	913.0	1128.0	1309.0	1686.0	2298.0	3278.0	5292.0	12829.0	51077.0
	21.0	22.0	23.0	24.0	25.0	26.0	27.0	28.0	29.0	30.0	31.0	32.0	33.0	34.0	35.0	36.0	37.0	38.0	39.0	40.0
Par-CPas_046-Ex1-3G-lcwgs-1-T.clmp.r2	10.0	82.0	286.0	427.0	514.0	602.0	673.0	779.0	907.0	989.0	1087.0	1308.0	1560.0	1911.0	2319.0	3039.0	4318.0	6786.0	14074.0	40994.0
	22.0	23.0	24.0	25.0	26.0	27.0	28.0	29.0	30.0	31.0	32.0	33.0	34.0	35.0	36.0	37.0	38.0	39.0	40.0
Par-CPas_047-Ex1-2H-lcwgs-1-T.clmp.r1	18.0	58.0	95.0	164.0	189.0	275.0	340.0	452.0	553.0	669.0	806.0	930.0	1127.0	1449.0	1898.0	2687.0	4084.0	9032.0	33517.0
	21.0	22.0	23.0	24.0	25.0	26.0	27.0	28.0	29.0	30.0	31.0	32.0	33.0	34.0	35.0	36.0	37.0	38.0	39.0	40.0
Par-CPas_047-Ex1-2H-lcwgs-1-T.clmp.r2	3.0	43.0	193.0	300.0	360.0	427.0	482.0	592.0	668.0	762.0	824.0	939.0	1155.0	1372.0	1711.0	2163.0	2847.0	4648.0	9125.0	29729.0
	21.0	22.0	23.0	24.0	25.0	26.0	27.0	28.0	29.0	30.0	31.0	32.0	33.0	34.0	35.0	36.0	37.0	38.0	39.0	40.0
Par-CPas_048-Ex1-4E-lcwgs-1-T.clmp.r1	6.0	151.0	790.0	1777.0	2904.0	4171.0	5723.0	7616.0	9693.0	12305.0	15552.0	19760.0	24231.0	30530.0	39580.0	53235.0	78369.0	132554.0	323634.0	1501999.0
	20.0	21.0	22.0	23.0	24.0	25.0	26.0	27.0	28.0	29.0	30.0	31.0	32.0	33.0	34.0	35.0	36.0	37.0	38.0	39.0	40.0
Par-CPas_048-Ex1-4E-lcwgs-1-T.clmp.r2	1.0	85.0	1650.0	6331.0	9835.0	12119.0	14170.0	16147.0	18596.0	21461.0	24833.0	29038.0	33916.0	40248.0	48595.0	59943.0	77206.0	107816.0	172814.0	372798.0	1196978.0
	21.0	22.0	23.0	24.0	25.0	26.0	27.0	28.0	29.0	30.0	31.0	32.0	33.0	34.0	35.0	36.0	37.0	38.0	39.0	40.0
Par-CPas_049-Ex1-4B-lcwgs-1-T.clmp.r1	27.0	678.0	3444.0	7714.0	12902.0	18396.0	24850.0	32819.0	42391.0	54651.0	69206.0	87734.0	108768.0	136002.0	177017.0	241245.0	352965.0	600366.0	1478163.0	6733162.0
	19.0	20.0	21.0	22.0	23.0	24.0	25.0	26.0	27.0	28.0	29.0	30.0	31.0	32.0	33.0	34.0	35.0	36.0	37.0	38.0	39.0	40.0
Par-CPas_049-Ex1-4B-lcwgs-1-T.clmp.r2	1.0	6.0	344.0	7617.0	30640.0	46839.0	56261.0	65625.0	76074.0	87399.0	100971.0	117974.0	137175.0	160229.0	188500.0	224891.0	275594.0	351898.0	490616.0	785314.0	1688943.0	5289589.0
	21.0	22.0	23.0	24.0	25.0	26.0	27.0	28.0	29.0	30.0	31.0	32.0	33.0	34.0	35.0	36.0	37.0	38.0	39.0	40.0
Par-CPas_055-Ex1-4F5E-lcwgs-1and2-T.clmp.r1	12.0	395.0	1901.0	4441.0	7111.0	10268.0	13803.0	18213.0	23673.0	30207.0	37861.0	47950.0	59358.0	74530.0	95827.0	129084.0	189968.0	321770.0	795419.0	3850882.0
	21.0	22.0	23.0	24.0	25.0	26.0	27.0	28.0	29.0	30.0	31.0	32.0	33.0	34.0	35.0	36.0	37.0	38.0	39.0	40.0
Par-CPas_055-Ex1-4F5E-lcwgs-1and2-T.clmp.r2	188.0	3874.0	15749.0	23791.0	29071.0	33715.0	38585.0	44989.0	52098.0	59757.0	69414.0	81414.0	96110.0	114789.0	141928.0	184424.0	255674.0	414087.0	899217.0	3153799.0
	21.0	22.0	23.0	24.0	25.0	26.0	27.0	28.0	29.0	30.0	31.0	32.0	33.0	34.0	35.0	36.0	37.0	38.0	39.0	40.0
Par-CPas_058-Ex1-5D-lcwgs-1-T.clmp.r1	11.0	332.0	1732.0	3922.0	6394.0	9248.0	12569.0	16983.0	21335.0	27608.0	34992.0	43976.0	54503.0	67201.0	87040.0	118658.0	172854.0	290434.0	724524.0	3533340.0
	20.0	21.0	22.0	23.0	24.0	25.0	26.0	27.0	28.0	29.0	30.0	31.0	32.0	33.0	34.0	35.0	36.0	37.0	38.0	39.0	40.0
Par-CPas_058-Ex1-5D-lcwgs-1-T.clmp.r2	3.0	164.0	3504.0	13737.0	21072.0	25471.0	29938.0	34183.0	39651.0	45224.0	53117.0	61174.0	71752.0	85422.0	102834.0	127265.0	165860.0	233610.0	378526.0	829986.0	2905163.0
	21.0	22.0	23.0	24.0	25.0	26.0	27.0	28.0	29.0	30.0	31.0	32.0	33.0	34.0	35.0	36.0	37.0	38.0	39.0	40.0
Par-CPas_059-Ex1-3A-lcwgs-1-T.clmp.r1	2.0	42.0	198.0	418.0	706.0	1054.0	1441.0	1843.0	2422.0	2939.0	3905.0	4872.0	6007.0	7909.0	10338.0	13972.0	20471.0	34592.0	86189.0	373758.0
	21.0	22.0	23.0	24.0	25.0	26.0	27.0	28.0	29.0	30.0	31.0	32.0	33.0	34.0	35.0	36.0	37.0	38.0	39.0	40.0
Par-CPas_059-Ex1-3A-lcwgs-1-T.clmp.r2	23.0	447.0	1987.0	2914.0	3479.0	3971.0	4613.0	5119.0	5899.0	7025.0	8066.0	9232.0	10978.0	13300.0	16179.0	21020.0	29501.0	48665.0	101947.0	278713.0
	21.0	22.0	23.0	24.0	25.0	26.0	27.0	28.0	29.0	30.0	31.0	32.0	33.0	34.0	35.0	36.0	37.0	38.0	39.0	40.0
Par-CPas_061-Ex1-3D-lcwgs-1-T.clmp.r1	1.0	36.0	142.0	273.0	460.0	679.0	900.0	1165.0	1536.0	2014.0	2522.0	3211.0	3949.0	4931.0	6573.0	8840.0	12851.0	22029.0	53778.0	238476.0
	21.0	22.0	23.0	24.0	25.0	26.0	27.0	28.0	29.0	30.0	31.0	32.0	33.0	34.0	35.0	36.0	37.0	38.0	39.0	40.0
Par-CPas_061-Ex1-3D-lcwgs-1-T.clmp.r2	12.0	311.0	1167.0	1676.0	2120.0	2443.0	2754.0	3123.0	3629.0	4164.0	4944.0	5606.0	6811.0	7990.0	10039.0	12858.0	18054.0	29208.0	62213.0	185244.0
	20.0	21.0	22.0	23.0	24.0	25.0	26.0	27.0	28.0	29.0	30.0	31.0	32.0	33.0	34.0	35.0	36.0	37.0	38.0	39.0	40.0
Par-CPas_062-Ex1-5E-lcwgs-1-T.clmp.r1	1.0	10.0	242.0	1225.0	2679.0	4431.0	6210.0	8358.0	10736.0	14189.0	17748.0	22900.0	28923.0	36039.0	45519.0	59778.0	81557.0	119870.0	205012.0	502810.0	2062045.0
	20.0	21.0	22.0	23.0	24.0	25.0	26.0	27.0	28.0	29.0	30.0	31.0	32.0	33.0	34.0	35.0	36.0	37.0	38.0	39.0	40.0
Par-CPas_062-Ex1-5E-lcwgs-1-T.clmp.r2	2.0	119.0	2852.0	11546.0	17376.0	21380.0	24677.0	28543.0	32626.0	37438.0	43084.0	50064.0	57878.0	68033.0	80929.0	98738.0	125851.0	175435.0	280584.0	586408.0	1486719.0
	20.0	21.0	22.0	23.0	24.0	25.0	26.0	27.0	28.0	29.0	30.0	31.0	32.0	33.0	34.0	35.0	36.0	37.0	38.0	39.0	40.0
Par-CPas_063-Ex1-8B8C-lcwgs-1and2-T.clmp.r1	1.0	20.0	435.0	2259.0	5032.0	8620.0	12364.0	16822.0	21975.0	28412.0	36439.0	46617.0	58466.0	72772.0	91860.0	118335.0	162254.0	237101.0	401523.0	986987.0	4319743.0
	20.0	21.0	22.0	23.0	24.0	25.0	26.0	27.0	28.0	29.0	30.0	31.0	32.0	33.0	34.0	35.0	36.0	37.0	38.0	39.0	40.0
Par-CPas_063-Ex1-8B8C-lcwgs-1and2-T.clmp.r2	7.0	232.0	5596.0	22167.0	33493.0	41199.0	48275.0	55264.0	63979.0	74521.0	86954.0	101534.0	117895.0	138293.0	163370.0	198545.0	250603.0	343460.0	542610.0	1148188.0	3191852.0
	22.0	23.0	24.0	25.0	26.0	27.0	28.0	29.0	30.0	31.0	32.0	33.0	34.0	35.0	36.0	37.0	38.0	39.0	40.0
Par-CPas_064-Ex1-6C6D-lcwgs-1and2-T.clmp.r1	22.0	80.0	185.0	286.0	388.0	480.0	619.0	810.0	1036.0	1253.0	1573.0	2021.0	2439.0	3187.0	4014.0	5889.0	9549.0	22269.0	94460.0
	21.0	22.0	23.0	24.0	25.0	26.0	27.0	28.0	29.0	30.0	31.0	32.0	33.0	34.0	35.0	36.0	37.0	38.0	39.0	40.0
Par-CPas_064-Ex1-6C6D-lcwgs-1and2-T.clmp.r2	9.0	101.0	489.0	756.0	845.0	1019.0	1210.0	1284.0	1623.0	1836.0	2128.0	2426.0	3015.0	3526.0	4353.0	5538.0	7622.0	12022.0	24685.0	76073.0
	22.0	23.0	24.0	25.0	26.0	27.0	28.0	29.0	30.0	31.0	32.0	33.0	34.0	35.0	36.0	37.0	38.0	39.0	40.0
Par-CPas_065-Ex1-3E-lcwgs-1-T.clmp.r1	26.0	98.0	223.0	345.0	474.0	655.0	858.0	1184.0	1379.0	1928.0	2295.0	2832.0	3762.0	4678.0	6300.0	9351.0	15597.0	39027.0	165627.0
	20.0	21.0	22.0	23.0	24.0	25.0	26.0	27.0	28.0	29.0	30.0	31.0	32.0	33.0	34.0	35.0	36.0	37.0	38.0	39.0	40.0
Par-CPas_065-Ex1-3E-lcwgs-1-T.clmp.r2	1.0	8.0	216.0	881.0	1215.0	1532.0	1751.0	2004.0	2322.0	2616.0	3028.0	3609.0	4111.0	4863.0	5831.0	7070.0	9218.0	13136.0	20736.0	44047.0	128444.0
	21.0	22.0	23.0	24.0	25.0	26.0	27.0	28.0	29.0	30.0	31.0	32.0	33.0	34.0	35.0	36.0	37.0	38.0	39.0	40.0
Par-CPas_066-Ex1-8G-lcwgs-1-T.clmp.r1	4.0	44.0	191.0	337.0	609.0	863.0	1161.0	1504.0	2042.0	2575.0	3085.0	4041.0	4940.0	6086.0	7841.0	10625.0	15246.0	25068.0	60060.0	254005.0
	20.0	21.0	22.0	23.0	24.0	25.0	26.0	27.0	28.0	29.0	30.0	31.0	32.0	33.0	34.0	35.0	36.0	37.0	38.0	39.0	40.0
Par-CPas_066-Ex1-8G-lcwgs-1-T.clmp.r2	1.0	14.0	330.0	1278.0	1820.0	2214.0	2645.0	3029.0	3636.0	4062.0	4833.0	5569.0	6433.0	7773.0	9361.0	11541.0	14674.0	19902.0	31491.0	65934.0	203787.0
	21.0	22.0	23.0	24.0	25.0	26.0	27.0	28.0	29.0	30.0	31.0	32.0	33.0	34.0	35.0	36.0	37.0	38.0	39.0	40.0
Par-CPas_067-Ex1-7E7F-lcwgs-1and2-T.clmp.r1	39.0	1074.0	5407.0	12070.0	19892.0	29690.0	40788.0	54368.0	69099.0	88582.0	111496.0	138684.0	170440.0	211975.0	269376.0	360166.0	519186.0	875842.0	2183739.0	12162660.0
	20.0	21.0	22.0	23.0	24.0	25.0	26.0	27.0	28.0	29.0	30.0	31.0	32.0	33.0	34.0	35.0	36.0	37.0	38.0	39.0	40.0
Par-CPas_067-Ex1-7E7F-lcwgs-1and2-T.clmp.r2	7.0	423.0	8042.0	32081.0	49995.0	62234.0	75643.0	88459.0	103352.0	121283.0	142557.0	167703.0	199438.0	238763.0	290231.0	362582.0	472438.0	665090.0	1078159.0	2417323.0	10748770.0
	21.0	22.0	23.0	24.0	25.0	26.0	27.0	28.0	29.0	30.0	31.0	32.0	33.0	34.0	35.0	36.0	37.0	38.0	39.0	40.0
Par-CPas_068-Ex1-4H-lcwgs-1-T.clmp.r1	16.0	595.0	3307.0	7245.0	12077.0	17729.0	24488.0	33094.0	42664.0	54930.0	70772.0	89288.0	111843.0	140623.0	182590.0	248840.0	366700.0	623735.0	1568152.0	7224200.0
	20.0	21.0	22.0	23.0	24.0	25.0	26.0	27.0	28.0	29.0	30.0	31.0	32.0	33.0	34.0	35.0	36.0	37.0	38.0	39.0	40.0
Par-CPas_068-Ex1-4H-lcwgs-1-T.clmp.r2	5.0	339.0	8242.0	33155.0	49771.0	59622.0	68752.0	77855.0	88699.0	102033.0	117879.0	135799.0	159309.0	188823.0	226898.0	282890.0	366691.0	520292.0	853499.0	1852857.0	5629478.0
	21.0	22.0	23.0	24.0	25.0	26.0	27.0	28.0	29.0	30.0	31.0	32.0	33.0	34.0	35.0	36.0	37.0	38.0	39.0	40.0
Par-CPas_069-Ex1-5B-lcwgs-1-T.clmp.r1	1.0	36.0	155.0	237.0	422.0	562.0	776.0	997.0	1346.0	1711.0	2059.0	2486.0	2994.0	3681.0	4740.0	6113.0	9098.0	14897.0	34434.0	140741.0
	21.0	22.0	23.0	24.0	25.0	26.0	27.0	28.0	29.0	30.0	31.0	32.0	33.0	34.0	35.0	36.0	37.0	38.0	39.0	40.0
Par-CPas_069-Ex1-5B-lcwgs-1-T.clmp.r2	9.0	183.0	744.0	1076.0	1348.0	1538.0	1785.0	2059.0	2382.0	2648.0	3111.0	3511.0	4310.0	5116.0	6106.0	8040.0	11142.0	17803.0	37060.0	117515.0
	21.0	22.0	23.0	24.0	25.0	26.0	27.0	28.0	29.0	30.0	31.0	32.0	33.0	34.0	35.0	36.0	37.0	38.0	39.0	40.0
Par-CPas_070-Ex1-4C2D-lcwgs-1and2-T.clmp.r1	2.0	27.0	127.0	263.0	422.0	653.0	942.0	1095.0	1517.0	1847.0	2504.0	3079.0	3856.0	4752.0	6021.0	8136.0	11988.0	20314.0	50759.0	234538.0
	21.0	22.0	23.0	24.0	25.0	26.0	27.0	28.0	29.0	30.0	31.0	32.0	33.0	34.0	35.0	36.0	37.0	38.0	39.0	40.0
Par-CPas_070-Ex1-4C2D-lcwgs-1and2-T.clmp.r2	10.0	222.0	876.0	1346.0	1667.0	1921.0	2221.0	2703.0	3033.0	3523.0	4194.0	4936.0	5760.0	6984.0	8803.0	11536.0	15980.0	26039.0	56876.0	194212.0
	21.0	22.0	23.0	24.0	25.0	26.0	27.0	28.0	29.0	30.0	31.0	32.0	33.0	34.0	35.0	36.0	37.0	38.0	39.0	40.0
Par-CPas_071-Ex1-6B-lcwgs-1-T.clmp.r1	2.0	4.0	50.0	94.0	120.0	168.0	226.0	318.0	398.0	502.0	586.0	747.0	888.0	1061.0	1382.0	1711.0	2381.0	3744.0	8015.0	32240.0
	20.0	21.0	22.0	23.0	24.0	25.0	26.0	27.0	28.0	29.0	30.0	31.0	32.0	33.0	34.0	35.0	36.0	37.0	38.0	39.0	40.0
Par-CPas_071-Ex1-6B-lcwgs-1-T.clmp.r2	1.0	2.0	51.0	171.0	236.0	334.0	390.0	421.0	461.0	549.0	612.0	760.0	889.0	1080.0	1253.0	1494.0	1869.0	2701.0	4160.0	8232.0	28971.0
	21.0	22.0	23.0	24.0	25.0	26.0	27.0	28.0	29.0	30.0	31.0	32.0	33.0	34.0	35.0	36.0	37.0	38.0	39.0	40.0
Par-CPas_072-Ex1-6D6E-lcwgs-1and2-T.clmp.r1	3.0	19.0	84.0	177.0	285.0	378.0	503.0	668.0	966.0	1144.0	1391.0	1705.0	2104.0	2594.0	3289.0	4278.0	6220.0	10161.0	23871.0	104551.0
	21.0	22.0	23.0	24.0	25.0	26.0	27.0	28.0	29.0	30.0	31.0	32.0	33.0	34.0	35.0	36.0	37.0	38.0	39.0	40.0
Par-CPas_072-Ex1-6D6E-lcwgs-1and2-T.clmp.r2	5.0	139.0	504.0	792.0	974.0	1124.0	1221.0	1439.0	1691.0	1895.0	2253.0	2625.0	3056.0	3565.0	4572.0	5711.0	7732.0	12332.0	26094.0	86667.0
	21.0	22.0	23.0	24.0	25.0	26.0	27.0	28.0	29.0	30.0	31.0	32.0	33.0	34.0	35.0	36.0	37.0	38.0	39.0	40.0
Par-CPas_073-Ex1-8E8F-lcwgs-1and2-T.clmp.r1	20.0	404.0	2102.0	4472.0	7401.0	10952.0	15150.0	19529.0	25049.0	32043.0	40458.0	50548.0	63325.0	78865.0	102465.0	137960.0	202013.0	340555.0	834597.0	3777776.0
	20.0	21.0	22.0	23.0	24.0	25.0	26.0	27.0	28.0	29.0	30.0	31.0	32.0	33.0	34.0	35.0	36.0	37.0	38.0	39.0	40.0
Par-CPas_073-Ex1-8E8F-lcwgs-1and2-T.clmp.r2	4.0	183.0	4280.0	16995.0	25913.0	31226.0	36957.0	42325.0	48311.0	56172.0	65119.0	75309.0	88107.0	103877.0	124733.0	154405.0	198968.0	277665.0	447056.0	958923.0	2989156.0
	21.0	22.0	23.0	24.0	25.0	26.0	27.0	28.0	29.0	30.0	31.0	32.0	33.0	34.0	35.0	36.0	37.0	38.0	39.0	40.0
Par-CPas_074-Ex1-4G-lcwgs-1-T.clmp.r1	12.0	468.0	2332.0	5185.0	8505.0	12278.0	16744.0	22381.0	28978.0	36762.0	46998.0	59786.0	74724.0	94188.0	121587.0	165735.0	243320.0	412125.0	1020832.0	4587674.0
	20.0	21.0	22.0	23.0	24.0	25.0	26.0	27.0	28.0	29.0	30.0	31.0	32.0	33.0	34.0	35.0	36.0	37.0	38.0	39.0	40.0
Par-CPas_074-Ex1-4G-lcwgs-1-T.clmp.r2	2.0	223.0	5576.0	22230.0	33099.0	39813.0	46016.0	52900.0	60020.0	69074.0	79362.0	92203.0	107746.0	126427.0	152431.0	187866.0	244466.0	342655.0	556895.0	1189164.0	3552446.0
	21.0	22.0	23.0	24.0	25.0	26.0	27.0	28.0	29.0	30.0	31.0	32.0	33.0	34.0	35.0	36.0	37.0	38.0	39.0	40.0
Par-CPas_075-Ex1-8A8B-lcwgs-1and2-T.clmp.r1	12.0	254.0	1064.0	2299.0	3801.0	5711.0	7714.0	10009.0	13240.0	16475.0	20975.0	26452.0	32703.0	41091.0	52922.0	70510.0	103212.0	175145.0	427523.0	2039561.0
	20.0	21.0	22.0	23.0	24.0	25.0	26.0	27.0	28.0	29.0	30.0	31.0	32.0	33.0	34.0	35.0	36.0	37.0	38.0	39.0	40.0
Par-CPas_075-Ex1-8A8B-lcwgs-1and2-T.clmp.r2	1.0	104.0	2013.0	7595.0	11832.0	14368.0	16973.0	19610.0	22955.0	25988.0	30726.0	35769.0	42375.0	50340.0	60637.0	75805.0	98585.0	137844.0	222235.0	480832.0	1694086.0
	21.0	22.0	23.0	24.0	25.0	26.0	27.0	28.0	29.0	30.0	31.0	32.0	33.0	34.0	35.0	36.0	37.0	38.0	39.0	40.0
Par-CPas_076-Ex1-5G-lcwgs-1-T.clmp.r1	2.0	66.0	355.0	761.0	1230.0	1780.0	2372.0	3253.0	4227.0	5199.0	6457.0	8531.0	10658.0	13223.0	17123.0	23681.0	34457.0	59229.0	145313.0	646484.0
	19.0	20.0	21.0	22.0	23.0	24.0	25.0	26.0	27.0	28.0	29.0	30.0	31.0	32.0	33.0	34.0	35.0	36.0	37.0	38.0	39.0	40.0
Par-CPas_076-Ex1-5G-lcwgs-1-T.clmp.r2	1.0	0.0	37.0	800.0	3173.0	4736.0	5771.0	6705.0	7683.0	8838.0	10177.0	11927.0	13995.0	16180.0	19100.0	22619.0	28040.0	35578.0	49974.0	80159.0	170543.0	488365.0
	21.0	22.0	23.0	24.0	25.0	26.0	27.0	28.0	29.0	30.0	31.0	32.0	33.0	34.0	35.0	36.0	37.0	38.0	39.0	40.0
Par-CPas_077-Ex1-7G7H-lcwgs-1and2-T.clmp.r1	11.0	222.0	1112.0	2400.0	3783.0	5564.0	7394.0	10038.0	12839.0	16576.0	20887.0	26540.0	32765.0	41400.0	53194.0	72962.0	106823.0	182630.0	456747.0	1996070.0
	20.0	21.0	22.0	23.0	24.0	25.0	26.0	27.0	28.0	29.0	30.0	31.0	32.0	33.0	34.0	35.0	36.0	37.0	38.0	39.0	40.0
Par-CPas_077-Ex1-7G7H-lcwgs-1and2-T.clmp.r2	1.0	110.0	2424.0	9495.0	14404.0	17281.0	20182.0	23097.0	26424.0	30260.0	35215.0	41246.0	47547.0	56654.0	68311.0	83572.0	108767.0	151040.0	244305.0	523961.0	1545661.0
	21.0	22.0	23.0	24.0	25.0	26.0	27.0	28.0	29.0	30.0	31.0	32.0	33.0	34.0	35.0	36.0	37.0	38.0	39.0	40.0
Par-CPas_079-Ex1-8C-lcwgs-1-T.clmp.r1	19.0	579.0	3108.0	7335.0	11991.0	17046.0	22971.0	29936.0	38560.0	48787.0	62541.0	78353.0	97317.0	122482.0	159864.0	216904.0	319802.0	542806.0	1335121.0	5886350.0
	20.0	21.0	22.0	23.0	24.0	25.0	26.0	27.0	28.0	29.0	30.0	31.0	32.0	33.0	34.0	35.0	36.0	37.0	38.0	39.0	40.0
Par-CPas_079-Ex1-8C-lcwgs-1-T.clmp.r2	4.0	317.0	7432.0	28793.0	44353.0	54072.0	63009.0	72506.0	83131.0	95819.0	110100.0	128288.0	149399.0	175213.0	207964.0	255069.0	327626.0	454156.0	729089.0	1549415.0	4466117.0
	21.0	22.0	23.0	24.0	25.0	26.0	27.0	28.0	29.0	30.0	31.0	32.0	33.0	34.0	35.0	36.0	37.0	38.0	39.0	40.0
Par-CPas_082-Ex1-6G6H-lcwgs-1and2-T.clmp.r1	2.0	53.0	300.0	567.0	975.0	1428.0	1973.0	2562.0	3296.0	4156.0	5282.0	6586.0	8040.0	10077.0	13268.0	17764.0	26247.0	44547.0	108107.0	484374.0
	21.0	22.0	23.0	24.0	25.0	26.0	27.0	28.0	29.0	30.0	31.0	32.0	33.0	34.0	35.0	36.0	37.0	38.0	39.0	40.0
Par-CPas_082-Ex1-6G6H-lcwgs-1and2-T.clmp.r2	29.0	545.0	2481.0	3511.0	4242.0	4956.0	5722.0	6360.0	7358.0	8654.0	9985.0	11403.0	13886.0	16407.0	20177.0	25983.0	36113.0	58769.0	124631.0	378392.0
	21.0	22.0	23.0	24.0	25.0	26.0	27.0	28.0	29.0	30.0	31.0	32.0	33.0	34.0	35.0	36.0	37.0	38.0	39.0	40.0
Par-CPas_083-Ex1-4A-lcwgs-1-T.clmp.r1	14.0	406.0	2071.0	4636.0	7732.0	10890.0	14718.0	19350.0	24715.0	31320.0	39510.0	49753.0	61664.0	77377.0	99302.0	134532.0	196032.0	331466.0	811274.0	3888436.0
	20.0	21.0	22.0	23.0	24.0	25.0	26.0	27.0	28.0	29.0	30.0	31.0	32.0	33.0	34.0	35.0	36.0	37.0	38.0	39.0	40.0
Par-CPas_083-Ex1-4A-lcwgs-1-T.clmp.r2	1.0	203.0	3920.0	15539.0	24016.0	29655.0	35106.0	40685.0	46848.0	54494.0	63674.0	74092.0	86150.0	102601.0	122227.0	150529.0	194195.0	269179.0	433783.0	934294.0	3124007.0
	22.0	23.0	24.0	25.0	26.0	27.0	28.0	29.0	30.0	31.0	32.0	33.0	34.0	35.0	36.0	37.0	38.0	39.0	40.0
Par-CPas_084-Ex1-3F4F-lcwgs-1and2-T.clmp.r1	39.0	166.0	337.0	471.0	665.0	861.0	1238.0	1513.0	1889.0	2502.0	2905.0	3602.0	4566.0	5804.0	7601.0	10949.0	18182.0	41703.0	178676.0
	20.0	21.0	22.0	23.0	24.0	25.0	26.0	27.0	28.0	29.0	30.0	31.0	32.0	33.0	34.0	35.0	36.0	37.0	38.0	39.0	40.0
Par-CPas_084-Ex1-3F4F-lcwgs-1and2-T.clmp.r2	1.0	5.0	221.0	876.0	1384.0	1565.0	1851.0	2203.0	2444.0	2823.0	3274.0	3815.0	4493.0	5224.0	6148.0	7699.0	9877.0	13751.0	21977.0	45661.0	148377.0
	21.0	22.0	23.0	24.0	25.0	26.0	27.0	28.0	29.0	30.0	31.0	32.0	33.0	34.0	35.0	36.0	37.0	38.0	39.0	40.0
Par-CPas_085-Ex1-2D3F-lcwgs-1and2-T.clmp.r1	2.0	26.0	112.0	237.0	361.0	516.0	733.0	900.0	1270.0	1464.0	1891.0	2258.0	2794.0	3470.0	4221.0	5571.0	7821.0	12585.0	28527.0	121534.0
	20.0	21.0	22.0	23.0	24.0	25.0	26.0	27.0	28.0	29.0	30.0	31.0	32.0	33.0	34.0	35.0	36.0	37.0	38.0	39.0	40.0
Par-CPas_085-Ex1-2D3F-lcwgs-1and2-T.clmp.r2	1.0	6.0	185.0	605.0	890.0	1148.0	1273.0	1566.0	1690.0	1943.0	2165.0	2582.0	3064.0	3579.0	4275.0	5346.0	6925.0	9386.0	14698.0	30924.0	104042.0
	21.0	22.0	23.0	24.0	25.0	26.0	27.0	28.0	29.0	30.0	31.0	32.0	33.0	34.0	35.0	36.0	37.0	38.0	39.0	40.0
Par-CPas_087-Ex1-5H-lcwgs-1-T.clmp.r1	14.0	382.0	1974.0	4391.0	7433.0	10756.0	14273.0	18896.0	24673.0	31433.0	39914.0	50593.0	62191.0	78254.0	101834.0	138104.0	202549.0	346282.0	858899.0	3929974.0
	20.0	21.0	22.0	23.0	24.0	25.0	26.0	27.0	28.0	29.0	30.0	31.0	32.0	33.0	34.0	35.0	36.0	37.0	38.0	39.0	40.0
Par-CPas_087-Ex1-5H-lcwgs-1-T.clmp.r2	6.0	182.0	4227.0	17532.0	26471.0	32240.0	37387.0	43195.0	49459.0	57253.0	65731.0	76367.0	89672.0	105903.0	127359.0	157167.0	202064.0	282340.0	455145.0	982380.0	3110739.0

