#BaseNum	Match1	Sub1	Del1	Ins1	N1	Other1
1	0.97516	0.02183	0.00000	0.00000	0.00000	0.00300
2	0.97680	0.02047	0.00000	0.00000	0.00000	0.00273
3	0.98117	0.01583	0.00000	0.00027	0.00000	0.00273
4	0.98390	0.01283	0.00000	0.00055	0.00000	0.00273
5	0.98472	0.01201	0.00000	0.00055	0.00000	0.00273
6	0.98717	0.00983	0.00027	0.00055	0.00000	0.00246
7	0.98799	0.00928	0.00000	0.00027	0.00000	0.00246
8	0.98717	0.01010	0.00082	0.00027	0.00000	0.00246
9	0.98635	0.01092	0.00027	0.00027	0.00000	0.00246
10	0.98772	0.00955	0.00000	0.00027	0.00000	0.00246
11	0.98854	0.00901	0.00027	0.00000	0.00000	0.00246
12	0.98990	0.00791	0.00000	0.00000	0.00000	0.00218
13	0.98745	0.01037	0.00000	0.00000	0.00000	0.00218
14	0.98690	0.01092	0.00000	0.00000	0.00000	0.00218
15	0.98826	0.00955	0.00027	0.00027	0.00000	0.00191
16	0.99072	0.00737	0.00000	0.00000	0.00000	0.00191
17	0.98990	0.00819	0.00027	0.00000	0.00000	0.00191
18	0.99181	0.00655	0.00027	0.00000	0.00000	0.00164
19	0.99181	0.00628	0.00027	0.00027	0.00000	0.00164
20	0.98963	0.00846	0.00000	0.00027	0.00000	0.00164
21	0.99072	0.00737	0.00000	0.00027	0.00000	0.00164
22	0.99345	0.00464	0.00000	0.00027	0.00000	0.00164
23	0.99127	0.00682	0.00027	0.00027	0.00000	0.00164
24	0.99345	0.00491	0.00027	0.00000	0.00000	0.00164
25	0.99318	0.00519	0.00000	0.00000	0.00000	0.00164
26	0.99372	0.00464	0.00000	0.00000	0.00000	0.00164
27	0.98990	0.00846	0.00027	0.00000	0.00000	0.00164
28	0.99209	0.00628	0.00000	0.00000	0.00000	0.00164
29	0.99181	0.00655	0.00000	0.00000	0.00000	0.00164
30	0.99290	0.00546	0.00000	0.00000	0.00000	0.00164
31	0.99427	0.00409	0.00000	0.00000	0.00000	0.00164
32	0.99236	0.00573	0.00000	0.00027	0.00000	0.00164
33	0.99318	0.00464	0.00000	0.00055	0.00000	0.00164
34	0.99235	0.00547	0.00055	0.00055	0.00000	0.00164
35	0.99344	0.00437	0.00027	0.00055	0.00000	0.00164
36	0.99480	0.00301	0.00000	0.00055	0.00000	0.00164
37	0.99397	0.00411	0.00027	0.00027	0.00000	0.00164
38	0.99232	0.00604	0.00000	0.00000	0.00000	0.00165
39	0.99259	0.00577	0.00000	0.00000	0.00000	0.00165
40	0.99285	0.00550	0.00000	0.00000	0.00000	0.00165
41	0.99310	0.00524	0.00000	0.00000	0.00000	0.00166
42	0.99364	0.00470	0.00000	0.00000	0.00000	0.00166
43	0.99446	0.00388	0.00000	0.00000	0.00000	0.00166
44	0.99361	0.00500	0.00000	0.00000	0.00000	0.00139
45	0.99499	0.00362	0.00000	0.00000	0.00000	0.00139
46	0.99386	0.00503	0.00000	0.00000	0.00000	0.00112
47	0.99608	0.00280	0.00028	0.00000	0.00000	0.00112
48	0.99353	0.00535	0.00028	0.00000	0.00000	0.00113
49	0.99323	0.00564	0.00000	0.00000	0.00000	0.00113
50	0.99349	0.00538	0.00000	0.00000	0.00000	0.00113
51	0.99347	0.00568	0.00000	0.00000	0.00000	0.00085
52	0.99345	0.00598	0.00000	0.00000	0.00000	0.00057
53	0.99486	0.00457	0.00000	0.00000	0.00000	0.00057
54	0.99226	0.00688	0.00000	0.00029	0.00000	0.00057
55	0.99453	0.00489	0.00029	0.00000	0.00000	0.00058
56	0.99538	0.00404	0.00029	0.00000	0.00000	0.00058
57	0.99508	0.00435	0.00000	0.00000	0.00000	0.00058
58	0.99448	0.00552	0.00029	0.00000	0.00000	0.00000
59	0.99271	0.00729	0.00029	0.00000	0.00000	0.00000
60	0.99327	0.00673	0.00000	0.00000	0.00000	0.00000
61	0.99560	0.00440	0.00059	0.00000	0.00000	0.00000
62	0.99499	0.00501	0.00029	0.00000	0.00000	0.00000
63	0.99556	0.00444	0.00000	0.00000	0.00000	0.00000
64	0.99465	0.00535	0.00000	0.00000	0.00000	0.00000
65	0.99521	0.00479	0.00030	0.00000	0.00000	0.00000
66	0.99580	0.00420	0.00000	0.00000	0.00000	0.00000
67	0.99488	0.00512	0.00000	0.00000	0.00000	0.00000
68	0.99304	0.00696	0.00060	0.00000	0.00000	0.00000
69	0.99636	0.00364	0.00030	0.00000	0.00000	0.00000
70	0.99178	0.00822	0.00000	0.00000	0.00000	0.00000
71	0.99542	0.00458	0.00000	0.00000	0.00000	0.00000
72	0.99448	0.00552	0.00000	0.00000	0.00000	0.00000
73	0.99384	0.00585	0.00000	0.00031	0.00000	0.00000
74	0.99443	0.00557	0.00000	0.00000	0.00000	0.00000
75	0.99440	0.00560	0.00000	0.00000	0.00000	0.00000
76	0.99469	0.00531	0.00000	0.00000	0.00000	0.00000
77	0.99497	0.00503	0.00000	0.00000	0.00000	0.00000
78	0.99276	0.00724	0.00000	0.00000	0.00000	0.00000
79	0.99525	0.00475	0.00032	0.00000	0.00000	0.00000
80	0.99332	0.00636	0.00064	0.00000	0.00032	0.00000
81	0.99680	0.00288	0.00032	0.00000	0.00000	0.00032
82	0.99518	0.00418	0.00000	0.00000	0.00032	0.00032
83	0.99515	0.00420	0.00000	0.00032	0.00000	0.00032
84	0.99447	0.00488	0.00000	0.00033	0.00000	0.00033
85	0.99414	0.00554	0.00000	0.00000	0.00000	0.00033
86	0.99639	0.00328	0.00000	0.00000	0.00000	0.00033
87	0.99604	0.00363	0.00000	0.00000	0.00000	0.00033
88	0.99467	0.00499	0.00000	0.00000	0.00000	0.00033
89	0.99365	0.00569	0.00000	0.00000	0.00000	0.00067
90	0.99394	0.00505	0.00000	0.00000	0.00000	0.00101
91	0.99425	0.00474	0.00000	0.00000	0.00000	0.00102
92	0.99285	0.00545	0.00000	0.00068	0.00000	0.00102
93	0.99176	0.00687	0.00034	0.00034	0.00000	0.00103
94	0.99308	0.00588	0.00000	0.00000	0.00000	0.00104
95	0.99442	0.00454	0.00000	0.00000	0.00000	0.00105
96	0.99331	0.00563	0.00000	0.00000	0.00000	0.00106
97	0.99539	0.00355	0.00000	0.00000	0.00000	0.00106
98	0.99427	0.00465	0.00000	0.00000	0.00000	0.00107
99	0.99242	0.00613	0.00036	0.00000	0.00000	0.00144
100	0.99418	0.00400	0.00000	0.00036	0.00000	0.00146
101	0.99450	0.00367	0.00000	0.00037	0.00000	0.00147
102	0.99332	0.00482	0.00000	0.00037	0.00000	0.00148
103	0.99285	0.00602	0.00000	0.00000	0.00000	0.00113
104	0.99389	0.00458	0.00000	0.00000	0.00000	0.00153
105	0.99109	0.00736	0.00000	0.00000	0.00000	0.00155
106	0.99212	0.00630	0.00118	0.00000	0.00000	0.00158
107	0.99402	0.00439	0.00000	0.00000	0.00000	0.00159
108	0.99434	0.00404	0.00000	0.00000	0.00000	0.00162
109	0.99424	0.00411	0.00000	0.00000	0.00000	0.00165
110	0.99080	0.00753	0.00000	0.00000	0.00000	0.00167
111	0.99404	0.00426	0.00000	0.00000	0.00000	0.00170
112	0.99349	0.00434	0.00000	0.00000	0.00000	0.00217
113	0.99253	0.00527	0.00000	0.00000	0.00000	0.00220
114	0.99100	0.00675	0.00045	0.00000	0.00000	0.00225
115	0.99223	0.00548	0.00000	0.00000	0.00000	0.00228
116	0.99064	0.00702	0.00000	0.00000	0.00000	0.00234
117	0.99191	0.00571	0.00000	0.00000	0.00000	0.00238
118	0.99177	0.00581	0.00000	0.00000	0.00000	0.00242
119	0.98668	0.01085	0.00000	0.00000	0.00000	0.00247
120	0.99247	0.00502	0.00000	0.00000	0.00000	0.00251
121	0.99182	0.00563	0.00000	0.00000	0.00000	0.00256
122	0.99267	0.00471	0.00000	0.00000	0.00000	0.00262
123	0.99411	0.00321	0.00000	0.00000	0.00000	0.00268
124	0.99181	0.00546	0.00000	0.00000	0.00000	0.00273
125	0.99108	0.00613	0.00000	0.00000	0.00000	0.00279
126	0.99145	0.00570	0.00000	0.00000	0.00000	0.00285
127	0.99002	0.00646	0.00000	0.00000	0.00000	0.00352
128	0.98856	0.00783	0.00000	0.00000	0.00000	0.00361
129	0.99077	0.00554	0.00000	0.00000	0.00000	0.00369
130	0.98931	0.00692	0.00063	0.00000	0.00000	0.00377
131	0.98903	0.00710	0.00000	0.00000	0.00000	0.00387
132	0.99275	0.00330	0.00066	0.00000	0.00000	0.00396
133	0.98791	0.00806	0.00000	0.00000	0.00000	0.00403
134	0.98964	0.00691	0.00000	0.00000	0.00000	0.00345
135	0.99085	0.00563	0.00000	0.00000	0.00000	0.00352
136	0.98922	0.00718	0.00000	0.00000	0.00000	0.00359
137	0.98965	0.00665	0.00000	0.00000	0.00000	0.00370
138	0.98649	0.00976	0.00075	0.00000	0.00000	0.00375
139	0.98922	0.00693	0.00000	0.00000	0.00000	0.00385
140	0.98646	0.00955	0.00000	0.00000	0.00000	0.00398
141	0.99024	0.00570	0.00000	0.00000	0.00000	0.00407
142	0.98976	0.00597	0.00000	0.00000	0.00000	0.00427
143	0.98768	0.00792	0.00000	0.00000	0.00000	0.00440
144	0.98995	0.00548	0.00000	0.00000	0.00000	0.00457
145	0.99154	0.00376	0.00000	0.00000	0.00000	0.00470
146	0.99024	0.00293	0.00000	0.00195	0.00000	0.00488
147	0.98385	0.01009	0.00000	0.00101	0.00000	0.00505
148	0.98644	0.00834	0.00000	0.00104	0.00000	0.00417
149	0.98803	0.00762	0.00000	0.00000	0.00000	0.00435
150	0.99075	0.00578	0.00000	0.00000	0.00000	0.00347
