Sample	1	2	3	4	5	6	7	8	9	10	11	12	13	14	15	16	17	18	19	20	21	22	23	24	25	26	27	28	29	30	31
Sob-APnd_001-Ex1-1A-lcwgs-1-T	93.14886191849556	6.089513353561128	0.6833581713501518	0.07062752624073934	0.005896795359758124	0.0009381265345069742	0.00013401807635813918	0.00026803615271627835	0.0	0.0	0.0	0.00013401807635813918	0.00013401807635813918	0.0	0.0	0.0	0.0	0.0	0.0	0.0	0.0	0.0	0.0	0.0	0.0	0.0	0.0	0.0	0.0	0.0	0.00013401807635813918
Sob-APnd_002-Ex1-2A-lcwgs-1-T	93.95314376229528	5.313609769806597	0.6576224419406761	0.06387164354513171	0.010219462967221073	0.0010219462967221073	0.0	0.0005109731483610537	0.0	0.0	0.0	0.0	0.0	0.0	0.0	0.0	0.0	0.0	0.0	0.0	0.0	0.0	0.0	0.0	0.0	0.0	0.0	0.0	0.0	0.0	0.0
Sob-APnd_003-Ex1-3A-lcwgs-1-T	99.24102698656459	0.7070757738283571	0.04591651682705293	0.005209016614833736	0.0003858530825802768	0.0	0.0	0.0001929265412901384	0.0001929265412901384	0.0	0.0	0.0	0.0	0.0	0.0	0.0	0.0	0.0	0.0	0.0	0.0	0.0	0.0	0.0	0.0	0.0	0.0	0.0	0.0	0.0	0.0
Sob-APnd_004-Ex1-4A-lcwgs-1-T	92.86989692395098	6.3276113951789625	0.7083434786137489	0.08380001623244866	0.008116224332440549	0.0008116224332440548	0.0004058112166220274	0.0004058112166220274	0.0	0.0002029056083110137	0.0	0.0	0.0002029056083110137	0.0	0.0	0.0	0.0	0.0	0.0002029056083110137	0.0	0.0	0.0	0.0	0.0	0.0	0.0	0.0	0.0	0.0	0.0	0.0
Sob-APnd_005-Ex1-5A-lcwgs-1-T	94.37444528314407	4.922153006461674	0.6212828786383204	0.07548296656353426	0.0058063820433487895	0.0008294831490498271	0.0	0.0	0.0	0.0	0.0	0.0	0.0	0.0	0.0	0.0	0.0	0.0	0.0	0.0	0.0	0.0	0.0	0.0	0.0	0.0	0.0	0.0	0.0	0.0	0.0
Sob-APnd_006-Ex1-6A-lcwgs-1-T	89.82453298566126	9.018850471680448	1.0325726383017981	0.1096421452105321	0.012544449826920085	0.0013092508314503973	0.0003653723250559248	6.08953875093208e-05	3.04476937546604e-05	3.04476937546604e-05	0.0	0.0	3.04476937546604e-05	0.0	0.0	0.0	0.0	0.0	0.0	0.0	0.0	0.0	0.0	0.0	0.0	0.0	0.0	3.04476937546604e-05	0.0	0.0	0.0
Sob-APnd_007-Ex1-7A-lcwgs-1-T	86.84457786039243	11.281363923929998	1.615844631782452	0.22242355757997007	0.03079285376673238	0.004167602402040111	0.0006518051150110125	9.875835075924433e-05	3.950334030369773e-05	0.0	1.9751670151848864e-05	0.0	0.0	0.0	0.0	0.0	1.9751670151848864e-05	0.0	0.0	0.0	0.0	0.0	0.0	0.0	0.0	0.0	0.0	0.0	0.0	0.0	0.0
Sob-APnd_008-Ex1-8A-lcwgs-1-T	94.07256467239145	5.1751341117071625	0.6643481063225529	0.07687504615859758	0.009063870071101024	0.0010070966745667805	0.0003356988915222602	0.0	0.0003356988915222602	0.0003356988915222602	0.0	0.0	0.0	0.0	0.0	0.0	0.0	0.0	0.0	0.0	0.0	0.0	0.0	0.0	0.0	0.0	0.0	0.0	0.0	0.0	0.0
Sob-APnd_009-Ex1-9A-lcwgs-1-T	93.71791592831437	5.592904510495259	0.6174756572096677	0.06256964869654176	0.007307404227333346	0.0009134255284166682	0.0	0.0009134255284166682	0.0	0.0	0.0	0.0	0.0	0.0	0.0	0.0	0.0	0.0	0.0	0.0	0.0	0.0	0.0	0.0	0.0	0.0	0.0	0.0	0.0	0.0	0.0
Sob-APnd_010-Ex1-10A-lcwgs-1-T	89.72884511655081	9.103230141598461	1.0446901341958192	0.1096325088123043	0.011950269747769776	0.0012847559626441908	0.00018353656609202727	4.078590357600606e-05	6.117885536400909e-05	2.039295178800303e-05	0.0	0.0	0.0	0.0	0.0	4.078590357600606e-05	2.039295178800303e-05	0.0	0.0	0.0	0.0	0.0	0.0	0.0	0.0	0.0	0.0	0.0	0.0	0.0	0.0
Sob-APnd_011-Ex1-11A-lcwgs-1-T	93.28957560438664	5.960291899384402	0.6665579518121407	0.07052876187370052	0.011007379020750947	0.001223042113416772	0.00040768070447225733	0.00040768070447225733	0.0	0.0	0.0	0.0	0.0	0.0	0.0	0.0	0.0	0.0	0.0	0.0	0.0	0.0	0.0	0.0	0.0	0.0	0.0	0.0	0.0	0.0	0.0
Sob-APnd_012-Ex1-12A-lcwgs-1-T	90.58900442614696	8.245708581070934	1.0295871579895928	0.11997420289598995	0.013428629484676343	0.001236847452535979	0.00035338498643885117	0.00035338498643885117	0.0	0.00017669249321942558	0.0	0.0	0.0	0.0	0.0	0.0	0.0	0.00017669249321942558	0.0	0.0	0.0	0.0	0.0	0.0	0.0	0.0	0.0	0.0	0.0	0.0	0.0
Sob-APnd_013-Ex1-1B-lcwgs-1-T	89.7487903593926	9.033580840510028	1.086698518000061	0.11472566263960318	0.013922278689023463	0.0014454824868385017	0.0003803901281153952	0.00015215605124615806	7.607802562307903e-05	7.607802562307903e-05	0.0	0.0	0.0	0.0	0.0	0.0	0.0	0.0	7.607802562307903e-05	0.0	0.0	0.0	0.0	0.0	0.0	0.0	0.0	0.0	0.0	0.0	7.607802562307903e-05
Sob-APnd_014-Ex1-2B-lcwgs-1-T	87.49573156022305	10.862564436460556	1.4365378444906094	0.17771698780479236	0.02328026962018498	0.003232069625337552	0.000421574298957072	0.00014052476631902402	0.0	0.00014052476631902402	4.6841588773008e-05	0.0	0.0	4.6841588773008e-05	0.0	0.0	0.0	0.0	0.0	0.0	0.0	9.3683177546016e-05	0.0	0.0	0.0	0.0	0.0	0.0	0.0	0.0	4.6841588773008e-05
Sob-APnd_015-Ex1-3B-lcwgs-1-T	93.46125214426739	5.780513329521302	0.6754846853456181	0.07293206313586294	0.007983687384695055	0.001294652008328928	0.00021577533472148797	0.0	0.0	0.0	0.0	0.0	0.0	0.00010788766736074398	0.00010788766736074398	0.0	0.0	0.0	0.0	0.0	0.0	0.0	0.0	0.0	0.0	0.0	0.0	0.00010788766736074398	0.0	0.0	0.0
Sob-APnd_016-Ex1-4B-lcwgs-1-T	88.08234428118473	10.320411279226132	1.3936141435107514	0.1781074184763525	0.021783857316384842	0.0032188087676449243	0.00022759253912640878	0.00016256609937600629	3.2513219875201256e-05	0.0	3.2513219875201256e-05	0.0	0.0	3.2513219875201256e-05	0.0	0.0	3.2513219875201256e-05	0.0	0.0	0.0	0.0	0.0	0.0	0.0	0.0	0.0	0.0	0.0	0.0	0.0	0.0
Sob-APnd_017-Ex1-5B-lcwgs-1-T	91.37258595519327	7.597792628681272	0.906323716398166	0.10702925323549431	0.012415393375317342	0.0017124680517679092	0.0008562340258839546	0.0004281170129419773	0.0	0.0004281170129419773	0.0	0.0	0.0004281170129419773	0.0	0.0	0.0	0.0	0.0	0.0	0.0	0.0	0.0	0.0	0.0	0.0	0.0	0.0	0.0	0.0	0.0	0.0
Sob-APnd_018-Ex1-6B-lcwgs-1-T	91.7331955578396	7.198311517353391	0.9453743984917982	0.10745389238671309	0.0140157250939191	0.0005496362781929058	0.0002748181390964529	0.0002748181390964529	0.0002748181390964529	0.0002748181390964529	0.0	0.0	0.0	0.0	0.0	0.0	0.0	0.0	0.0	0.0	0.0	0.0	0.0	0.0	0.0	0.0	0.0	0.0	0.0	0.0	0.0
Sob-APnd_019-Ex1-7B-lcwgs-1-T	90.3271665617778	8.528591316589257	1.0114406875161452	0.11598454232915685	0.014389711529626335	0.0015603301658630967	0.00017337001842923297	0.00017337001842923297	0.0	0.0	0.00017337001842923297	0.0	0.0	0.00017337001842923297	0.0	0.0	0.0	0.0	0.0	0.0	0.0	0.00017337001842923297	0.0	0.0	0.0	0.0	0.0	0.0	0.0	0.0	0.0
Sob-APnd_020-Ex1-8B-lcwgs-1-T	88.36396791486759	10.148904000361071	1.3055271379640636	0.15915940764366346	0.019526646506892936	0.002382062816250182	0.00034477224972042107	6.26858635855311e-05	6.26858635855311e-05	3.134293179276555e-05	0.0	0.0	3.134293179276555e-05	0.0	0.0	0.0	0.0	0.0	0.0	0.0	0.0	0.0	0.0	0.0	0.0	0.0	0.0	0.0	0.0	0.0	0.0
Sob-APnd_021-Ex1-9B-lcwgs-1-T	90.02269269759944	8.836461648806797	1.0140924456958003	0.11279566287653649	0.011419809562988598	0.002003475361927824	0.00026713004825704324	0.00013356502412852162	0.0	0.0	0.0	0.0	6.678251206426081e-05	0.0	0.0	0.0	6.678251206426081e-05	0.0	0.0	0.0	0.0	0.0	0.0	0.0	0.0	0.0	0.0	0.0	0.0	0.0	0.0
Sob-APnd_022-Ex1-10B-lcwgs-1-T	93.9122760321085	5.4127733493969155	0.6007032486726531	0.06444111343036858	0.007004468851127019	0.0014008937702254037	0.0005603575080901616	0.0002801787540450808	0.0	0.0002801787540450808	0.0	0.0	0.0	0.0	0.0002801787540450808	0.0	0.0	0.0	0.0	0.0	0.0	0.0	0.0	0.0	0.0	0.0	0.0	0.0	0.0	0.0	0.0
Sob-APnd_023-Ex1-11B-lcwgs-1-T	97.85853689922148	1.937718489287323	0.17479142985823665	0.02251914127007957	0.0032170201814399387	0.0032170201814399387	0.0	0.0	0.0	0.0	0.0	0.0	0.0	0.0	0.0	0.0	0.0	0.0	0.0	0.0	0.0	0.0	0.0	0.0	0.0	0.0	0.0	0.0	0.0	0.0	0.0
Sob-APnd_024-Ex1-12B-lcwgs-1-T	88.99294171489895	9.604791269662789	1.232852391492182	0.14929318514485462	0.017359672691262165	0.001657059665984116	0.00039453801571050375	0.000315630412568403	0.0001578152062842015	0.0	0.0	7.890760314210075e-05	0.0	0.0	0.0	0.0	0.0001578152062842015	0.0	0.0	0.0	0.0	0.0	0.0	0.0	0.0	0.0	0.0	0.0	0.0	0.0	0.0
Sob-APnd_025-Ex1-1C-lcwgs-1-T	88.7776188461132	9.853620182640908	1.2086136314026086	0.14142951613084886	0.015660757948505067	0.0025743711696172714	0.0003217963962021589	0.0	0.0	0.0	5.363273270035982e-05	0.0	0.0	0.0	5.363273270035982e-05	0.0	0.0	5.363273270035982e-05	0.0	0.0	0.0	0.0	0.0	0.0	0.0	0.0	0.0	0.0	0.0	0.0	0.0
Sob-APnd_026-Ex1-2C-lcwgs-1-T	96.98080753213833	2.6785714285714284	0.3066720984971935	0.030554046713742528	0.0022632627195364836	0.0011316313597682418	0.0	0.0	0.0	0.0	0.0	0.0	0.0	0.0	0.0	0.0	0.0	0.0	0.0	0.0	0.0	0.0	0.0	0.0	0.0	0.0	0.0	0.0	0.0	0.0	0.0
Sob-APnd_027-Ex1-3C-lcwgs-1-T	91.49043415520366	7.5160774887794215	0.8833167835949488	0.09692218070586134	0.011305187496894674	0.0013681437098152789	0.0004320453820469302	0.0	7.200756367448837e-05	0.0	7.200756367448837e-05	0.0	0.0	0.0	0.0	0.0	0.0	0.0	0.0	0.0	0.0	0.0	0.0	0.0	0.0	0.0	0.0	0.0	0.0	0.0	0.0
Sob-APnd_028-Ex1-4C-lcwgs-1-T	92.09439301329219	6.975454852353101	0.8321691564955578	0.08563218233067746	0.010429560668479946	0.0010978484914189418	0.00027446212285473545	0.0	0.00027446212285473545	0.00027446212285473545	0.0	0.0	0.0	0.0	0.0	0.0	0.0	0.0	0.0	0.0	0.0	0.0	0.0	0.0	0.0	0.0	0.0	0.0	0.0	0.0	0.0
Sob-APnd_029-Ex1-5C-lcwgs-1-T	96.61554789068718	3.017245953833908	0.3321836030777394	0.03396126293446537	0.0010612894667020429	0.0	0.0	0.0	0.0	0.0	0.0	0.0	0.0	0.0	0.0	0.0	0.0	0.0	0.0	0.0	0.0	0.0	0.0	0.0	0.0	0.0	0.0	0.0	0.0	0.0	0.0
Sob-APnd_030-Ex1-6C-lcwgs-1-T	90.6483182995217	8.252203063211354	0.9825050594265923	0.10310463569391244	0.011496623095073422	0.0014598886469934507	0.00018248608087418134	0.00018248608087418134	0.00036497216174836267	0.0	0.0	0.0	0.00018248608087418134	0.0	0.0	0.0	0.0	0.0	0.0	0.0	0.0	0.0	0.0	0.0	0.0	0.0	0.0	0.0	0.0	0.0	0.0
Sob-APnd_031-Ex1-7C-lcwgs-1-T	92.96303626413584	6.241628963441296	0.7129476634739744	0.07318184537918782	0.007364210855767328	0.000920526356970916	0.000460263178485458	0.000460263178485458	0.0	0.0	0.0	0.0	0.0	0.0	0.0	0.0	0.0	0.0	0.0	0.0	0.0	0.0	0.0	0.0	0.0	0.0	0.0	0.0	0.0	0.0	0.0
Sob-APnd_032-Ex1-8C-lcwgs-1-T	95.1136452676435	4.239019715389576	0.561746960719904	0.07353340043758401	0.010246457438024001	0.0006027327904720001	0.0	0.0	0.0	0.0006027327904720001	0.0006027327904720001	0.0	0.0	0.0	0.0	0.0	0.0	0.0	0.0	0.0	0.0	0.0	0.0	0.0	0.0	0.0	0.0	0.0	0.0	0.0	0.0
Sob-APnd_033-Ex1-9C-lcwgs-1-T	87.52926831317305	10.739135670157863	1.5093708607814404	0.19462203121393343	0.023242631065836652	0.0037204211516743695	0.0005600633991767868	0.0	0.0	0.0	0.0	0.0	0.0	0.0	0.0	4.000452851262763e-05	0.0	0.0	0.0	0.0	0.0	4.000452851262763e-05	0.0	0.0	0.0	0.0	0.0	0.0	0.0	0.0	0.0
Sob-APnd_034-Ex1-10C-lcwgs-1-T	93.16778484364146	6.106655136731749	0.6480730272394712	0.06801366102962968	0.008015895764206353	0.0002429059322486774	0.0004858118644973548	0.0002429059322486774	0.0	0.0	0.0	0.0002429059322486774	0.0	0.0002429059322486774	0.0	0.0	0.0	0.0	0.0	0.0	0.0	0.0	0.0	0.0	0.0	0.0	0.0	0.0	0.0	0.0	0.0
Sob-APnd_035-Ex1-11C-lcwgs-1-T	88.94135368838806	9.706979792250035	1.1946169815096561	0.1388113362985437	0.015755204907820227	0.0019509259360527861	0.00026603535491628904	8.8678451638763e-05	0.0	5.911896775917534e-05	0.0	0.0	0.0	0.0	0.0	0.0	2.955948387958767e-05	2.955948387958767e-05	0.0	0.0	0.0	2.955948387958767e-05	0.0	0.0	2.955948387958767e-05	0.0	0.0	0.0	0.0	0.0	0.0
Sob-APnd_036-Ex1-12C-lcwgs-1-T	89.60688894033765	9.157696223984967	1.0973573064620905	0.12322230139338752	0.012857197445643502	0.0015284780180135629	0.00026973141494356995	0.0	4.495523582392832e-05	4.495523582392832e-05	0.0	0.0	8.991047164785665e-05	0.0	0.0	0.0	0.0	0.0	0.0	0.0	0.0	0.0	0.0	0.0	0.0	0.0	0.0	0.0	0.0	0.0	0.0
Sob-APnd_037-Ex1-1D-lcwgs-1-T	89.26959282753317	9.429124123831487	1.1464391857541663	0.13665899962441072	0.0157073614506665	0.0021306515532449823	0.00024775018060988163	0.0	0.0	0.0	0.0	0.0	0.0	0.0	0.0	0.0	0.0	0.0	0.0	4.955003612197633e-05	0.0	0.0	0.0	0.0	0.0	0.0	0.0	0.0	0.0	0.0	4.955003612197633e-05
Sob-APnd_038-Ex1-2D-lcwgs-1-T	97.36641088851081	2.4113746050484357	0.1979097947987917	0.022568660810388528	0.0	0.0017360508315683483	0.0	0.0	0.0	0.0	0.0	0.0	0.0	0.0	0.0	0.0	0.0	0.0	0.0	0.0	0.0	0.0	0.0	0.0	0.0	0.0	0.0	0.0	0.0	0.0	0.0
Sob-APnd_039-Ex1-3D-lcwgs-1-T	94.2347467493422	5.140069341680491	0.5567377852454891	0.05906410054117216	0.0074629729925668785	0.0006396833993628754	0.0004264555995752502	0.0	0.0	0.0	0.0	0.0002132277997876251	0.0002132277997876251	0.0004264555995752502	0.0	0.0	0.0	0.0	0.0	0.0	0.0	0.0	0.0	0.0	0.0	0.0	0.0	0.0	0.0	0.0	0.0
Sob-APnd_040-Ex1-4D-lcwgs-1-T	91.03885013364092	7.866791619994011	0.9748577639269356	0.10369647431987314	0.011922321913782204	0.002495369702884647	0.0005545266006410327	0.0005545266006410327	0.0	0.00027726330032051637	0.0	0.0	0.0	0.0	0.0	0.0	0.0	0.0	0.0	0.0	0.0	0.0	0.0	0.0	0.0	0.0	0.0	0.0	0.0	0.0	0.0
Sob-APnd_041-Ex1-5D-lcwgs-1-T	94.78846088809226	4.621394027528831	0.5427982008184247	0.04565592343332544	0.0016909601271602017	0.0	0.0	0.0	0.0	0.0	0.0	0.0	0.0	0.0	0.0	0.0	0.0	0.0	0.0	0.0	0.0	0.0	0.0	0.0	0.0	0.0	0.0	0.0	0.0	0.0	0.0
Sob-APnd_042-Ex1-6D-lcwgs-1-T	90.71912373077099	8.326838626339459	0.8628476348942239	0.08225828525329357	0.007587162329258835	0.0008883702727296737	0.00014406004422643358	9.604002948428904e-05	4.802001474214452e-05	2.401000737107226e-05	0.0	2.401000737107226e-05	2.401000737107226e-05	4.802001474214452e-05	0.0	0.0	0.0	0.0	0.0	2.401000737107226e-05	0.0	0.0	0.0	2.401000737107226e-05	0.0	0.0	0.0	0.0	0.0	0.0	0.0
Sob-APnd_043-Ex1-7D-lcwgs-1-T	96.94093931619456	2.7265825435886697	0.29190009948164825	0.03272422639928792	0.006544845279857585	0.0	0.0	0.0	0.0	0.0	0.0	0.0	0.0	0.0	0.0	0.0	0.0	0.0	0.0	0.0	0.0	0.0	0.0	0.0	0.0	0.0	0.0013089690559715168	0.0	0.0	0.0	0.0
Sob-APnd_044-Ex1-8D-lcwgs-1-T	87.61001687681575	10.755546830276645	1.4309411588086915	0.17912026092250027	0.021322858599339776	0.0025158498540807086	0.00041243440230831285	4.1243440230831286e-05	0.0	0.0	0.0	0.0	0.0	0.0	4.1243440230831286e-05	0.0	0.0	0.0	0.0	0.0	0.0	0.0	0.0	0.0	0.0	0.0	0.0	0.0	0.0	0.0	4.1243440230831286e-05
Sob-APnd_045-Ex1-9D-lcwgs-1-T	85.15596271395763	12.547743687946214	1.9533282684262014	0.2921428026282011	0.0433639309229926	0.005984222467372978	0.0011708261349208	0.00017345572369197038	8.672786184598519e-05	0.0	0.0	0.0	0.0	0.0	0.0	0.0	0.0	0.0	4.3363930922992594e-05	0.0	0.0	0.0	0.0	0.0	0.0	0.0	0.0	0.0	0.0	0.0	0.0
Sob-APnd_046-Ex1-10D-lcwgs-1-T	92.86995827538249	6.346662030598053	0.702712100139082	0.07267037552155772	0.00521557719054242	0.0024339360222531293	0.0	0.0003477051460361613	0.0	0.0	0.0	0.0	0.0	0.0	0.0	0.0	0.0	0.0	0.0	0.0	0.0	0.0	0.0	0.0	0.0	0.0	0.0	0.0	0.0	0.0	0.0
Sob-APnd_047-Ex1-11D-lcwgs-1-T	91.53490272380056	7.53578682455456	0.8370491797788744	0.08054023914255622	0.009376826178759144	0.0008372166231034951	0.000502329973862097	0.000334886649241398	0.0	0.0	0.0	0.000167443324620699	0.000167443324620699	0.0	0.000167443324620699	0.0	0.0	0.0	0.0	0.0	0.000167443324620699	0.0	0.0	0.0	0.0	0.0	0.0	0.0	0.0	0.0	0.0
Sob-APnd_048-Ex1-12D-lcwgs-1-T	93.90137973283106	5.396410317365982	0.6190053854382869	0.06400351104974901	0.014629373954228345	0.0018286717442785431	0.0018286717442785431	0.0	0.0	0.0	0.0	0.0	0.0	0.0	0.0	0.0	0.0	0.0	0.0	0.0	0.0	0.0009143358721392716	0.0	0.0	0.0	0.0	0.0	0.0	0.0	0.0	0.0
Sob-APnd_049-Ex1-1E-lcwgs-1-T	91.26497882692134	7.766965992932297	0.8749536995324905	0.08659438788279224	0.005506001541680432	0.000500545594698221	0.0	0.0	0.0	0.0	0.000500545594698221	0.0	0.0	0.0	0.0	0.0	0.0	0.0	0.0	0.0	0.0	0.0	0.0	0.0	0.0	0.0	0.0	0.0	0.0	0.0	0.0
Sob-APnd_050-Ex1-2E-lcwgs-1-T	93.31360946745562	5.9442800788954635	0.680473372781065	0.0616370808678501	0.0	0.0	0.0	0.0	0.0	0.0	0.0	0.0	0.0	0.0	0.0	0.0	0.0	0.0	0.0	0.0	0.0	0.0	0.0	0.0	0.0	0.0	0.0	0.0	0.0	0.0	0.0
Sob-APnd_051-Ex1-3E-lcwgs-1-T	91.91970907698934	7.1079955978754965	0.854586343844203	0.104789702856596	0.011483803052777644	0.0009569835877314704	0.0	0.0	0.0	0.0	0.0	0.0	0.0004784917938657352	0.0	0.0	0.0	0.0	0.0	0.0	0.0	0.0	0.0	0.0	0.0	0.0	0.0	0.0	0.0	0.0	0.0	0.0
Sob-APnd_052-Ex1-4E-lcwgs-1-T	95.0399759392466	4.368530539612522	0.5112910097997444	0.07268352590290483	0.005012656958821023	0.0025063284794105117	0.0	0.0	0.0	0.0	0.0	0.0	0.0	0.0	0.0	0.0	0.0	0.0	0.0	0.0	0.0	0.0	0.0	0.0	0.0	0.0	0.0	0.0	0.0	0.0	0.0
Sob-APnd_053-Ex1-5E-lcwgs-1-T	95.0645728490875	4.3230461407870004	0.5517492269447645	0.05456860486266901	0.006063178318074334	0.0	0.0	0.0	0.0	0.0	0.0	0.0	0.0	0.0	0.0	0.0	0.0	0.0	0.0	0.0	0.0	0.0	0.0	0.0	0.0	0.0	0.0	0.0	0.0	0.0	0.0
Sob-APnd_054-Ex1-6E-lcwgs-1-T	88.86421409113115	9.856505286865225	1.1381871475768188	0.12486441281433457	0.012917008222172543	0.0021528347036954237	0.0004968080085450977	0.00016560266951503257	0.00016560266951503257	0.0	0.0	0.0	0.0	0.00016560266951503257	0.00016560266951503257	0.0	0.0	0.0	0.0	0.0	0.0	0.0	0.0	0.0	0.0	0.0	0.0	0.0	0.0	0.0	0.0
Sob-APnd_055-Ex1-7E-lcwgs-1-T	90.42210633159497	8.504690070351055	0.9629519442791642	0.09975149627244409	0.00875013125196878	0.0017500262503937559	0.0	0.0	0.0	0.0	0.0	0.0	0.0	0.0	0.0	0.0	0.0	0.0	0.0	0.0	0.0	0.0	0.0	0.0	0.0	0.0	0.0	0.0	0.0	0.0	0.0
Sob-APnd_056-Ex1-8E-lcwgs-1-T	88.82042847477268	9.84991188219265	1.1780920622166813	0.1361539285314132	0.013185172437913624	0.0018880176495604012	0.00024760887207349525	3.0951109009186906e-05	0.0	3.0951109009186906e-05	0.0	0.0	0.0	0.0	0.0	3.0951109009186906e-05	0.0	0.0	0.0	0.0	0.0	0.0	0.0	0.0	0.0	0.0	0.0	0.0	0.0	0.0	0.0
Sob-APnd_057-Ex1-9E-lcwgs-1-T	96.66683126759172	3.0517011505604663	0.2518394153375142	0.024690138758579824	0.004938027751715965	0.0	0.0	0.0	0.0	0.0	0.0	0.0	0.0	0.0	0.0	0.0	0.0	0.0	0.0	0.0	0.0	0.0	0.0	0.0	0.0	0.0	0.0	0.0	0.0	0.0	0.0
Sob-APnd_058-Ex1-10E-lcwgs-1-T	90.59418898874443	8.398668777344286	0.905347742447472	0.08766790897495025	0.011633656167291976	0.0020774386013021383	0.00041548772026042777	0.0	0.0	0.0	0.0	0.0	0.0	0.0	0.0	0.0	0.0	0.0	0.0	0.0	0.0	0.0	0.0	0.0	0.0	0.0	0.0	0.0	0.0	0.0	0.0
Sob-APnd_059-Ex1-11E-lcwgs-1-T	93.76405586250937	5.583474470388983	0.5941638670627759	0.049976400033317596	0.008329400005552934	0.0	0.0	0.0	0.0	0.0	0.0	0.0	0.0	0.0	0.0	0.0	0.0	0.0	0.0	0.0	0.0	0.0	0.0	0.0	0.0	0.0	0.0	0.0	0.0	0.0	0.0
Sob-APnd_060-Ex1-12E-lcwgs-1-T	90.51700103036548	8.325353051700104	1.0243045033032305	0.12243166252500153	0.00848536274925753	0.0012121946784653616	0.0	0.0	0.0012121946784653616	0.0	0.0	0.0	0.0	0.0	0.0	0.0	0.0	0.0	0.0	0.0	0.0	0.0	0.0	0.0	0.0	0.0	0.0	0.0	0.0	0.0	0.0
Sob-APnd_061-Ex1-1F-lcwgs-1-T	91.02060520945338	7.907075406142796	0.958943187553488	0.1013071178307842	0.008411782346960422	0.00292583733807319	0.0003657296672591487	0.0	0.0	0.0003657296672591487	0.0	0.0	0.0	0.0	0.0	0.0	0.0	0.0	0.0	0.0	0.0	0.0	0.0	0.0	0.0	0.0	0.0	0.0	0.0	0.0	0.0
Sob-APnd_062-Ex1-2F-lcwgs-1-T	90.689956996613	8.212505232713019	0.9681470487498572	0.1096015526886631	0.013700194086082888	0.003805609468356357	0.0015222437873425429	0.0	0.0	0.0	0.0007611218936712714	0.0	0.0	0.0	0.0	0.0	0.0	0.0	0.0	0.0	0.0	0.0	0.0	0.0	0.0	0.0	0.0	0.0	0.0	0.0	0.0
Sob-APnd_063-Ex1-3F-lcwgs-1-T	96.43293826113891	3.1670986919686768	0.3494242379780129	0.04673481254449317	0.003803996369900607	0.0	0.0	0.0	0.0	0.0	0.0	0.0	0.0	0.0	0.0	0.0	0.0	0.0	0.0	0.0	0.0	0.0	0.0	0.0	0.0	0.0	0.0	0.0	0.0	0.0	0.0
Sob-APnd_064-Ex1-4F-lcwgs-1-T	94.88003212528862	4.51008934845899	0.5345848810360406	0.0665093866077703	0.007529364521634375	0.0	0.0	0.0	0.0	0.0	0.0	0.0012548940869390624	0.0	0.0	0.0	0.0	0.0	0.0	0.0	0.0	0.0	0.0	0.0	0.0	0.0	0.0	0.0	0.0	0.0	0.0	0.0
Sob-APnd_065-Ex1-5F-lcwgs-1-T	85.99436366455605	11.954927183242479	1.761586137409685	0.248683440608543	0.03456905611640982	0.005009083350508853	0.0006859572741142696	6.380997898737393e-05	3.1904989493686963e-05	4.785748424053044e-05	0.0	0.0	0.0	0.0	0.0	0.0	1.5952494746843482e-05	0.0	0.0	0.0	0.0	0.0	0.0	0.0	1.5952494746843482e-05	0.0	0.0	0.0	0.0	0.0	0.0
Sob-APnd_066-Ex1-6F-lcwgs-1-T	98.25941627262351	1.573455079080385	0.15082341431599544	0.014267079732594164	0.002038154247513452	0.0	0.0	0.0	0.0	0.0	0.0	0.0	0.0	0.0	0.0	0.0	0.0	0.0	0.0	0.0	0.0	0.0	0.0	0.0	0.0	0.0	0.0	0.0	0.0	0.0	0.0
Sob-APnd_067-Ex1-7F-lcwgs-1-T	90.48207092663299	8.412404390176286	0.9870756099917253	0.10416797926721187	0.011760900885007792	0.001260096523393692	0.0008400643489291281	0.0	0.00042003217446456403	0.0	0.0	0.0	0.0	0.0	0.0	0.0	0.0	0.0	0.0	0.0	0.0	0.0	0.0	0.0	0.0	0.0	0.0	0.0	0.0	0.0	0.0
Sob-APnd_068-Ex1-8F-lcwgs-1-T	91.10530096622422	7.817161643551926	0.9578110135323165	0.10484147580556435	0.01164905286728493	0.0019415088112141549	0.0	0.0	0.0006471696037380516	0.0	0.0	0.0	0.0	0.0	0.0	0.0	0.0	0.0	0.0	0.0	0.0	0.0	0.0	0.0	0.0	0.0	0.0	0.0	0.0	0.0	0.0006471696037380516
Sob-APnd_069-Ex1-9F-lcwgs-1-T	93.35364347468094	5.890489913544669	0.6801152737752161	0.06422396047756279	0.009880609304240428	0.0	0.0	0.0	0.0016467682173734045	0.0	0.0	0.0	0.0	0.0	0.0	0.0	0.0	0.0	0.0	0.0	0.0	0.0	0.0	0.0	0.0	0.0	0.0	0.0	0.0	0.0	0.0
Sob-APnd_070-Ex1-10F-lcwgs-1-T	90.87155416386899	8.124894107016233	0.9023651001826066	0.09067576980277235	0.008628317195765536	0.0014119064502161785	0.0001568784944684643	0.0	0.0	0.0	0.0	0.0	0.0	0.0	0.0001568784944684643	0.0	0.0	0.0001568784944684643	0.0	0.0	0.0	0.0	0.0	0.0	0.0	0.0	0.0	0.0	0.0	0.0	0.0
Sob-APnd_071-Ex1-11F-lcwgs-1-T	98.2687420584498	1.5438373570520965	0.16836086404066072	0.012706480304955527	0.0063532401524777635	0.0	0.0	0.0	0.0	0.0	0.0	0.0	0.0	0.0	0.0	0.0	0.0	0.0	0.0	0.0	0.0	0.0	0.0	0.0	0.0	0.0	0.0	0.0	0.0	0.0	0.0
Sob-APnd_072-Ex1-12F-lcwgs-1-T	89.5052626664895	9.24828797253574	1.1046033518750604	0.12539905412053678	0.014220511292019638	0.001651877574325513	0.00021546229230332781	0.0	7.182076410110926e-05	7.182076410110926e-05	0.0	0.0	0.0	0.0	0.0	7.182076410110926e-05	7.182076410110926e-05	7.182076410110926e-05	0.0	0.0	0.0	0.0	0.0	0.0	0.0	0.0	0.0	0.0	0.0	0.0	0.0
Sob-APnd_073-Ex1-1G-lcwgs-1-T	90.17283742315114	8.706900491059345	0.9958275773585437	0.11213166155219746	0.009842277503014198	0.0021090594649316135	0.0	0.0	0.0003515099108219356	0.0	0.0	0.0	0.0	0.0	0.0	0.0	0.0	0.0	0.0	0.0	0.0	0.0	0.0	0.0	0.0	0.0	0.0	0.0	0.0	0.0	0.0
Sob-APnd_074-Ex1-2G-lcwgs-1-T	92.94133404768283	6.224886150549156	0.7031877846236271	0.11384945084382533	0.013394053040450042	0.0	0.0	0.0	0.0	0.0	0.0	0.0033485132601125105	0.0	0.0	0.0	0.0	0.0	0.0	0.0	0.0	0.0	0.0	0.0	0.0	0.0	0.0	0.0	0.0	0.0	0.0	0.0
Sob-APnd_075-Ex1-3G-lcwgs-1-T	94.21090696332654	5.134935274949415	0.5891482947204186	0.056883283628178356	0.006500946700363241	0.0016252366750908102	0.0	0.0	0.0	0.0	0.0	0.0	0.0	0.0	0.0	0.0	0.0	0.0	0.0	0.0	0.0	0.0	0.0	0.0	0.0	0.0	0.0	0.0	0.0	0.0	0.0
Sob-APnd_076-Ex1-4G-lcwgs-1-T	93.91156630065488	5.416317888620808	0.5834851543650598	0.08370673100595795	0.002461962676645822	0.0	0.0	0.0	0.0	0.0	0.0	0.0	0.0	0.0	0.0	0.002461962676645822	0.0	0.0	0.0	0.0	0.0	0.0	0.0	0.0	0.0	0.0	0.0	0.0	0.0	0.0	0.0
Sob-APnd_077-Ex1-6G-lcwgs-1-T	91.97606806614952	7.240446004221759	0.7070798637640995	0.06475090327510069	0.011655162589518124	0.0	0.0	0.0	0.0	0.0	0.0	0.0	0.0	0.0	0.0	0.0	0.0	0.0	0.0	0.0	0.0	0.0	0.0	0.0	0.0	0.0	0.0	0.0	0.0	0.0	0.0
Sob-APnd_078-Ex1-5G-lcwgs-1-T	92.45978983487025	6.626635213381943	0.7634570019300879	0.1415397812567017	0.008578168561012223	0.0	0.0	0.0	0.0	0.0	0.0	0.0	0.0	0.0	0.0	0.0	0.0	0.0	0.0	0.0	0.0	0.0	0.0	0.0	0.0	0.0	0.0	0.0	0.0	0.0	0.0
Sob-APnd_079-Ex1-7G-lcwgs-1-T	89.9711072869853	8.902808891000445	1.0098638506859947	0.10282325449066235	0.011117893870380549	0.001588270552911507	0.00020716572429280527	6.90552414309351e-05	6.90552414309351e-05	0.0001381104828618702	0.0	0.0	0.0	0.0	0.0	0.0	0.0	6.90552414309351e-05	0.0	6.90552414309351e-05	0.0	0.0	0.0	0.0	0.0	0.0	0.0	6.90552414309351e-05	0.0	0.0	0.0
Sob-APnd_080-Ex1-8G-lcwgs-1-T	88.23959636917164	10.311671415976834	1.280332572783316	0.1499087009783689	0.0161795734536125	0.0019811722596260206	0.0003301953766043368	0.0	0.0	0.0	0.0	0.0	0.0	0.0	0.0	0.0	0.0	0.0	0.0	0.0	0.0	0.0	0.0	0.0	0.0	0.0	0.0	0.0	0.0	0.0	0.0
Sob-APnd_081-Ex1-9G-lcwgs-1-T	89.35735699482908	9.320235005331885	1.1589304038148125	0.14235126053801733	0.019114303535140136	0.0015090239633005372	0.0005030079877668457	0.0	0.0	0.0	0.0	0.0	0.0	0.0	0.0	0.0	0.0	0.0	0.0	0.0	0.0	0.0	0.0	0.0	0.0	0.0	0.0	0.0	0.0	0.0	0.0
Sob-APnd_082-Ex1-10G-lcwgs-1-T	90.06992666376448	8.823789069278236	0.9951687585810092	0.0998517445134815	0.008828355460033426	0.0012177042013839208	0.0006088521006919604	0.0003044260503459802	0.0	0.0	0.0003044260503459802	0.0	0.0	0.0	0.0	0.0	0.0	0.0	0.0	0.0	0.0	0.0	0.0	0.0	0.0	0.0	0.0	0.0	0.0	0.0	0.0
Sob-APnd_083-Ex1-11G-lcwgs-1-T	88.91253196427627	9.799057092287123	1.1481924732201172	0.12533563258824845	0.012053868492294749	0.0014759838970156837	0.0004919946323385611	0.00012299865808464028	0.00024599731616928056	0.00012299865808464028	0.00012299865808464028	0.00012299865808464028	0.00012299865808464028	0.0	0.0	0.0	0.0	0.0	0.0	0.0	0.0	0.0	0.0	0.0	0.0	0.0	0.0	0.0	0.0	0.0	0.0
Sob-APnd_084-Ex1-12G-lcwgs-1-T	89.53481632402146	9.22744557342209	1.095996276422907	0.12646110881802775	0.012821751310716702	0.0008782021445696371	0.0001756404289139274	0.0003512808578278548	0.0001756404289139274	0.0003512808578278548	0.0	0.0	0.0	0.0	0.0001756404289139274	0.0001756404289139274	0.0	0.0	0.0	0.0	0.0	0.0	0.0	0.0	0.0	0.0	0.0	0.0	0.0	0.0	0.0001756404289139274
Sob-APnd_085-Ex1-1H-lcwgs-1-T	93.99591790452432	5.318063272479874	0.5943606606947122	0.07937407869372945	0.008504365574328156	0.000944929508258684	0.0	0.001889859016517368	0.0	0.000944929508258684	0.0	0.0	0.0	0.0	0.0	0.0	0.0	0.0	0.0	0.0	0.0	0.0	0.0	0.0	0.0	0.0	0.0	0.0	0.0	0.0	0.0
Sob-APnd_086-Ex1-2H-lcwgs-1-T	89.89448300760894	8.911383437442524	1.059257089529363	0.11103466597638982	0.020435828093814074	0.003405971348969013	0.0	0.0	0.0	0.0	0.0	0.0	0.0	0.0	0.0	0.0	0.0	0.0	0.0	0.0	0.0	0.0	0.0	0.0	0.0	0.0	0.0	0.0	0.0	0.0	0.0
Sob-APnd_087-Ex1-3H-lcwgs-1-T	90.57214842729302	8.2591987956284	1.034167811347079	0.12058099422985183	0.01150673503585067	0.0014383418794813338	0.00023972364658022234	0.00023972364658022234	0.0	0.0	0.00023972364658022234	0.00023972364658022234	0.0	0.0	0.0	0.0	0.0	0.0	0.0	0.0	0.0	0.0	0.0	0.0	0.0	0.0	0.0	0.0	0.0	0.0	0.0
Sob-APnd_088-Ex1-4H-lcwgs-1-T	86.66648895493842	11.460907029554015	1.61926483990117	0.21868538859723805	0.02918915136540919	0.00436504432519247	0.000833023726181769	9.99628471418123e-05	3.332094904727076e-05	3.332094904727076e-05	0.0	0.0	3.332094904727076e-05	0.0	0.0	0.0	0.0	0.0	0.0	0.0	0.0	0.0	0.0	0.0	0.0	0.0	0.0	0.0	0.0	3.332094904727076e-05	3.332094904727076e-05
Sob-APnd_089-Ex1-6H-lcwgs-1-T	92.36182353090796	6.769142072286705	0.7647502691887034	0.08987087420621126	0.0127175765386148	0.001695676871815307	0.0	0.0	0.0	0.0	0.0	0.0	0.0	0.0	0.0	0.0	0.0	0.0	0.0	0.0	0.0	0.0	0.0	0.0	0.0	0.0	0.0	0.0	0.0	0.0	0.0
Sob-APnd_090-Ex1-5H-lcwgs-1-T	88.85758754863812	9.817380025940336	1.1802853437094682	0.12140077821011673	0.021271076523994813	0.0020752269779507134	0.0	0.0	0.0	0.0	0.0	0.0	0.0	0.0	0.0	0.0	0.0	0.0	0.0	0.0	0.0	0.0	0.0	0.0	0.0	0.0	0.0	0.0	0.0	0.0	0.0
Sob-APnd_091-Ex1-7H-lcwgs-1-T	89.93882641962749	8.916976006753172	1.0243395634246384	0.1056536184673326	0.010957673618250884	0.0020291988181946083	0.0006763996060648694	0.0	0.0	0.0	0.00027055984242594776	0.0	0.00013527992121297388	0.0	0.0	0.0	0.00013527992121297388	0.0	0.0	0.0	0.0	0.0	0.0	0.0	0.0	0.0	0.0	0.0	0.0	0.0	0.0
Sob-APnd_092-Ex1-8H-lcwgs-1-T	88.49846666153063	10.111064988944095	1.2330524991634768	0.13982299053320163	0.015063167565665636	0.0017247901792746911	0.0004599440478065843	0.00011498601195164608	0.0	5.749300597582304e-05	0.0	0.0	5.749300597582304e-05	0.0	0.0	0.0	0.0	0.0	0.0	0.0	0.0	0.0	0.0	0.0	0.0	0.0	0.0	0.0	0.0	5.749300597582304e-05	5.749300597582304e-05
Sob-APnd_093-Ex1-9H-lcwgs-1-T	88.80234145985159	9.870629663931577	1.1802596536999597	0.12953582236130678	0.014494316687124198	0.0019972483623990037	0.00017119271677705744	0.00022825695570274324	5.706423892568581e-05	5.706423892568581e-05	5.706423892568581e-05	0.0	0.0	5.706423892568581e-05	0.0	0.0	0.0	0.0	0.0	0.0	0.0	5.706423892568581e-05	0.0	0.0	0.0	0.0	0.0	0.0	0.0	0.0	5.706423892568581e-05
Sob-APnd_094-Ex1-10H-lcwgs-1-T	90.27704606557879	8.610147139297988	0.986027035019085	0.11114472266502613	0.012915900493183464	0.0013595684729666804	0.0	0.0003398921182416701	0.0003398921182416701	0.0	0.0	0.0	0.0006797842364833402	0.0	0.0	0.0	0.0	0.0	0.0	0.0	0.0	0.0	0.0	0.0	0.0	0.0	0.0	0.0	0.0	0.0	0.0
Sob-APnd_095-Ex1-11H-lcwgs-1-T	90.62426959607335	8.28676454964622	0.9742260374391772	0.09880373116885877	0.013811274249410366	0.00212481142298621	0.0	0.0	0.0	0.0	0.0	0.0	0.0	0.0	0.0	0.0	0.0	0.0	0.0	0.0	0.0	0.0	0.0	0.0	0.0	0.0	0.0	0.0	0.0	0.0	0.0
Sob-APnd_096-Ex1-12H-lcwgs-1-T	88.96551843373744	9.733296910767018	1.1549180838041757	0.13087919003589235	0.011929543081210798	0.0027662708594111993	0.0	0.0	0.00017289192871319995	0.0	0.0	0.00017289192871319995	0.00017289192871319995	0.0	0.00017289192871319995	0.0	0.0	0.0	0.0	0.0	0.0	0.0	0.0	0.0	0.0	0.0	0.0	0.0	0.0	0.0	0.0
Sob-CPnd_001-Ex1-12B-lcwgs-1-T	87.67047718287412	10.778755095160747	1.3822060130558704	0.15119474496102647	0.013280619489819893	0.004086344458406122	0.0	0.0	0.0	0.0	0.0	0.0	0.0	0.0	0.0	0.0	0.0	0.0	0.0	0.0	0.0	0.0	0.0	0.0	0.0	0.0	0.0	0.0	0.0	0.0	0.0
Sob-CPnd_002-Ex1-12E-lcwgs-1-T	88.75114748181683	9.886781794073109	1.2082885455815084	0.13573631064000063	0.01490745608184978	0.003138411806705217	0.0	0.0	0.0	0.0	0.0	0.0	0.0	0.0	0.0	0.0	0.0	0.0	0.0	0.0	0.0	0.0	0.0	0.0	0.0	0.0	0.0	0.0	0.0	0.0	0.0
Sob-CPnd_003-Ex1-2D-lcwgs-1-T	90.4447794151862	8.546172144566352	0.9118943911515082	0.08784756543797581	0.007473388391994732	0.001269065953357596	0.000282014656301688	0.0	0.0	0.0	0.000141007328150844	0.0	0.0	0.000141007328150844	0.0	0.0	0.0	0.0	0.0	0.0	0.0	0.0	0.0	0.0	0.0	0.0	0.0	0.0	0.0	0.0	0.0
Sob-CPnd_004-Ex1-12D-lcwgs-1-T	88.8579393162711	9.844014154006345	1.156377741480564	0.12700846437040703	0.012800965722017374	0.0016448168246167576	0.00014302754996667458	0.0	0.0	0.0	0.0	0.0	7.151377498333729e-05	0.0	0.0	0.0	0.0	0.0	0.0	0.0	0.0	0.0	0.0	0.0	0.0	0.0	0.0	0.0	0.0	0.0	0.0
Sob-CPnd_005-Ex1-10D-lcwgs-1-T	91.49336482456316	7.696002882248154	0.7525870178739417	0.052040591661495966	0.00400312243549969	0.002001561217749845	0.0	0.0	0.0	0.0	0.0	0.0	0.0	0.0	0.0	0.0	0.0	0.0	0.0	0.0	0.0	0.0	0.0	0.0	0.0	0.0	0.0	0.0	0.0	0.0	0.0
Sob-CPnd_006-Ex1-9H-lcwgs-1-T	92.83183947124415	6.37407574712917	0.7108723045101162	0.07845747842419343	0.00475499869237536	0.0	0.0	0.0	0.0	0.0	0.0	0.0	0.0	0.0	0.0	0.0	0.0	0.0	0.0	0.0	0.0	0.0	0.0	0.0	0.0	0.0	0.0	0.0	0.0	0.0	0.0
Sob-CPnd_009-Ex1-11E-lcwgs-1-T	90.12359142130134	8.742275536168666	1.0305343511450382	0.0945110868774991	0.0054525627044711015	0.003635041802980734	0.0	0.0	0.0	0.0	0.0	0.0	0.0	0.0	0.0	0.0	0.0	0.0	0.0	0.0	0.0	0.0	0.0	0.0	0.0	0.0	0.0	0.0	0.0	0.0	0.0
Sob-CPnd_010-Ex1-12A-lcwgs-1-T	89.49242477134679	9.27180060043287	1.0402848565244711	0.174544439014173	0.020945332681700762	0.0	0.0	0.0	0.0	0.0	0.0	0.0	0.0	0.0	0.0	0.0	0.0	0.0	0.0	0.0	0.0	0.0	0.0	0.0	0.0	0.0	0.0	0.0	0.0	0.0	0.0
Sob-CPnd_011-Ex1-4A-lcwgs-1-T	89.59307957803729	9.234044555652375	1.0579087175442954	0.10174227561933785	0.011926726089348217	0.0010547444840920191	0.0	0.0	0.0	0.0	0.0	0.0	8.113419108400147e-05	0.0	8.113419108400147e-05	0.0	0.0	0.0	8.113419108400147e-05	0.0	0.0	0.0	0.0	0.0	0.0	0.0	0.0	0.0	0.0	0.0	0.0
Sob-CPnd_012-Ex1-1C-lcwgs-1-T	92.3976143141153	6.858846918489066	0.6520874751491054	0.0874751491053678	0.003976143141153081	0.0	0.0	0.0	0.0	0.0	0.0	0.0	0.0	0.0	0.0	0.0	0.0	0.0	0.0	0.0	0.0	0.0	0.0	0.0	0.0	0.0	0.0	0.0	0.0	0.0	0.0
Sob-CPnd_013-Ex1-1D-lcwgs-1-T	91.8201721274347	7.294025869444864	0.7918533058197863	0.08304393779254114	0.008388276544701126	0.0020970691361752816	0.0	0.0	0.0	0.0	0.0	0.0	0.0	0.0	0.0	0.00041941382723505627	0.0	0.0	0.0	0.0	0.0	0.0	0.0	0.0	0.0	0.0	0.0	0.0	0.0	0.0	0.0
Sob-CPnd_014-Ex1-9B-lcwgs-1-T	89.46387944223802	9.362886156626793	1.058289138861804	0.10622527685953688	0.007927259467129619	0.0007927259467129618	0.0	0.0	0.0	0.0	0.0	0.0	0.0	0.0	0.0	0.0	0.0	0.0	0.0	0.0	0.0	0.0	0.0	0.0	0.0	0.0	0.0	0.0	0.0	0.0	0.0
Sob-CPnd_015-Ex1-1E-lcwgs-1-T	91.10072508133518	7.9577631207568365	0.8508539665520953	0.08419090605249814	0.006043855423725638	0.00042306987966079466	0.0	0.0	0.0	0.0	0.0	0.0	0.0	0.0	0.0	0.0	0.0	0.0	0.0	0.0	0.0	0.0	0.0	0.0	0.0	0.0	0.0	0.0	0.0	0.0	0.0
Sob-CPnd_017-Ex1-10A-lcwgs-1-T	89.45629023966315	9.340089924681958	1.0877459260528612	0.09792161374819458	0.015504255510130805	0.0024480403437048643	0.0	0.0	0.0	0.0	0.0	0.0	0.0	0.0	0.0	0.0	0.0	0.0	0.0	0.0	0.0	0.0	0.0	0.0	0.0	0.0	0.0	0.0	0.0	0.0	0.0
Sob-CPnd_018-Ex1-10H-lcwgs-1-T	90.25973414981856	8.745965270950212	0.9025500949035938	0.08352236976105835	0.007287186623448044	0.0008007897388404444	6.0059230413033334e-05	0.0	2.001974347101111e-05	0.0	0.0	0.0	4.003948694202222e-05	2.001974347101111e-05	0.0	0.0	0.0	0.0	0.0	0.0	0.0	0.0	0.0	0.0	0.0	0.0	0.0	0.0	0.0	0.0	0.0
Sob-CPnd_019-Ex1-11C-lcwgs-1-T	89.86877901837437	9.074759056307446	0.9569090550201251	0.08753786871036122	0.010298572789454261	0.0008582143991211885	0.0	0.0	0.0	0.0	0.0	0.0	0.0008582143991211885	0.0	0.0	0.0	0.0	0.0	0.0	0.0	0.0	0.0	0.0	0.0	0.0	0.0	0.0	0.0	0.0	0.0	0.0
Sob-CPnd_021-Ex1-12G-lcwgs-1-T	89.2155043186523	9.576700692412022	1.0636019701620387	0.12706117495895494	0.01427653651224213	0.0	0.0	0.0	0.0028553073024484257	0.0	0.0	0.0	0.0	0.0	0.0	0.0	0.0	0.0	0.0	0.0	0.0	0.0	0.0	0.0	0.0	0.0	0.0	0.0	0.0	0.0	0.0
Sob-CPnd_022-Ex1-11H-lcwgs-1-T	91.3873422326418	7.724411119756668	0.7983104113824918	0.07983104113824918	0.010105195080791034	0.0	0.0	0.0	0.0	0.0	0.0	0.0	0.0	0.0	0.0	0.0	0.0	0.0	0.0	0.0	0.0	0.0	0.0	0.0	0.0	0.0	0.0	0.0	0.0	0.0	0.0
Sob-CPnd_023-Ex1-9E-lcwgs-1-T	90.54928114212942	8.428566640973223	0.9283152920674286	0.08043164985421764	0.013405274975702939	0.0	0.0	0.0	0.0	0.0	0.0	0.0	0.0	0.0	0.0	0.0	0.0	0.0	0.0	0.0	0.0	0.0	0.0	0.0	0.0	0.0	0.0	0.0	0.0	0.0	0.0
Sob-CPnd_024-Ex1-12C-lcwgs-1-T	88.50546016070719	10.07887412503352	1.2640202687083322	0.13592610058531443	0.013870010263807594	0.0018493347018410126	0.0	0.0	0.0	0.0	0.0	0.0	0.0	0.0	0.0	0.0	0.0	0.0	0.0	0.0	0.0	0.0	0.0	0.0	0.0	0.0	0.0	0.0	0.0	0.0	0.0
Sob-CPnd_025-Ex1-10B-lcwgs-1-T	89.04104122365443	9.725840749334411	1.1076968684617094	0.10774817711747971	0.01482250055584377	0.002280384700899042	0.0005700961752247605	0.0	0.0	0.0	0.0	0.0	0.0	0.0	0.0	0.0	0.0	0.0	0.0	0.0	0.0	0.0	0.0	0.0	0.0	0.0	0.0	0.0	0.0	0.0	0.0
Sob-CPnd_026-Ex1-12F-lcwgs-1-T	89.24473584667759	9.544824107930904	1.0717437901903921	0.13869625520110956	0.0	0.0	0.0	0.0	0.0	0.0	0.0	0.0	0.0	0.0	0.0	0.0	0.0	0.0	0.0	0.0	0.0	0.0	0.0	0.0	0.0	0.0	0.0	0.0	0.0	0.0	0.0
Sob-CPnd_027-Ex1-10F-lcwgs-1-T	91.11111111111111	8.1053307642903	0.6165703275529866	0.14129736673089274	0.02569043031470777	0.0	0.0	0.0	0.0	0.0	0.0	0.0	0.0	0.0	0.0	0.0	0.0	0.0	0.0	0.0	0.0	0.0	0.0	0.0	0.0	0.0	0.0	0.0	0.0	0.0	0.0
Sob-CPnd_028-Ex1-2B-lcwgs-1-T	89.99955737242654	8.933864940398495	0.9616161416061562	0.09462325119548136	0.008914457423715614	0.001145260155130131	9.285893149703765e-05	3.0952977165679215e-05	0.0	3.0952977165679215e-05	3.0952977165679215e-05	0.0	3.0952977165679215e-05	0.0	3.0952977165679215e-05	0.0	0.0	0.0	0.0	3.0952977165679215e-05	0.0	0.0	0.0	0.0	0.0	0.0	0.0	0.0	0.0	0.0	0.0
Sob-CPnd_029-Ex1-10E-lcwgs-1-T	90.95178871462483	8.13965307965057	0.8221569811591516	0.07623637461657588	0.008072086724108035	0.0011958646998678569	0.0002989661749669642	0.0002989661749669642	0.0	0.0	0.0	0.0	0.0	0.0	0.0	0.0002989661749669642	0.0	0.0	0.0	0.0	0.0	0.0	0.0	0.0	0.0	0.0	0.0	0.0	0.0	0.0	0.0
Sob-CPnd_030-Ex1-10G-lcwgs-1-T	90.9226819201144	8.180311352335142	0.8092560694205206	0.08125060937957035	0.006500048750365628	0.0	0.0	0.0	0.0	0.0	0.0	0.0	0.0	0.0	0.0	0.0	0.0	0.0	0.0	0.0	0.0	0.0	0.0	0.0	0.0	0.0	0.0	0.0	0.0	0.0	0.0
Sob-CPnd_031-Ex1-11B-lcwgs-1-T	90.66698873758266	8.258099580301339	0.9662127479694435	0.0815242006099218	0.009058244512213532	0.003019414837404511	0.006038829674809022	0.0	0.0	0.0	0.0	0.003019414837404511	0.003019414837404511	0.0	0.0	0.0	0.0	0.0	0.0	0.0	0.0	0.0	0.0	0.0	0.0	0.0	0.003019414837404511	0.0	0.0	0.0	0.0
Sob-CPnd_032-Ex1-2C-lcwgs-1-T	91.01459724752074	8.065168994130744	0.8253642987249544	0.07779295689131754	0.01201679821898401	0.0012649261283141065	0.0006324630641570533	0.0006324630641570533	0.0006324630641570533	0.0	0.0006324630641570533	0.0	0.0006324630641570533	0.0006324630641570533	0.0	0.0	0.0	0.0	0.0	0.0	0.0	0.0	0.0	0.0	0.0	0.0	0.0	0.0	0.0	0.0	0.0
Sob-CPnd_033-Ex1-11G-lcwgs-1-T	90.18637098259038	8.807102964341972	0.9349235899429227	0.06546510914261165	0.006137353982119843	0.0	0.0	0.0	0.0	0.0	0.0	0.0	0.0	0.0	0.0	0.0	0.0	0.0	0.0	0.0	0.0	0.0	0.0	0.0	0.0	0.0	0.0	0.0	0.0	0.0	0.0
Sob-CPnd_034-Ex1-9A-lcwgs-1-T	89.56265133171912	9.297820823244551	1.023002421307506	0.10290556900726393	0.013619854721549637	0.0	0.0	0.0	0.0	0.0	0.0	0.0	0.0	0.0	0.0	0.0	0.0	0.0	0.0	0.0	0.0	0.0	0.0	0.0	0.0	0.0	0.0	0.0	0.0	0.0	0.0
Sob-CPnd_035-Ex1-9F-lcwgs-1-T	90.26161344872177	8.674027653436784	0.9682018634570112	0.0729467157399118	0.01989455883815776	0.0033157598063596272	0.0	0.0	0.0	0.0	0.0	0.0	0.0	0.0	0.0	0.0	0.0	0.0	0.0	0.0	0.0	0.0	0.0	0.0	0.0	0.0	0.0	0.0	0.0	0.0	0.0
Sob-CPnd_036-Ex1-9D-lcwgs-1-T	90.92224231464738	8.077154912597951	0.8969258589511755	0.09885473176612417	0.004822182037371911	0.0	0.0	0.0	0.0	0.0	0.0	0.0	0.0	0.0	0.0	0.0	0.0	0.0	0.0	0.0	0.0	0.0	0.0	0.0	0.0	0.0	0.0	0.0	0.0	0.0	0.0
Sob-CPnd_037-Ex1-1A-lcwgs-1-T	89.53926682045403	9.304325483098086	1.0382701733726618	0.1064122632943429	0.010508487539462137	0.000979738687889703	0.00018962684281736186	0.0	1.5802236901446823e-05	0.0	0.0	0.0	0.0	0.0	0.0	0.0	0.0	1.5802236901446823e-05	0.0	0.0	0.0	0.0	0.0	0.0	0.0	0.0	0.0	0.0	0.0	0.0	1.5802236901446823e-05
Sob-CPnd_038-Ex1-1F-lcwgs-1-T	90.74052965538203	8.246418936889699	0.9114138075154831	0.0821649758729435	0.014723203769140164	0.0018997682282761502	0.00047494205706903755	0.00047494205706903755	0.00047494205706903755	0.00047494205706903755	0.0	0.0	0.0	0.0	0.0	0.0009498841141380751	0.0	0.0	0.0	0.0	0.0	0.0	0.0	0.0	0.0	0.0	0.0	0.0	0.0	0.0	0.0
Sob-CPnd_039-Ex1-1G-lcwgs-1-T	97.88100472089084	1.917186204908285	0.1891960070633176	0.01081120040361815	0.0018018667339363581	0.0	0.0	0.0	0.0	0.0	0.0	0.0	0.0	0.0	0.0	0.0	0.0	0.0	0.0	0.0	0.0	0.0	0.0	0.0	0.0	0.0	0.0	0.0	0.0	0.0	0.0
Sob-CPnd_040-Ex1-10C-lcwgs-1-T	91.42607623548751	7.710880509606493	0.7757114969690743	0.07192027124216582	0.010274324463166546	0.005137162231583273	0.0	0.0	0.0	0.0	0.0	0.0	0.0	0.0	0.0	0.0	0.0	0.0	0.0	0.0	0.0	0.0	0.0	0.0	0.0	0.0	0.0	0.0	0.0	0.0	0.0
Sob-CPnd_041-Ex1-1B-lcwgs-1-T	90.56030824040975	8.463802075772351	0.8836634973877787	0.08232041085058162	0.008881040174751545	0.0006831569365193496	0.0001707892341298374	0.0	0.0	0.0	0.0	0.0	0.0	0.0	0.0001707892341298374	0.0	0.0	0.0	0.0	0.0	0.0	0.0	0.0	0.0	0.0	0.0	0.0	0.0	0.0	0.0	0.0
Sob-CPnd_042-Ex1-1H-lcwgs-1-T	93.22385944334482	6.077267062532073	0.6276596116050702	0.06109034039537668	0.007679928506847354	0.00139635063760861	0.0003490876594021525	0.0	0.0	0.0003490876594021525	0.0003490876594021525	0.0	0.0	0.0	0.0	0.0	0.0	0.0	0.0	0.0	0.0	0.0	0.0	0.0	0.0	0.0	0.0	0.0	0.0	0.0	0.0
Sob-CPnd_043-Ex1-9G-lcwgs-1-T	90.10548804913874	8.7951217340989	1.0326256286998707	0.06231361552499221	0.0044509725374994435	0.0	0.0	0.0	0.0	0.0	0.0	0.0	0.0	0.0	0.0	0.0	0.0	0.0	0.0	0.0	0.0	0.0	0.0	0.0	0.0	0.0	0.0	0.0	0.0	0.0	0.0
Sob-CPnd_044-Ex1-11A-lcwgs-1-T	89.3671379009228	9.414458001935285	1.1003988577092823	0.10679474168653089	0.007670340563121003	0.0011800523943263082	0.0011800523943263082	0.0	0.0	0.0	0.0	0.0005900261971631541	0.0	0.0005900261971631541	0.0	0.0	0.0	0.0	0.0	0.0	0.0	0.0	0.0	0.0	0.0	0.0	0.0	0.0	0.0	0.0	0.0
Sob-CPnd_045-Ex1-12H-lcwgs-1-T	91.36769629037286	7.580542416069178	0.937910844255296	0.10300754936907876	0.010842899933587238	0.0	0.0	0.0	0.0	0.0	0.0	0.0	0.0	0.0	0.0	0.0	0.0	0.0	0.0	0.0	0.0	0.0	0.0	0.0	0.0	0.0	0.0	0.0	0.0	0.0	0.0
Sob-CPnd_046-Ex1-9C-lcwgs-1-T	89.29029520401963	9.481054286292927	1.1081000279677118	0.10608442391335796	0.010608442391335796	0.0038576154150311986	0.0	0.0	0.0	0.0	0.0	0.0	0.0	0.0	0.0	0.0	0.0	0.0	0.0	0.0	0.0	0.0	0.0	0.0	0.0	0.0	0.0	0.0	0.0	0.0	0.0
Sob-CPnd_047-Ex1-11D-lcwgs-1-T	90.05126069583667	8.845196664584511	0.9944773292880018	0.09915028208255251	0.007932022566604203	0.0009915028208255254	0.0	0.0	0.0	0.0	0.0009915028208255254	0.0	0.0	0.0	0.0	0.0	0.0	0.0	0.0	0.0	0.0	0.0	0.0	0.0	0.0	0.0	0.0	0.0	0.0	0.0	0.0
Sob-CPnd_049-Ex1-2A-lcwgs-1-T	89.85770762504302	9.01919508477632	1.0033670156295809	0.10716542444609953	0.011017006251468175	0.0009104963844188575	0.0001820992768837715	9.104963844188575e-05	9.104963844188575e-05	9.104963844188575e-05	0.0	9.104963844188575e-05	9.104963844188575e-05	0.0	0.0	0.0	0.0	0.0	0.0	0.0	0.0	0.0	0.0	0.0	0.0	0.0	0.0	0.0	0.0	0.0	0.0
Sob-CPnd_050-Ex1-11F-lcwgs-1-T	89.85115746538338	9.086192708146983	0.9678342695624172	0.08587069304805181	0.00715589108733765	0.0	0.0017889727718344126	0.0	0.0	0.0	0.0	0.0	0.0	0.0	0.0	0.0	0.0	0.0	0.0	0.0	0.0	0.0	0.0	0.0	0.0	0.0	0.0	0.0	0.0	0.0	0.0
Sob-CPnd_051-Ex1-4E-lcwgs-1-T	94.62543085268837	4.819732689538824	0.4988437877223345	0.050902427318605566	0.0029087101324917464	0.0014543550662458732	0.0	0.0	0.0	0.0	0.0007271775331229366	0.0	0.0	0.0	0.0	0.0	0.0	0.0	0.0	0.0	0.0	0.0	0.0	0.0	0.0	0.0	0.0	0.0	0.0	0.0	0.0
Sob-CPnd_052-Ex1-4H-lcwgs-1-T	97.84849421472055	1.9472404015427411	0.18679531802238855	0.016126214505529948	0.0	0.0	0.0013438512087941624	0.0	0.0	0.0	0.0	0.0	0.0	0.0	0.0	0.0	0.0	0.0	0.0	0.0	0.0	0.0	0.0	0.0	0.0	0.0	0.0	0.0	0.0	0.0	0.0
Sob-CPnd_053-Ex1-4F-lcwgs-1-T	90.5268520151257	8.48057367895139	0.8946100041145006	0.08620858559141048	0.01058014459530947	0.0003918572072336841	0.0007837144144673682	0.0	0.0	0.0	0.0	0.0	0.0	0.0	0.0	0.0	0.0	0.0	0.0	0.0	0.0	0.0	0.0	0.0	0.0	0.0	0.0	0.0	0.0	0.0	0.0
Sob-CPnd_055-Ex1-4B-lcwgs-1-T	91.39021681394563	7.727316625621711	0.7919262156550292	0.08329711719542228	0.002414409194070211	0.002414409194070211	0.0012072045970351055	0.0	0.0	0.0	0.0	0.0012072045970351055	0.0	0.0	0.0	0.0	0.0	0.0	0.0	0.0	0.0	0.0	0.0	0.0	0.0	0.0	0.0	0.0	0.0	0.0	0.0
Sob-CPnd_056-Ex1-4G-lcwgs-1-T	90.00215530443107	8.93763910221361	0.9587020983590192	0.09242852897069466	0.008348968743548266	0.0005898727916637362	9.074966025595941e-05	0.0	0.0	0.0	0.0	0.0	0.0	0.0	0.0	0.0	2.2687415063989853e-05	0.0	2.2687415063989853e-05	0.0	0.0	0.0	0.0	0.0	0.0	0.0	0.0	0.0	0.0	0.0	0.0
Sob-CPnd_057-Ex1-3B-lcwgs-1-T	91.61881972341236	7.362524981785855	0.9050257671664138	0.09825612095529011	0.012031361749627363	0.002673635944361636	0.0	0.0	0.0	0.000668408986090409	0.0	0.0	0.0	0.0	0.0	0.0	0.0	0.0	0.0	0.0	0.0	0.0	0.0	0.0	0.0	0.0	0.0	0.0	0.0	0.0	0.0
Sob-CPnd_058-Ex1-2E-lcwgs-1-T	90.30564986311398	8.661448937592674	0.9301899970493873	0.09113284853645874	0.009897624943508838	0.001120485842661378	0.000186747640443563	9.33738202217815e-05	9.33738202217815e-05	0.0	0.0	0.0	9.33738202217815e-05	0.0	0.0	9.33738202217815e-05	0.0	0.0	0.0	0.0	0.0	0.0	0.0	0.0	0.0	0.0	0.0	0.0	0.0	0.0	0.0
Sob-CPnd_059-Ex1-3C-lcwgs-1-T	88.349314483721	10.259044781568047	1.2389930256041874	0.139841199278125	0.011481698467046053	0.0010304088367861842	0.0001472012623980263	0.0001472012623980263	0.0	0.0	0.0	0.0	0.0	0.0	0.0	0.0	0.0	0.0	0.0	0.0	0.0	0.0	0.0	0.0	0.0	0.0	0.0	0.0	0.0	0.0	0.0
Sob-CPnd_062-Ex1-3F-lcwgs-1-T	90.24302827288643	8.55492604386364	1.0641964076478778	0.12268585528583047	0.013784927560205672	0.0013784927560205672	0.0	0.0	0.0	0.0	0.0	0.0	0.0	0.0	0.0	0.0	0.0	0.0	0.0	0.0	0.0	0.0	0.0	0.0	0.0	0.0	0.0	0.0	0.0	0.0	0.0
Sob-CPnd_071-Ex1-2G-lcwgs-1-T	89.998481819792	8.867943624908277	1.0063004478631614	0.11234533539131095	0.013916651906581312	0.001012120138660459	0.0	0.0	0.0	0.0	0.0	0.0	0.0	0.0	0.0	0.0	0.0	0.0	0.0	0.0	0.0	0.0	0.0	0.0	0.0	0.0	0.0	0.0	0.0	0.0	0.0
Sob-CPnd_077-Ex1-2F-lcwgs-1-T	88.56268393172454	10.09535020600353	1.1818716892289582	0.14832254267216008	0.009417304296645085	0.002354326074161271	0.0	0.0	0.0	0.0	0.0	0.0	0.0	0.0	0.0	0.0	0.0	0.0	0.0	0.0	0.0	0.0	0.0	0.0	0.0	0.0	0.0	0.0	0.0	0.0	0.0
Sob-CPnd_078-Ex1-2H-lcwgs-1-T	88.953292925177	9.720223239298265	1.171642496962112	0.13883330544054834	0.01367959194068296	0.0016008033122075806	0.0005821102953482111	0.0	0.0	0.0	0.0	0.0	0.0	0.0	0.0	0.0	0.0	0.0	0.0	0.0	0.0	0.0	0.0	0.0	0.0	0.0	0.0	0.0	0.0	0.0	0.00014552757383705278
Sob-CPnd_083-Ex1-3E-lcwgs-1-T	88.69849401440798	9.90156744142838	1.238517723339164	0.1426823487563133	0.01664230400630121	0.0018738472068163573	0.00015880061074714894	1.5880061074714893e-05	0.0	0.0	0.0	0.0	0.0	1.5880061074714893e-05	0.0	0.0	0.0	0.0	0.0	0.0	0.0	0.0	0.0	0.0	1.5880061074714893e-05	0.0	0.0	0.0	1.5880061074714893e-05	0.0	0.0
Sob-CPnd_086-Ex1-3A-lcwgs-1-T	89.59595577531881	9.140711143510146	1.123669557363483	0.12304373640329462	0.01461395099340481	0.0016046691286875868	0.0002292384469553696	5.73096117388424e-05	0.0	0.0	5.73096117388424e-05	5.73096117388424e-05	0.0	0.0	0.0	0.0	0.0	0.0	0.0	0.0	0.0	0.0	0.0	0.0	0.0	0.0	0.0	0.0	0.0	0.0	0.0
Sob-CPnd_087-Ex1-3D-lcwgs-1-T	89.17694257291264	9.576789640018488	1.1129970700955525	0.11965340448088142	0.012198842441147677	0.0012002438895583583	0.00017458092939030666	0.0	2.1822616173788332e-05	0.0	0.0	0.0	2.1822616173788332e-05	0.0	0.0	0.0	0.0	0.0	0.0	0.0	0.0	0.0	0.0	0.0	0.0	0.0	0.0	0.0	0.0	0.0	0.0
Sob-CPnd_088-Ex1-4D-lcwgs-1-T	93.15471148307526	6.0879951207942264	0.6717378782231559	0.06776674685731711	0.007623759021448175	0.0025412530071493916	0.0016941686714329277	0.0016941686714329277	0.0008470843357164639	0.0008470843357164639	0.0008470843357164639	0.0008470843357164639	0.0	0.0	0.0	0.0	0.0	0.0	0.0008470843357164639	0.0	0.0	0.0	0.0	0.0	0.0	0.0	0.0	0.0	0.0	0.0	0.0
Sob-CPnd_089-Ex1-4C-lcwgs-1-T	90.4913487703445	8.55881295887457	0.8702572264722492	0.06931252246239153	0.007701391384710171	0.0	0.002567130461570057	0.0	0.0	0.0	0.0	0.0	0.0	0.0	0.0	0.0	0.0	0.0	0.0	0.0	0.0	0.0	0.0	0.0	0.0	0.0	0.0	0.0	0.0	0.0	0.0
Sob-CPnd_090-Ex1-3G-lcwgs-1-T	90.90501195528203	7.952433609105698	1.0160542358751092	0.11289491509723436	0.012447388074823276	0.0008684224238248797	0.0	0.0	0.0	0.0	0.0	0.0	0.0	0.0	0.0	0.0	0.0	0.0002894741412749599	0.0	0.0	0.0	0.0	0.0	0.0	0.0	0.0	0.0	0.0	0.0	0.0	0.0
Sob-CPnd_092-Ex1-3H-lcwgs-1-T	88.56661357747075	10.036438383124196	1.2380011735506469	0.14116137779219406	0.015992360987094587	0.0015744530415735785	0.00016036095793804965	4.3734806710377175e-05	0.0	0.0	1.4578268903459058e-05	0.0	0.0	0.0	0.0	0.0	0.0	0.0	0.0	0.0	0.0	0.0	0.0	0.0	0.0	0.0	0.0	0.0	0.0	0.0	0.0
