	32	37	42	47	52	57	62	67	72	77	82	87	92	97	102	107	112	117	122	127	132	137	142	147	150
Sfa-ABas_001-Ex1-7A-lcwgs-1-3.clmp.fp2_repr.R1	683.0	2853.0	5324.0	8636.0	12051.0	15782.0	20212.0	25143.0	30163.0	34399.0	38202.0	40849.0	41386.0	42381.0	41342.0	40842.0	38991.0	37288.0	35003.0	32634.0	30391.0	28757.0	25207.0	37258.0	221862.0
	32	37	42	47	52	57	62	67	72	77	82	87	92	97	102	107	112	117	122	127	132	137	142	147	150
Sfa-ABas_001-Ex1-7A-lcwgs-1-3.clmp.fp2_repr.R2	719.0	3000.0	5388.0	8744.0	12164.0	15844.0	20354.0	25293.0	30404.0	34663.0	38482.0	41093.0	41713.0	42682.0	41766.0	41304.0	39569.0	38059.0	35668.0	33237.0	31024.0	29319.0	25151.0	39815.0	212184.0
	32	37	42	47	52	57	62	67	72	77	82	87	92	97	102	107	112	117	122	127	132	137	142	147	150
Sfa-ABas_002-Ex1-7D-lcwgs-1-3.clmp.fp2_repr.R1	802.0	2991.0	4717.0	6599.0	9128.0	11370.0	14306.0	17509.0	20661.0	23571.0	26227.0	28409.0	29424.0	30150.0	30639.0	30835.0	30915.0	30440.0	30029.0	29910.0	29667.0	29614.0	26070.0	48871.0	381627.0
	32	37	42	47	52	57	62	67	72	77	82	87	92	97	102	107	112	117	122	127	132	137	142	147	150
Sfa-ABas_002-Ex1-7D-lcwgs-1-3.clmp.fp2_repr.R2	967.0	3452.0	5113.0	7047.0	9586.0	11845.0	14837.0	18106.0	21322.0	24217.0	26857.0	29040.0	30121.0	30896.0	31477.0	31978.0	32209.0	31833.0	31344.0	31187.0	30930.0	30740.0	26226.0	55492.0	357659.0
	32	37	42	47	52	57	62	67	72	77	82	87	92	97	102	107	112	117	122	127	132	137	142	147	150
Sfa-ABas_003-Ex1-7G-lcwgs-1-3.clmp.fp2_repr.R1	638.0	2700.0	4572.0	6989.0	9882.0	12896.0	16180.0	20701.0	25088.0	28846.0	32343.0	34566.0	36153.0	37057.0	37903.0	37579.0	36724.0	35566.0	34564.0	33418.0	31991.0	30977.0	27990.0	40804.0	247118.0
	32	37	42	47	52	57	62	67	72	77	82	87	92	97	102	107	112	117	122	127	132	137	142	147	150
Sfa-ABas_003-Ex1-7G-lcwgs-1-3.clmp.fp2_repr.R2	688.0	2795.0	4623.0	7036.0	9917.0	13077.0	16366.0	20796.0	25284.0	29176.0	32583.0	34892.0	36437.0	37367.0	38357.0	37915.0	37243.0	36220.0	35274.0	33828.0	32458.0	31360.0	27843.0	43993.0	237717.0
	32	37	42	47	52	57	62	67	72	77	82	87	92	97	102	107	112	117	122	127	132	137	142	147	150
Sfa-ABas_004-Ex1-8B-lcwgs-1-3.clmp.fp2_repr.R1	5.0	22.0	26.0	47.0	71.0	79.0	100.0	132.0	133.0	142.0	115.0	162.0	174.0	197.0	179.0	167.0	189.0	179.0	205.0	201.0	183.0	191.0	162.0	328.0	1681.0
	32	37	42	47	52	57	62	67	72	77	82	87	92	97	102	107	112	117	122	127	132	137	142	147	150
Sfa-ABas_004-Ex1-8B-lcwgs-1-3.clmp.fp2_repr.R2	4.0	22.0	28.0	42.0	74.0	77.0	99.0	133.0	128.0	143.0	113.0	166.0	174.0	205.0	189.0	160.0	196.0	187.0	210.0	202.0	188.0	185.0	167.0	346.0	1632.0
	32	37	42	47	52	57	62	67	72	77	82	87	92	97	102	107	112	117	122	127	132	137	142	147	150
Sfa-ABas_005-Ex1-8E-lcwgs-1-3.clmp.fp2_repr.R1	2.0	7.0	11.0	16.0	39.0	49.0	67.0	71.0	74.0	87.0	104.0	96.0	100.0	110.0	92.0	95.0	92.0	121.0	104.0	107.0	116.0	101.0	81.0	167.0	887.0
	32	37	42	47	52	57	62	67	72	77	82	87	92	97	102	107	112	117	122	127	132	137	142	147	150
Sfa-ABas_005-Ex1-8E-lcwgs-1-3.clmp.fp2_repr.R2	2.0	9.0	12.0	19.0	38.0	54.0	64.0	71.0	79.0	85.0	103.0	100.0	98.0	109.0	86.0	102.0	90.0	128.0	103.0	120.0	126.0	91.0	81.0	168.0	858.0
	32	37	42	47	52	57	62	67	72	77	82	87	92	97	102	107	112	117	122	127	132	137	142	147	150
Sfa-ABas_006-Ex1-8H-lcwgs-1-3.clmp.fp2_repr.R1	965.0	3925.0	6502.0	9548.0	12680.0	16109.0	20387.0	25575.0	30950.0	36214.0	40646.0	43985.0	46256.0	47867.0	48238.0	49276.0	48546.0	47464.0	46093.0	45052.0	43260.0	41737.0	37950.0	53457.0	307301.0
	32	37	42	47	52	57	62	67	72	77	82	87	92	97	102	107	112	117	122	127	132	137	142	147	150
Sfa-ABas_006-Ex1-8H-lcwgs-1-3.clmp.fp2_repr.R2	1001.0	4015.0	6620.0	9646.0	12778.0	16142.0	20382.0	25786.0	31209.0	36514.0	40914.0	44289.0	46614.0	48022.0	48781.0	49834.0	49182.0	48177.0	46530.0	45571.0	43642.0	41833.0	38081.0	56299.0	298121.0
	32	37	42	47	52	57	62	67	72	77	82	87	92	97	102	107	112	117	122	127	132	137	142	147	150
Sfa-ABas_007-Ex1-9C-lcwgs-1-3.clmp.fp2_repr.R1	6.0	15.0	23.0	41.0	63.0	76.0	91.0	120.0	128.0	105.0	137.0	165.0	139.0	158.0	144.0	143.0	158.0	136.0	154.0	148.0	161.0	148.0	138.0	269.0	1556.0
	32	37	42	47	52	57	62	67	72	77	82	87	92	97	102	107	112	117	122	127	132	137	142	147	150
Sfa-ABas_007-Ex1-9C-lcwgs-1-3.clmp.fp2_repr.R2	4.0	16.0	27.0	40.0	62.0	85.0	84.0	122.0	125.0	110.0	138.0	162.0	136.0	162.0	149.0	149.0	163.0	145.0	159.0	146.0	159.0	146.0	144.0	270.0	1519.0
	32	37	42	47	52	57	62	67	72	77	82	87	92	97	102	107	112	117	122	127	132	137	142	147	150
Sfa-ABas_008-Ex1-9F-lcwgs-1-3.clmp.fp2_repr.R1	3.0	10.0	23.0	20.0	26.0	29.0	38.0	50.0	47.0	62.0	74.0	87.0	71.0	86.0	90.0	98.0	95.0	93.0	95.0	107.0	119.0	115.0	83.0	188.0	1229.0
	32	37	42	47	52	57	62	67	72	77	82	87	92	97	102	107	112	117	122	127	132	137	142	147	150
Sfa-ABas_008-Ex1-9F-lcwgs-1-3.clmp.fp2_repr.R2	3.0	8.0	23.0	18.0	32.0	32.0	38.0	47.0	42.0	64.0	77.0	90.0	78.0	85.0	95.0	96.0	97.0	101.0	93.0	108.0	113.0	114.0	92.0	224.0	1168.0
	32	37	42	47	52	57	62	67	72	77	82	87	92	97	102	107	112	117	122	127	132	137	142	147	150
Sfa-ABas_009-Ex1-10A-lcwgs-1-3.clmp.fp2_repr.R1	3.0	20.0	21.0	24.0	28.0	40.0	37.0	54.0	43.0	69.0	81.0	67.0	82.0	87.0	74.0	64.0	82.0	67.0	85.0	69.0	76.0	78.0	58.0	117.0	530.0
	32	37	42	47	52	57	62	67	72	77	82	87	92	97	102	107	112	117	122	127	132	137	142	147	150
Sfa-ABas_009-Ex1-10A-lcwgs-1-3.clmp.fp2_repr.R2	7.0	23.0	23.0	29.0	30.0	38.0	38.0	52.0	43.0	70.0	86.0	67.0	80.0	84.0	75.0	57.0	87.0	79.0	82.0	75.0	75.0	76.0	57.0	122.0	501.0
	32	37	42	47	52	57	62	67	72	77	82	87	92	97	102	107	112	117	122	127	132	137	142	147	150
Sfa-ABas_010-Ex1-10D-lcwgs-1-3.clmp.fp2_repr.R1	1.0	3.0	9.0	15.0	23.0	20.0	26.0	45.0	47.0	33.0	41.0	43.0	37.0	58.0	48.0	56.0	64.0	54.0	49.0	45.0	57.0	41.0	53.0	74.0	363.0
	32	37	42	47	52	57	62	67	72	77	82	87	92	97	102	107	112	117	122	127	132	137	142	147	150
Sfa-ABas_010-Ex1-10D-lcwgs-1-3.clmp.fp2_repr.R2	1.0	6.0	10.0	17.0	26.0	19.0	23.0	40.0	44.0	31.0	40.0	46.0	43.0	58.0	53.0	55.0	67.0	50.0	51.0	46.0	54.0	40.0	54.0	75.0	356.0
	32	37	42	47	52	57	62	67	72	77	82	87	92	97	102	107	112	117	122	127	132	137	142	147	150
Sfa-ABas_011-Ex1-10G-lcwgs-1-3.clmp.fp2_repr.R1	3.0	4.0	13.0	18.0	13.0	35.0	22.0	21.0	26.0	37.0	36.0	48.0	47.0	54.0	37.0	48.0	46.0	31.0	38.0	38.0	51.0	36.0	33.0	75.0	319.0
	32	37	42	47	52	57	62	67	72	77	82	87	92	97	102	107	112	117	122	127	132	137	142	147	150
Sfa-ABas_011-Ex1-10G-lcwgs-1-3.clmp.fp2_repr.R2	4.0	4.0	11.0	19.0	16.0	33.0	24.0	25.0	25.0	39.0	37.0	47.0	47.0	53.0	33.0	49.0	50.0	31.0	35.0	45.0	54.0	41.0	32.0	60.0	315.0
	32	37	42	47	52	57	62	67	72	77	82	87	92	97	102	107	112	117	122	127	132	137	142	147	150
Sfa-ABas_012-Ex1-11B-lcwgs-1-3.clmp.fp2_repr.R1	4.0	3.0	10.0	12.0	19.0	27.0	18.0	26.0	22.0	26.0	19.0	27.0	31.0	34.0	39.0	51.0	31.0	33.0	37.0	34.0	33.0	27.0	28.0	33.0	177.0
	32	37	42	47	52	57	62	67	72	77	82	87	92	97	102	107	112	117	122	127	132	137	142	147	150
Sfa-ABas_012-Ex1-11B-lcwgs-1-3.clmp.fp2_repr.R2	6.0	3.0	7.0	14.0	22.0	25.0	19.0	23.0	22.0	25.0	20.0	27.0	31.0	36.0	37.0	52.0	36.0	32.0	42.0	32.0	31.0	29.0	27.0	39.0	164.0
	32	37	42	47	52	57	62	67	72	77	82	87	92	97	102	107	112	117	122	127	132	137	142	147	150
Sfa-ABas_013-Ex1-7B-lcwgs-1-3.clmp.fp2_repr.R1	6.0	28.0	30.0	77.0	84.0	104.0	140.0	150.0	146.0	160.0	189.0	190.0	195.0	227.0	235.0	260.0	219.0	242.0	195.0	249.0	199.0	191.0	208.0	353.0	1895.0
	32	37	42	47	52	57	62	67	72	77	82	87	92	97	102	107	112	117	122	127	132	137	142	147	150
Sfa-ABas_013-Ex1-7B-lcwgs-1-3.clmp.fp2_repr.R2	5.0	24.0	31.0	76.0	78.0	106.0	141.0	148.0	144.0	163.0	188.0	200.0	192.0	228.0	232.0	258.0	228.0	238.0	197.0	254.0	213.0	213.0	215.0	354.0	1846.0
	32	37	42	47	52	57	62	67	72	77	82	87	92	97	102	107	112	117	122	127	132	137	142	147	150
Sfa-ABas_014-Ex1-7E-lcwgs-1-3.clmp.fp2_repr.R1	340.0	1252.0	2004.0	2904.0	4024.0	5464.0	6761.0	8858.0	10598.0	12784.0	14375.0	15859.0	16293.0	16895.0	17086.0	17142.0	16784.0	16364.0	15624.0	15315.0	14397.0	14011.0	12656.0	20337.0	130881.0
	32	37	42	47	52	57	62	67	72	77	82	87	92	97	102	107	112	117	122	127	132	137	142	147	150
Sfa-ABas_014-Ex1-7E-lcwgs-1-3.clmp.fp2_repr.R2	376.0	1360.0	2123.0	3014.0	4136.0	5555.0	6873.0	8987.0	10680.0	12959.0	14545.0	16065.0	16439.0	17078.0	17328.0	17350.0	17230.0	16707.0	16005.0	15625.0	14753.0	14250.0	12727.0	21864.0	124979.0
	32	37	42	47	52	57	62	67	72	77	82	87	92	97	102	107	112	117	122	127	132	137	142	147	150
Sfa-ABas_015-Ex1-7H-lcwgs-1-3.clmp.fp2_repr.R1	21.0	144.0	238.0	407.0	601.0	790.0	953.0	1134.0	1277.0	1333.0	1336.0	1200.0	1118.0	988.0	843.0	757.0	580.0	492.0	450.0	384.0	325.0	290.0	216.0	410.0	2019.0
	32	37	42	47	52	57	62	67	72	77	82	87	92	97	102	107	112	117	122	127	132	137	142	147	150
Sfa-ABas_015-Ex1-7H-lcwgs-1-3.clmp.fp2_repr.R2	19.0	131.0	231.0	393.0	611.0	787.0	965.0	1125.0	1288.0	1343.0	1339.0	1196.0	1118.0	994.0	849.0	750.0	577.0	515.0	443.0	392.0	319.0	304.0	222.0	446.0	1949.0
	32	37	42	47	52	57	62	67	72	77	82	87	92	97	102	107	112	117	122	127	132	137	142	147	150
Sfa-ABas_016-Ex1-8C-lcwgs-1-3.clmp.fp2_repr.R1	534.0	1901.0	2934.0	4187.0	5726.0	7138.0	8834.0	10822.0	12782.0	14596.0	16029.0	16884.0	17387.0	17830.0	18044.0	17809.0	17664.0	17412.0	17196.0	17098.0	16630.0	16682.0	14777.0	25418.0	183620.0
	32	37	42	47	52	57	62	67	72	77	82	87	92	97	102	107	112	117	122	127	132	137	142	147	150
Sfa-ABas_016-Ex1-8C-lcwgs-1-3.clmp.fp2_repr.R2	609.0	2108.0	3117.0	4372.0	5991.0	7356.0	9086.0	11033.0	13037.0	14867.0	16268.0	17120.0	17602.0	18147.0	18399.0	18271.0	18217.0	18034.0	17718.0	17528.0	17252.0	17126.0	14876.0	28675.0	173125.0
	32	37	42	47	52	57	62	67	72	77	82	87	92	97	102	107	112	117	122	127	132	137	142	147	150
Sfa-ABas_017-Ex1-8F-lcwgs-1-3.clmp.fp2_repr.R1	2.0	10.0	21.0	31.0	37.0	43.0	52.0	62.0	83.0	90.0	90.0	100.0	100.0	125.0	140.0	161.0	138.0	136.0	145.0	134.0	156.0	155.0	130.0	271.0	1603.0
	32	37	42	47	52	57	62	67	72	77	82	87	92	97	102	107	112	117	122	127	132	137	142	147	150
Sfa-ABas_017-Ex1-8F-lcwgs-1-3.clmp.fp2_repr.R2	2.0	6.0	20.0	33.0	38.0	36.0	45.0	59.0	85.0	93.0	89.0	105.0	98.0	120.0	157.0	162.0	140.0	151.0	147.0	141.0	158.0	167.0	138.0	316.0	1509.0
	32	37	42	47	52	57	62	67	72	77	82	87	92	97	102	107	112	117	122	127	132	137	142	147	150
Sfa-ABas_018-Ex1-9A-lcwgs-1-3.clmp.fp2_repr.R1	7.0	17.0	36.0	40.0	69.0	92.0	124.0	127.0	130.0	164.0	153.0	171.0	175.0	170.0	188.0	200.0	182.0	167.0	153.0	186.0	179.0	180.0	149.0	310.0	1821.0
	32	37	42	47	52	57	62	67	72	77	82	87	92	97	102	107	112	117	122	127	132	137	142	147	150
Sfa-ABas_018-Ex1-9A-lcwgs-1-3.clmp.fp2_repr.R2	4.0	19.0	37.0	43.0	65.0	91.0	114.0	127.0	134.0	166.0	152.0	171.0	179.0	166.0	195.0	196.0	191.0	176.0	156.0	185.0	184.0	192.0	159.0	326.0	1762.0
	32	37	42	47	52	57	62	67	72	77	82	87	92	97	102	107	112	117	122	127	132	137	142	147	150
Sfa-ABas_019-Ex1-9D-lcwgs-1-3.clmp.fp2_repr.R1	7.0	26.0	25.0	35.0	56.0	82.0	89.0	98.0	134.0	116.0	139.0	138.0	164.0	146.0	163.0	186.0	170.0	170.0	168.0	182.0	164.0	160.0	127.0	328.0	1910.0
	32	37	42	47	52	57	62	67	72	77	82	87	92	97	102	107	112	117	122	127	132	137	142	147	150
Sfa-ABas_019-Ex1-9D-lcwgs-1-3.clmp.fp2_repr.R2	3.0	23.0	25.0	34.0	60.0	79.0	86.0	99.0	144.0	117.0	141.0	140.0	165.0	151.0	160.0	186.0	161.0	170.0	169.0	204.0	181.0	163.0	134.0	344.0	1844.0
	32	37	42	47	52	57	62	67	72	77	82	87	92	97	102	107	112	117	122	127	132	137	142	147	150
Sfa-ABas_020-Ex1-1A-lcwgs-2-3.clmp.fp2_repr.R1	1495.0	5291.0	7536.0	9228.0	11248.0	12967.0	14144.0	16064.0	17888.0	19372.0	21088.0	22059.0	22824.0	23399.0	23930.0	24350.0	24507.0	24309.0	24510.0	24578.0	25001.0	24662.0	22508.0	44740.0	350162.0
	32	37	42	47	52	57	62	67	72	77	82	87	92	97	102	107	112	117	122	127	132	137	142	147	150
Sfa-ABas_020-Ex1-1A-lcwgs-2-3.clmp.fp2_repr.R2	1617.0	5610.0	7829.0	9511.0	11514.0	13143.0	14348.0	16305.0	18227.0	19746.0	21497.0	22438.0	23229.0	23871.0	24493.0	25125.0	25493.0	25479.0	25848.0	25828.0	26198.0	25966.0	22582.0	51034.0	330929.0
	32	37	42	47	52	57	62	67	72	77	82	87	92	97	102	107	112	117	122	127	132	137	142	147	150
Sfa-ABas_021-Ex1-2A-lcwgs-2-3.clmp.fp2_repr.R1	4272.0	15833.0	23536.0	31383.0	38500.0	45969.0	53156.0	63071.0	73641.0	84707.0	96226.0	105523.0	114022.0	121761.0	127295.0	133373.0	136303.0	136956.0	136687.0	135670.0	132808.0	130661.0	118846.0	183710.0	1110557.0
	32	37	42	47	52	57	62	67	72	77	82	87	92	97	102	107	112	117	122	127	132	137	142	147	150
Sfa-ABas_021-Ex1-2A-lcwgs-2-3.clmp.fp2_repr.R2	4491.0	16604.0	24259.0	32101.0	39184.0	46531.0	53745.0	63728.0	74642.0	86081.0	97426.0	106756.0	115425.0	123095.0	129106.0	135813.0	139023.0	140335.0	139734.0	138511.0	135153.0	132796.0	119059.0	193870.0	1066998.0
	32	37	42	47	52	57	62	67	72	77	82	87	92	97	102	107	112	117	122	127	132	137	142	147	150
Sfa-ABas_022-Ex1-10E-lcwgs-1-3.clmp.fp2_repr.R1	1.0	2.0	6.0	7.0	7.0	9.0	15.0	12.0	19.0	21.0	27.0	27.0	16.0	23.0	28.0	25.0	26.0	31.0	30.0	27.0	27.0	15.0	22.0	44.0	162.0
	32	37	42	47	52	57	62	67	72	77	82	87	92	97	102	107	112	117	122	127	132	137	142	147	150
Sfa-ABas_022-Ex1-10E-lcwgs-1-3.clmp.fp2_repr.R2	1.0	2.0	9.0	6.0	9.0	9.0	15.0	14.0	21.0	22.0	27.0	28.0	19.0	19.0	26.0	26.0	26.0	30.0	30.0	28.0	26.0	14.0	21.0	38.0	163.0
	32	37	42	47	52	57	62	67	72	77	82	87	92	97	102	107	112	117	122	127	132	137	142	147	150
Sfa-ABas_023-Ex1-10H-lcwgs-1-3.clmp.fp2_repr.R1	1.0	7.0	8.0	13.0	15.0	15.0	19.0	23.0	35.0	23.0	39.0	40.0	34.0	42.0	36.0	39.0	43.0	42.0	55.0	34.0	35.0	44.0	32.0	70.0	302.0
	32	37	42	47	52	57	62	67	72	77	82	87	92	97	102	107	112	117	122	127	132	137	142	147	150
Sfa-ABas_023-Ex1-10H-lcwgs-1-3.clmp.fp2_repr.R2	2.0	8.0	5.0	11.0	15.0	14.0	18.0	24.0	36.0	26.0	40.0	39.0	34.0	42.0	40.0	43.0	45.0	42.0	53.0	43.0	35.0	44.0	29.0	61.0	297.0
	32	37	42	47	52	57	62	67	72	77	82	87	92	97	102	107	112	117	122	127	132	137	142	147	150
Sfa-ABas_024-Ex1-4A-lcwgs-2-3.clmp.fp2_repr.R1	1422.0	5542.0	8209.0	10813.0	13276.0	15228.0	17011.0	19427.0	21323.0	23566.0	24790.0	26355.0	27256.0	28288.0	28766.0	29526.0	29389.0	29663.0	28934.0	28499.0	28023.0	27522.0	24814.0	35730.0	209981.0
	32	37	42	47	52	57	62	67	72	77	82	87	92	97	102	107	112	117	122	127	132	137	142	147	150
Sfa-ABas_024-Ex1-4A-lcwgs-2-3.clmp.fp2_repr.R2	1469.0	5634.0	8219.0	10832.0	13367.0	15256.0	17022.0	19547.0	21466.0	23805.0	25013.0	26544.0	27413.0	28487.0	28979.0	29894.0	29887.0	30111.0	29304.0	28871.0	28295.0	27652.0	24794.0	38293.0	203199.0
	32	37	42	47	52	57	62	67	72	77	82	87	92	97	102	107	112	117	122	127	132	137	142	147	150
Sfa-ABas_025-Ex1-7C-lcwgs-1-3.clmp.fp2_repr.R1	593.0	2392.0	3606.0	4941.0	6383.0	7616.0	8957.0	10629.0	12176.0	13538.0	14766.0	15395.0	15870.0	15767.0	15038.0	14995.0	14466.0	13798.0	12931.0	12195.0	11416.0	10782.0	9631.0	12958.0	73560.0
	32	37	42	47	52	57	62	67	72	77	82	87	92	97	102	107	112	117	122	127	132	137	142	147	150
Sfa-ABas_025-Ex1-7C-lcwgs-1-3.clmp.fp2_repr.R2	609.0	2389.0	3669.0	4902.0	6366.0	7587.0	8950.0	10693.0	12220.0	13633.0	14868.0	15449.0	15878.0	15842.0	15136.0	15148.0	14595.0	13965.0	13106.0	12343.0	11589.0	10876.0	9682.0	13824.0	71080.0
	32	37	42	47	52	57	62	67	72	77	82	87	92	97	102	107	112	117	122	127	132	137	142	147	150
Sfa-ABas_026-Ex1-7F-lcwgs-1-3.clmp.fp2_repr.R1	2.0	18.0	13.0	28.0	46.0	75.0	73.0	109.0	101.0	115.0	148.0	148.0	171.0	181.0	177.0	180.0	197.0	179.0	179.0	190.0	191.0	187.0	156.0	333.0	1976.0
	32	37	42	47	52	57	62	67	72	77	82	87	92	97	102	107	112	117	122	127	132	137	142	147	150
Sfa-ABas_026-Ex1-7F-lcwgs-1-3.clmp.fp2_repr.R2	4.0	21.0	16.0	29.0	43.0	70.0	72.0	102.0	102.0	116.0	158.0	154.0	168.0	186.0	176.0	194.0	189.0	195.0	182.0	198.0	205.0	184.0	156.0	348.0	1905.0
	32	37	42	47	52	57	62	67	72	77	82	87	92	97	102	107	112	117	122	127	132	137	142	147	150
Sfa-ABas_027-Ex1-8A-lcwgs-1-3.clmp.fp2_repr.R1	11.0	23.0	46.0	68.0	86.0	109.0	151.0	161.0	212.0	211.0	250.0	232.0	246.0	257.0	292.0	255.0	265.0	288.0	254.0	257.0	239.0	233.0	243.0	450.0	2339.0
	32	37	42	47	52	57	62	67	72	77	82	87	92	97	102	107	112	117	122	127	132	137	142	147	150
Sfa-ABas_027-Ex1-8A-lcwgs-1-3.clmp.fp2_repr.R2	5.0	18.0	44.0	65.0	87.0	112.0	148.0	165.0	218.0	212.0	246.0	241.0	252.0	263.0	298.0	275.0	267.0	297.0	272.0	263.0	238.0	253.0	243.0	459.0	2237.0
	32	37	42	47	52	57	62	67	72	77	82	87	92	97	102	107	112	117	122	127	132	137	142	147	150
Sfa-ABas_028-Ex1-8D-lcwgs-1-3.clmp.fp2_repr.R1	551.0	1971.0	3095.0	4429.0	6228.0	8173.0	10671.0	13576.0	17245.0	20044.0	22840.0	24859.0	26610.0	27680.0	28414.0	29660.0	29283.0	29531.0	29556.0	29471.0	29161.0	29630.0	26547.0	47541.0	352676.0
	32	37	42	47	52	57	62	67	72	77	82	87	92	97	102	107	112	117	122	127	132	137	142	147	150
Sfa-ABas_028-Ex1-8D-lcwgs-1-3.clmp.fp2_repr.R2	666.0	2372.0	3422.0	4774.0	6571.0	8538.0	10996.0	13949.0	17701.0	20486.0	23307.0	25366.0	27011.0	28245.0	29084.0	30351.0	30308.0	30670.0	30605.0	30485.0	30086.0	30271.0	26714.0	53272.0	334192.0
	32	37	42	47	52	57	62	67	72	77	82	87	92	97	102	107	112	117	122	127	132	137	142	147	150
Sfa-ABas_029-Ex1-8G-lcwgs-1-3.clmp.fp2_repr.R1	8.0	19.0	31.0	41.0	63.0	70.0	114.0	113.0	149.0	137.0	167.0	156.0	202.0	171.0	163.0	177.0	192.0	163.0	152.0	171.0	158.0	179.0	138.0	277.0	1600.0
	32	37	42	47	52	57	62	67	72	77	82	87	92	97	102	107	112	117	122	127	132	137	142	147	150
Sfa-ABas_029-Ex1-8G-lcwgs-1-3.clmp.fp2_repr.R2	5.0	20.0	35.0	31.0	61.0	74.0	123.0	112.0	144.0	140.0	169.0	158.0	204.0	174.0	164.0	183.0	190.0	166.0	153.0	173.0	155.0	189.0	134.0	310.0	1544.0
	32	37	42	47	52	57	62	67	72	77	82	87	92	97	102	107	112	117	122	127	132	137	142	147	150
Sfa-ABas_030-Ex1-9B-lcwgs-1-3.clmp.fp2_repr.R1	3.0	10.0	26.0	34.0	42.0	38.0	67.0	84.0	101.0	82.0	109.0	89.0	117.0	104.0	120.0	119.0	108.0	140.0	113.0	133.0	121.0	112.0	110.0	245.0	1225.0
	32	37	42	47	52	57	62	67	72	77	82	87	92	97	102	107	112	117	122	127	132	137	142	147	150
Sfa-ABas_030-Ex1-9B-lcwgs-1-3.clmp.fp2_repr.R2	4.0	15.0	28.0	32.0	41.0	39.0	64.0	86.0	95.0	85.0	107.0	88.0	115.0	106.0	114.0	125.0	123.0	150.0	116.0	149.0	123.0	101.0	116.0	237.0	1193.0
	37	42	47	52	57	62	67	72	77	82	87	92	97	102	107	112	117	122	127	132	137	142	147	150
Sfa-ABas_031-Ex1-9E-lcwgs-1-3.clmp.fp2_repr.R1	13.0	6.0	22.0	32.0	31.0	51.0	59.0	58.0	73.0	67.0	73.0	65.0	82.0	82.0	85.0	76.0	81.0	73.0	64.0	68.0	58.0	57.0	88.0	663.0
	32	37	42	47	52	57	62	67	72	77	82	87	92	97	102	107	112	117	122	127	132	137	142	147	150
Sfa-ABas_031-Ex1-9E-lcwgs-1-3.clmp.fp2_repr.R2	2.0	9.0	7.0	18.0	29.0	33.0	50.0	61.0	57.0	74.0	71.0	71.0	69.0	87.0	81.0	89.0	80.0	83.0	69.0	73.0	62.0	63.0	54.0	128.0	607.0
	32	37	42	47	52	57	62	67	72	77	82	87	92	97	102	107	112	117	122	127	132	137	142	147	150
Sfa-ABas_032-Ex1-9H-lcwgs-1-3.clmp.fp2_repr.R1	3.0	8.0	21.0	38.0	28.0	43.0	51.0	62.0	66.0	74.0	102.0	112.0	111.0	99.0	103.0	98.0	120.0	100.0	106.0	103.0	114.0	97.0	90.0	188.0	1087.0
	32	37	42	47	52	57	62	67	72	77	82	87	92	97	102	107	112	117	122	127	132	137	142	147	150
Sfa-ABas_032-Ex1-9H-lcwgs-1-3.clmp.fp2_repr.R2	1.0	14.0	19.0	35.0	31.0	44.0	50.0	67.0	70.0	78.0	104.0	120.0	114.0	99.0	102.0	97.0	122.0	107.0	102.0	102.0	111.0	95.0	90.0	195.0	1055.0
	32	37	42	47	52	57	62	67	72	77	82	87	92	97	102	107	112	117	122	127	132	137	142	147	150
Sfa-ABas_033-Ex1-10C-lcwgs-1-3.clmp.fp2_repr.R1	2.0	8.0	19.0	21.0	23.0	35.0	37.0	46.0	66.0	65.0	75.0	78.0	61.0	57.0	82.0	81.0	73.0	87.0	61.0	65.0	75.0	69.0	55.0	83.0	531.0
	32	37	42	47	52	57	62	67	72	77	82	87	92	97	102	107	112	117	122	127	132	137	142	147	150
Sfa-ABas_033-Ex1-10C-lcwgs-1-3.clmp.fp2_repr.R2	2.0	11.0	19.0	21.0	26.0	38.0	36.0	45.0	62.0	66.0	74.0	82.0	67.0	59.0	82.0	80.0	75.0	85.0	58.0	67.0	77.0	69.0	54.0	103.0	497.0
	32	37	42	47	52	57	62	67	72	77	82	87	92	97	102	107	112	117	122	127	132	137	142	147	150
Sfa-ABas_034-Ex1-10F-lcwgs-1-3.clmp.fp2_repr.R1	3.0	4.0	8.0	7.0	14.0	25.0	25.0	27.0	18.0	31.0	33.0	38.0	35.0	20.0	27.0	28.0	40.0	35.0	50.0	42.0	38.0	43.0	28.0	68.0	334.0
	32	37	42	47	52	57	62	67	72	77	82	87	92	97	102	107	112	117	122	127	132	137	142	147	150
Sfa-ABas_034-Ex1-10F-lcwgs-1-3.clmp.fp2_repr.R2	3.0	4.0	8.0	8.0	15.0	26.0	25.0	24.0	17.0	32.0	35.0	41.0	31.0	23.0	32.0	28.0	39.0	34.0	46.0	34.0	42.0	45.0	30.0	78.0	321.0
	32	37	42	47	52	57	62	67	72	77	82	87	92	97	102	107	112	117	122	127	132	137	142	147	150
Sfa-ABas_035-Ex1-3A-lcwgs-2-3.clmp.fp2_repr.R1	2021.0	8702.0	14893.0	20887.0	26604.0	31493.0	35232.0	39324.0	42064.0	45260.0	47408.0	49386.0	50184.0	52365.0	51942.0	52773.0	52614.0	52118.0	51301.0	50255.0	49041.0	47587.0	43348.0	59083.0	310559.0
	32	37	42	47	52	57	62	67	72	77	82	87	92	97	102	107	112	117	122	127	132	137	142	147	150
Sfa-ABas_035-Ex1-3A-lcwgs-2-3.clmp.fp2_repr.R2	2010.0	8802.0	14889.0	20920.0	26634.0	31557.0	35253.0	39350.0	42036.0	45512.0	47770.0	49668.0	50432.0	52692.0	52256.0	53208.0	53172.0	52728.0	51892.0	50607.0	49249.0	47609.0	43382.0	61582.0	303234.0
	32	37	42	47	52	57	62	67	72	77	82	87	92	97	102	107	112	117	122	127	132	137	142	147	150
Sfa-CBas_001-Ex1-12A-lcwgs-2-3.clmp.fp2_repr.R1	1354.0	3435.0	3398.0	3444.0	3808.0	4087.0	4559.0	5089.0	5164.0	4839.0	5302.0	5833.0	6601.0	7293.0	8156.0	9308.0	10886.0	12884.0	16130.0	19693.0	24309.0	29852.0	19289.0	146731.0	1559551.0
	32	37	42	47	52	57	62	67	72	77	82	87	92	97	102	107	112	117	122	127	132	137	142	147	150
Sfa-CBas_001-Ex1-12A-lcwgs-2-3.clmp.fp2_repr.R2	3208.0	8204.0	8070.0	8265.0	8936.0	9251.0	10403.0	11038.0	10783.0	10136.0	10821.0	11306.0	12758.0	13780.0	15667.0	18769.0	22491.0	26533.0	30484.0	34674.0	38905.0	42625.0	21907.0	189046.0	1342935.0
	32	37	42	47	52	57	62	67	72	77	82	87	92	97	102	107	112	117	122	127	132	137	142	147	150
Sfa-CBas_002-Ex1-3C-lcwgs-1-3.clmp.fp2_repr.R1	6.0	16.0	16.0	30.0	30.0	18.0	32.0	50.0	45.0	42.0	62.0	76.0	75.0	79.0	87.0	93.0	106.0	126.0	151.0	152.0	184.0	218.0	153.0	641.0	5623.0
	32	37	42	47	52	57	62	67	72	77	82	87	92	97	102	107	112	117	122	127	132	137	142	147	150
Sfa-CBas_002-Ex1-3C-lcwgs-1-3.clmp.fp2_repr.R2	8.0	35.0	21.0	33.0	50.0	31.0	44.0	81.0	58.0	54.0	82.0	80.0	94.0	94.0	94.0	135.0	130.0	165.0	174.0	195.0	204.0	240.0	142.0	798.0	5069.0
	32	37	42	47	52	57	62	67	72	77	82	87	92	97	102	107	112	117	122	127	132	137	142	147	150
Sfa-CBas_003-Ex1-3A-lcwgs-1-3.clmp.fp2_repr.R1	2.0	9.0	11.0	9.0	16.0	7.0	10.0	18.0	14.0	12.0	24.0	26.0	24.0	37.0	27.0	45.0	36.0	54.0	53.0	75.0	74.0	85.0	62.0	297.0	2331.0
	32	37	42	47	52	57	62	67	72	77	82	87	92	97	102	107	112	117	122	127	132	137	142	147	150
Sfa-CBas_003-Ex1-3A-lcwgs-1-3.clmp.fp2_repr.R2	6.0	10.0	15.0	20.0	25.0	12.0	19.0	23.0	22.0	17.0	35.0	42.0	34.0	47.0	38.0	54.0	58.0	63.0	73.0	91.0	84.0	111.0	64.0	339.0	2056.0
	32	37	42	47	52	57	62	67	72	77	82	87	92	97	102	107	112	117	122	127	132	137	142	147	150
Sfa-CBas_006-Ex1-1F-lcwgs-1-3.clmp.fp2_repr.R1	7.0	18.0	18.0	14.0	24.0	19.0	18.0	27.0	25.0	20.0	31.0	50.0	49.0	50.0	45.0	57.0	58.0	74.0	97.0	102.0	114.0	147.0	115.0	553.0	4467.0
	32	37	42	47	52	57	62	67	72	77	82	87	92	97	102	107	112	117	122	127	132	137	142	147	150
Sfa-CBas_006-Ex1-1F-lcwgs-1-3.clmp.fp2_repr.R2	10.0	34.0	37.0	35.0	35.0	32.0	29.0	36.0	36.0	28.0	45.0	56.0	60.0	61.0	63.0	85.0	94.0	112.0	141.0	137.0	137.0	177.0	106.0	715.0	3898.0
	32	37	42	47	52	57	62	67	72	77	82	87	92	97	102	107	112	117	122	127	132	137	142	147	150
Sfa-CBas_007-Ex1-7D-lcwgs-1-3.clmp.fp2_repr.R1	3281.0	8980.0	10400.0	12580.0	16295.0	19193.0	23847.0	31226.0	38369.0	46311.0	58122.0	69878.0	82737.0	96350.0	111259.0	125795.0	139978.0	155592.0	172850.0	189595.0	207984.0	229763.0	206580.0	540296.0	4856706.0
	32	37	42	47	52	57	62	67	72	77	82	87	92	97	102	107	112	117	122	127	132	137	142	147	150
Sfa-CBas_007-Ex1-7D-lcwgs-1-3.clmp.fp2_repr.R2	5813.0	15481.0	16607.0	18631.0	22583.0	25581.0	31102.0	38709.0	46563.0	54023.0	65658.0	77874.0	91821.0	105997.0	122591.0	140575.0	158329.0	176206.0	192892.0	210217.0	226248.0	245784.0	209262.0	616699.0	4538721.0
	32	37	42	47	52	57	62	67	72	77	82	87	92	97	102	107	112	117	122	127	132	137	142	147	150
Sfa-CBas_008-Ex1-4H-lcwgs-1-3.clmp.fp2_repr.R1	18.0	39.0	56.0	71.0	93.0	85.0	106.0	147.0	135.0	133.0	122.0	179.0	146.0	209.0	188.0	235.0	271.0	292.0	284.0	336.0	374.0	408.0	302.0	1321.0	9950.0
	32	37	42	47	52	57	62	67	72	77	82	87	92	97	102	107	112	117	122	127	132	137	142	147	150
Sfa-CBas_008-Ex1-4H-lcwgs-1-3.clmp.fp2_repr.R2	27.0	54.0	71.0	89.0	106.0	104.0	121.0	174.0	173.0	142.0	150.0	219.0	202.0	245.0	221.0	266.0	336.0	337.0	346.0	419.0	398.0	467.0	333.0	1547.0	8953.0
	32	37	42	47	52	57	62	67	72	77	82	87	92	97	102	107	112	117	122	127	132	137	142	147	150
Sfa-CBas_009-Ex1-6E-lcwgs-1-3.clmp.fp2_repr.R1	33.0	49.0	85.0	103.0	130.0	156.0	176.0	180.0	201.0	197.0	211.0	258.0	290.0	287.0	330.0	353.0	445.0	424.0	470.0	617.0	624.0	746.0	580.0	2537.0	19017.0
	32	37	42	47	52	57	62	67	72	77	82	87	92	97	102	107	112	117	122	127	132	137	142	147	150
Sfa-CBas_009-Ex1-6E-lcwgs-1-3.clmp.fp2_repr.R2	45.0	106.0	134.0	139.0	161.0	191.0	206.0	225.0	253.0	236.0	256.0	320.0	353.0	344.0	391.0	443.0	503.0	558.0	609.0	736.0	723.0	840.0	604.0	2837.0	17286.0
	32	37	42	47	52	57	62	67	72	77	82	87	92	97	102	107	112	117	122	127	132	137	142	147	150
Sfa-CBas_010-Ex1-6C-lcwgs-1-3.clmp.fp2_repr.R1	7.0	40.0	72.0	57.0	80.0	100.0	93.0	103.0	130.0	116.0	138.0	152.0	175.0	175.0	196.0	225.0	259.0	278.0	351.0	363.0	432.0	431.0	366.0	1499.0	11891.0
	32	37	42	47	52	57	62	67	72	77	82	87	92	97	102	107	112	117	122	127	132	137	142	147	150
Sfa-CBas_010-Ex1-6C-lcwgs-1-3.clmp.fp2_repr.R2	16.0	74.0	101.0	87.0	99.0	125.0	129.0	120.0	157.0	142.0	165.0	166.0	195.0	210.0	230.0	281.0	321.0	346.0	393.0	423.0	477.0	505.0	382.0	1714.0	10871.0
	32	37	42	47	52	57	62	67	72	77	82	87	92	97	102	107	112	117	122	127	132	137	142	147	150
Sfa-CBas_011-Ex1-5F-lcwgs-1-3.clmp.fp2_repr.R1	56.0	175.0	221.0	202.0	265.0	342.0	309.0	374.0	379.0	400.0	463.0	479.0	490.0	575.0	597.0	692.0	729.0	807.0	851.0	1084.0	1157.0	1352.0	915.0	4462.0	35715.0
	32	37	42	47	52	57	62	67	72	77	82	87	92	97	102	107	112	117	122	127	132	137	142	147	150
Sfa-CBas_011-Ex1-5F-lcwgs-1-3.clmp.fp2_repr.R2	78.0	236.0	273.0	294.0	325.0	390.0	375.0	441.0	453.0	477.0	542.0	548.0	559.0	659.0	703.0	827.0	909.0	989.0	1065.0	1277.0	1333.0	1442.0	1003.0	5182.0	32711.0
	32	37	42	47	52	57	62	67	72	77	82	87	92	97	102	107	112	117	122	127	132	137	142	147	150
Sfa-CBas_014-Ex1-8C-lcwgs-1-3.clmp.fp2_repr.R1	2549.0	6793.0	7357.0	8365.0	9820.0	10930.0	13182.0	16438.0	19487.0	22378.0	27404.0	33472.0	40051.0	47538.0	55601.0	63749.0	73411.0	83340.0	95471.0	108234.0	120707.0	138253.0	118308.0	389478.0	3994877.0
	32	37	42	47	52	57	62	67	72	77	82	87	92	97	102	107	112	117	122	127	132	137	142	147	150
Sfa-CBas_014-Ex1-8C-lcwgs-1-3.clmp.fp2_repr.R2	5206.0	13515.0	13772.0	14863.0	17191.0	18239.0	21161.0	25145.0	28239.0	29967.0	35387.0	41978.0	49577.0	57852.0	67483.0	78880.0	91455.0	104426.0	117372.0	129866.0	142535.0	157055.0	121307.0	473541.0	3651181.0
	32	37	42	47	52	57	62	67	72	77	82	87	92	97	102	107	112	117	122	127	132	137	142	147	150
Sfa-CBas_015-Ex1-7C-lcwgs-1-3.clmp.fp2_repr.R1	1862.0	5091.0	5553.0	6515.0	7716.0	8583.0	10840.0	13670.0	16521.0	19600.0	25973.0	33236.0	41855.0	53014.0	64332.0	78489.0	93134.0	107085.0	123205.0	139236.0	154100.0	169826.0	157780.0	353123.0	3049070.0
	32	37	42	47	52	57	62	67	72	77	82	87	92	97	102	107	112	117	122	127	132	137	142	147	150
Sfa-CBas_015-Ex1-7C-lcwgs-1-3.clmp.fp2_repr.R2	3346.0	8715.0	9134.0	9808.0	11095.0	12416.0	14821.0	17913.0	20773.0	24006.0	30236.0	37521.0	47012.0	58272.0	70751.0	87054.0	104081.0	119445.0	135509.0	151009.0	165281.0	178993.0	159307.0	405005.0	2857906.0
	32	37	42	47	52	57	62	67	72	77	82	87	92	97	102	107	112	117	122	127	132	137	142	147	150
Sfa-CBas_016-Ex1-7G-lcwgs-1-3.clmp.fp2_repr.R1	3998.0	10225.0	10461.0	11766.0	13785.0	15153.0	17782.0	21801.0	24678.0	27100.0	32217.0	38926.0	45135.0	52996.0	61982.0	72269.0	83071.0	95524.0	113056.0	130745.0	150251.0	174771.0	147680.0	553837.0	5508746.0
	32	37	42	47	52	57	62	67	72	77	82	87	92	97	102	107	112	117	122	127	132	137	142	147	150
Sfa-CBas_016-Ex1-7G-lcwgs-1-3.clmp.fp2_repr.R2	7878.0	20121.0	20700.0	21532.0	24461.0	26109.0	29752.0	35163.0	38037.0	39119.0	44557.0	51491.0	59242.0	68160.0	79495.0	94573.0	110655.0	127298.0	144660.0	163745.0	180770.0	201592.0	152076.0	649136.0	5027633.0
	32	37	42	47	52	57	62	67	72	77	82	87	92	97	102	107	112	117	122	127	132	137	142	147	150
Sfa-CBas_017-Ex1-5A-lcwgs-2-3.clmp.fp2_repr.R1	4266.0	10813.0	10984.0	12265.0	13856.0	14709.0	16885.0	20242.0	20794.0	21072.0	22732.0	25367.0	28512.0	32486.0	36599.0	42077.0	49010.0	57502.0	72071.0	86078.0	104938.0	129438.0	86379.0	638601.0	6669199.0
	32	37	42	47	52	57	62	67	72	77	82	87	92	97	102	107	112	117	122	127	132	137	142	147	150
Sfa-CBas_017-Ex1-5A-lcwgs-2-3.clmp.fp2_repr.R2	11412.0	29168.0	29806.0	31015.0	34492.0	35841.0	39897.0	45025.0	43933.0	41273.0	43475.0	47297.0	52609.0	58928.0	67087.0	80410.0	95456.0	112249.0	129755.0	148677.0	166843.0	184058.0	96512.0	809915.0	5791742.0
	32	37	42	47	52	57	62	67	72	77	82	87	92	97	102	107	112	117	122	127	132	137	142	147	150
Sfa-CBas_019-Ex1-5A-lcwgs-1-3.clmp.fp2_repr.R1	19.0	82.0	84.0	110.0	119.0	142.0	152.0	179.0	174.0	178.0	209.0	239.0	270.0	297.0	302.0	375.0	417.0	429.0	483.0	520.0	595.0	718.0	544.0	2033.0	16628.0
	32	37	42	47	52	57	62	67	72	77	82	87	92	97	102	107	112	117	122	127	132	137	142	147	150
Sfa-CBas_019-Ex1-5A-lcwgs-1-3.clmp.fp2_repr.R2	28.0	102.0	117.0	125.0	156.0	170.0	188.0	212.0	219.0	207.0	228.0	280.0	304.0	352.0	323.0	446.0	485.0	523.0	533.0	602.0	686.0	773.0	539.0	2343.0	15357.0
	32	37	42	47	52	57	62	67	72	77	82	87	92	97	102	107	112	117	122	127	132	137	142	147	150
Sfa-CBas_020-Ex1-7A-lcwgs-1-3.clmp.fp2_repr.R1	1285.0	3392.0	3805.0	4423.0	5237.0	6125.0	7767.0	10200.0	12741.0	15206.0	20026.0	24837.0	31097.0	37147.0	44152.0	51924.0	59648.0	67393.0	76239.0	84642.0	93685.0	103790.0	94683.0	234809.0	2143524.0
	32	37	42	47	52	57	62	67	72	77	82	87	92	97	102	107	112	117	122	127	132	137	142	147	150
Sfa-CBas_020-Ex1-7A-lcwgs-1-3.clmp.fp2_repr.R2	2265.0	5916.0	6157.0	6854.0	7859.0	8768.0	10394.0	13112.0	15832.0	18364.0	22997.0	27867.0	34529.0	40911.0	48550.0	57826.0	66707.0	75249.0	84064.0	92682.0	101008.0	109424.0	95570.0	269986.0	2014886.0
	32	37	42	47	52	57	62	67	72	77	82	87	92	97	102	107	112	117	122	127	132	137	142	147	150
Sfa-CBas_021-Ex1-8D-lcwgs-1-3.clmp.fp2_repr.R1	1415.0	3495.0	3916.0	4506.0	5470.0	5889.0	7488.0	9557.0	11542.0	13421.0	16689.0	20474.0	24258.0	28246.0	32825.0	37891.0	42926.0	48173.0	54565.0	62027.0	68173.0	77494.0	67461.0	211981.0	2084417.0
	32	37	42	47	52	57	62	67	72	77	82	87	92	97	102	107	112	117	122	127	132	137	142	147	150
Sfa-CBas_021-Ex1-8D-lcwgs-1-3.clmp.fp2_repr.R2	2762.0	6896.0	7182.0	7636.0	8897.0	9345.0	11246.0	13682.0	15434.0	17242.0	20529.0	24397.0	28495.0	33089.0	38364.0	45091.0	51641.0	58079.0	64494.0	72385.0	78519.0	85790.0	68975.0	246325.0	1927804.0
	32	37	42	47	52	57	62	67	72	77	82	87	92	97	102	107	112	117	122	127	132	137	142	147	150
Sfa-CBas_023-Ex1-4G-lcwgs-1-3.clmp.fp2_repr.R1	15.0	30.0	46.0	45.0	57.0	65.0	90.0	84.0	100.0	107.0	106.0	127.0	121.0	157.0	177.0	152.0	160.0	224.0	231.0	255.0	254.0	270.0	216.0	958.0	7677.0
	32	37	42	47	52	57	62	67	72	77	82	87	92	97	102	107	112	117	122	127	132	137	142	147	150
Sfa-CBas_023-Ex1-4G-lcwgs-1-3.clmp.fp2_repr.R2	24.0	45.0	55.0	57.0	83.0	75.0	102.0	109.0	123.0	120.0	130.0	150.0	141.0	192.0	186.0	187.0	181.0	270.0	299.0	296.0	319.0	303.0	214.0	1201.0	6862.0
	32	37	42	47	52	57	62	67	72	77	82	87	92	97	102	107	112	117	122	127	132	137	142	147	150
Sfa-CBas_024-Ex1-3G-lcwgs-1-3.clmp.fp2_repr.R1	6.0	20.0	23.0	31.0	29.0	36.0	38.0	45.0	40.0	43.0	55.0	70.0	64.0	72.0	73.0	90.0	96.0	123.0	154.0	161.0	188.0	210.0	141.0	797.0	5991.0
	32	37	42	47	52	57	62	67	72	77	82	87	92	97	102	107	112	117	122	127	132	137	142	147	150
Sfa-CBas_024-Ex1-3G-lcwgs-1-3.clmp.fp2_repr.R2	8.0	36.0	51.0	41.0	52.0	50.0	56.0	64.0	62.0	65.0	72.0	88.0	85.0	95.0	89.0	116.0	120.0	172.0	181.0	221.0	237.0	220.0	163.0	926.0	5326.0
	32	37	42	47	52	57	62	67	72	77	82	87	92	97	102	107	112	117	122	127	132	137	142	147	150
Sfa-CBas_025-Ex1-8H-lcwgs-1-3.clmp.fp2_repr.R1	3947.0	10098.0	11623.0	13230.0	15500.0	17072.0	21132.0	25829.0	30292.0	35097.0	42375.0	49054.0	57085.0	65717.0	74688.0	85339.0	96282.0	107928.0	123432.0	138371.0	155168.0	177254.0	154374.0	485816.0	4723989.0
	32	37	42	47	52	57	62	67	72	77	82	87	92	97	102	107	112	117	122	127	132	137	142	147	150
Sfa-CBas_025-Ex1-8H-lcwgs-1-3.clmp.fp2_repr.R2	6818.0	17527.0	18773.0	20310.0	23082.0	24963.0	29543.0	35301.0	39585.0	43848.0	51260.0	58384.0	67562.0	76935.0	87599.0	102231.0	116566.0	130638.0	146629.0	162197.0	177283.0	195975.0	156753.0	560533.0	4370397.0
	32	37	42	47	52	57	62	67	72	77	82	87	92	97	102	107	112	117	122	127	132	137	142	147	150
Sfa-CBas_026-Ex1-6D-lcwgs-1-3.clmp.fp2_repr.R1	15.0	40.0	49.0	64.0	68.0	72.0	96.0	120.0	111.0	125.0	132.0	151.0	150.0	229.0	195.0	251.0	233.0	286.0	316.0	361.0	419.0	421.0	331.0	1369.0	10463.0
	32	37	42	47	52	57	62	67	72	77	82	87	92	97	102	107	112	117	122	127	132	137	142	147	150
Sfa-CBas_026-Ex1-6D-lcwgs-1-3.clmp.fp2_repr.R2	19.0	75.0	82.0	73.0	76.0	84.0	119.0	146.0	144.0	161.0	156.0	167.0	168.0	250.0	236.0	271.0	322.0	344.0	386.0	415.0	459.0	458.0	344.0	1534.0	9578.0
	32	37	42	47	52	57	62	67	72	77	82	87	92	97	102	107	112	117	122	127	132	137	142	147	150
Sfa-CBas_027-Ex1-11A-lcwgs-2-3.clmp.fp2_repr.R1	1612.0	4591.0	4998.0	5756.0	6240.0	6916.0	7807.0	9192.0	9582.0	9831.0	10817.0	11950.0	13023.0	14672.0	15785.0	17733.0	19688.0	22294.0	26657.0	30596.0	35891.0	42573.0	31378.0	166392.0	1833581.0
	32	37	42	47	52	57	62	67	72	77	82	87	92	97	102	107	112	117	122	127	132	137	142	147	150
Sfa-CBas_027-Ex1-11A-lcwgs-2-3.clmp.fp2_repr.R2	3285.0	8859.0	9400.0	10178.0	11120.0	11718.0	13195.0	14969.0	15026.0	15096.0	15935.0	17385.0	18980.0	21069.0	23366.0	27065.0	31296.0	35351.0	40681.0	45452.0	50728.0	55584.0	33531.0	216852.0	1613434.0
	32	37	42	47	52	57	62	67	72	77	82	87	92	97	102	107	112	117	122	127	132	137	142	147	150
Sfa-CBas_028-Ex1-6B-lcwgs-2-3.clmp.fp2_repr.R1	4594.0	11042.0	11563.0	12585.0	14718.0	16069.0	19163.0	23330.0	26197.0	29145.0	35167.0	42229.0	49983.0	59568.0	69961.0	81937.0	95808.0	111319.0	132571.0	153768.0	176222.0	205694.0	171766.0	654798.0	6732098.0
	32	37	42	47	52	57	62	67	72	77	82	87	92	97	102	107	112	117	122	127	132	137	142	147	150
Sfa-CBas_028-Ex1-6B-lcwgs-2-3.clmp.fp2_repr.R2	9626.0	24438.0	24468.0	25898.0	28931.0	30634.0	35194.0	41080.0	43257.0	44455.0	51014.0	58425.0	67844.0	79499.0	92366.0	110118.0	130753.0	151557.0	173417.0	197992.0	218759.0	241674.0	178538.0	786478.0	6094880.0
	32	37	42	47	52	57	62	67	72	77	82	87	92	97	102	107	112	117	122	127	132	137	142	147	150
Sfa-CBas_029-Ex1-1B-lcwgs-2-3.clmp.fp2_repr.R1	4062.0	10054.0	10116.0	10791.0	11890.0	12759.0	14490.0	16422.0	17069.0	16868.0	18459.0	20386.0	22402.0	25155.0	27745.0	31802.0	36145.0	42764.0	53546.0	64083.0	76954.0	94974.0	61867.0	472439.0	4945256.0
	32	37	42	47	52	57	62	67	72	77	82	87	92	97	102	107	112	117	122	127	132	137	142	147	150
Sfa-CBas_029-Ex1-1B-lcwgs-2-3.clmp.fp2_repr.R2	9815.0	24469.0	24337.0	25139.0	27354.0	29084.0	32054.0	35689.0	35107.0	32942.0	34723.0	37670.0	41282.0	45726.0	51648.0	61525.0	72747.0	84969.0	98357.0	112343.0	124864.0	137335.0	69393.0	596970.0	4272956.0
	32	37	42	47	52	57	62	67	72	77	82	87	92	97	102	107	112	117	122	127	132	137	142	147	150
Sfa-CBas_031-Ex1-4B-lcwgs-2-3.clmp.fp2_repr.R1	4063.0	10106.0	10435.0	11021.0	12350.0	13249.0	15129.0	17216.0	17994.0	17889.0	19867.0	21662.0	23824.0	26190.0	29508.0	33516.0	38383.0	44822.0	55367.0	66108.0	79126.0	96233.0	65221.0	453547.0	4892715.0
	32	37	42	47	52	57	62	67	72	77	82	87	92	97	102	107	112	117	122	127	132	137	142	147	150
Sfa-CBas_031-Ex1-4B-lcwgs-2-3.clmp.fp2_repr.R2	9508.0	24111.0	24452.0	24893.0	27548.0	28973.0	32016.0	35676.0	35667.0	33294.0	35499.0	38239.0	41800.0	46319.0	52503.0	62575.0	73720.0	85888.0	97914.0	111852.0	124621.0	136469.0	72189.0	586126.0	4233689.0
	32	37	42	47	52	57	62	67	72	77	82	87	92	97	102	107	112	117	122	127	132	137	142	147	150
Sfa-CBas_032-Ex1-7E-lcwgs-1-3.clmp.fp2_repr.R1	3860.0	10477.0	12810.0	16026.0	21000.0	25138.0	31618.0	41539.0	51457.0	62132.0	77646.0	93245.0	109144.0	124462.0	142781.0	160443.0	178555.0	196563.0	217829.0	237277.0	258079.0	282184.0	257638.0	631426.0	5349628.0
	32	37	42	47	52	57	62	67	72	77	82	87	92	97	102	107	112	117	122	127	132	137	142	147	150
Sfa-CBas_032-Ex1-7E-lcwgs-1-3.clmp.fp2_repr.R2	6441.0	17193.0	19357.0	22793.0	28296.0	32298.0	39367.0	50135.0	60004.0	70583.0	86199.0	102000.0	118531.0	135193.0	155378.0	176262.0	198715.0	219076.0	240207.0	260189.0	278773.0	299875.0	260431.0	704659.0	5011002.0
	32	37	42	47	52	57	62	67	72	77	82	87	92	97	102	107	112	117	122	127	132	137	142	147	150
Sfa-CBas_036-Ex1-10A-lcwgs-2-3.clmp.fp2_repr.R1	2252.0	5533.0	5639.0	5843.0	6541.0	6967.0	7998.0	9109.0	9410.0	9000.0	9706.0	10693.0	11757.0	13288.0	14649.0	17352.0	20101.0	23960.0	30535.0	37845.0	45412.0	58032.0	36192.0	285596.0	3212278.0
	32	37	42	47	52	57	62	67	72	77	82	87	92	97	102	107	112	117	122	127	132	137	142	147	150
Sfa-CBas_036-Ex1-10A-lcwgs-2-3.clmp.fp2_repr.R2	5933.0	14907.0	14839.0	15035.0	16773.0	17114.0	19519.0	21394.0	20897.0	19067.0	19962.0	21505.0	24118.0	26500.0	29911.0	36161.0	43088.0	50477.0	58677.0	68702.0	76105.0	83705.0	40533.0	381632.0	2769134.0
	32	37	42	47	52	57	62	67	72	77	82	87	92	97	102	107	112	117	122	127	132	137	142	147	150
Sfa-CBas_039-Ex1-10B-lcwgs-2-3.clmp.fp2_repr.R1	4816.0	11872.0	11604.0	12108.0	12982.0	14074.0	15974.0	18517.0	18664.0	18352.0	20047.0	22269.0	23887.0	26985.0	30353.0	35027.0	40321.0	47615.0	59842.0	71834.0	87563.0	109510.0	70480.0	514216.0	5819195.0
	32	37	42	47	52	57	62	67	72	77	82	87	92	97	102	107	112	117	122	127	132	137	142	147	150
Sfa-CBas_039-Ex1-10B-lcwgs-2-3.clmp.fp2_repr.R2	11554.0	29015.0	28425.0	29012.0	31670.0	33293.0	37200.0	41412.0	40409.0	37457.0	39951.0	42923.0	47291.0	52361.0	59045.0	71138.0	84623.0	99309.0	114925.0	130062.0	145435.0	160703.0	79976.0	689513.0	4981405.0
	32	37	42	47	52	57	62	67	72	77	82	87	92	97	102	107	112	117	122	127	132	137	142	147	150
Sfa-CBas_041-Ex1-6A-lcwgs-1-3.clmp.fp2_repr.R1	7.0	18.0	20.0	20.0	22.0	29.0	34.0	43.0	50.0	46.0	55.0	53.0	74.0	60.0	73.0	88.0	97.0	122.0	141.0	140.0	165.0	159.0	117.0	546.0	4353.0
	32	37	42	47	52	57	62	67	72	77	82	87	92	97	102	107	112	117	122	127	132	137	142	147	150
Sfa-CBas_041-Ex1-6A-lcwgs-1-3.clmp.fp2_repr.R2	5.0	21.0	33.0	26.0	32.0	41.0	44.0	42.0	63.0	51.0	62.0	76.0	79.0	74.0	78.0	103.0	121.0	150.0	153.0	150.0	188.0	178.0	118.0	648.0	3996.0
	32	37	42	47	52	57	62	67	72	77	82	87	92	97	102	107	112	117	122	127	132	137	142	147	150
Sfa-CBas_043-Ex1-6F-lcwgs-1-3.clmp.fp2_repr.R1	14.0	37.0	49.0	65.0	58.0	80.0	65.0	88.0	82.0	92.0	89.0	117.0	114.0	144.0	147.0	163.0	184.0	224.0	245.0	267.0	315.0	326.0	273.0	1224.0	10219.0
	32	37	42	47	52	57	62	67	72	77	82	87	92	97	102	107	112	117	122	127	132	137	142	147	150
Sfa-CBas_043-Ex1-6F-lcwgs-1-3.clmp.fp2_repr.R2	23.0	59.0	68.0	73.0	80.0	100.0	106.0	126.0	115.0	113.0	111.0	148.0	123.0	185.0	178.0	218.0	222.0	274.0	353.0	330.0	350.0	409.0	306.0	1482.0	9129.0
	32	37	42	47	52	57	62	67	72	77	82	87	92	97	102	107	112	117	122	127	132	137	142	147	150
Sfa-CBas_046-Ex1-11B-lcwgs-2-3.clmp.fp2_repr.R1	5.0	14.0	17.0	20.0	19.0	30.0	30.0	37.0	50.0	34.0	52.0	39.0	58.0	42.0	86.0	94.0	87.0	94.0	124.0	125.0	169.0	181.0	128.0	650.0	4972.0
	32	37	42	47	52	57	62	67	72	77	82	87	92	97	102	107	112	117	122	127	132	137	142	147	150
Sfa-CBas_046-Ex1-11B-lcwgs-2-3.clmp.fp2_repr.R2	13.0	22.0	22.0	31.0	41.0	36.0	46.0	50.0	73.0	55.0	72.0	53.0	59.0	75.0	103.0	122.0	118.0	124.0	145.0	169.0	192.0	203.0	131.0	764.0	4438.0
	32	37	42	47	52	57	62	67	72	77	82	87	92	97	102	107	112	117	122	127	132	137	142	147	150
Sfa-CBas_048-Ex1-4C-lcwgs-1-3.clmp.fp2_repr.R1	8.0	42.0	35.0	57.0	59.0	71.0	88.0	81.0	93.0	104.0	127.0	125.0	135.0	122.0	183.0	184.0	196.0	218.0	241.0	246.0	246.0	310.0	276.0	920.0	7071.0
	32	37	42	47	52	57	62	67	72	77	82	87	92	97	102	107	112	117	122	127	132	137	142	147	150
Sfa-CBas_048-Ex1-4C-lcwgs-1-3.clmp.fp2_repr.R2	23.0	56.0	54.0	71.0	69.0	99.0	100.0	116.0	104.0	109.0	147.0	139.0	151.0	157.0	196.0	228.0	241.0	268.0	291.0	308.0	308.0	342.0	275.0	1100.0	6286.0
	32	37	42	47	52	57	62	67	72	77	82	87	92	97	102	107	112	117	122	127	132	137	142	147	150
Sfa-CBas_056-Ex1-7B-lcwgs-2-3.clmp.fp2_repr.R1	4089.0	10669.0	10579.0	11840.0	13235.0	14349.0	17112.0	20352.0	22821.0	24391.0	29079.0	34764.0	39820.0	46882.0	53944.0	62711.0	73336.0	84915.0	100775.0	117181.0	135925.0	158885.0	129305.0	558891.0	5667902.0
	32	37	42	47	52	57	62	67	72	77	82	87	92	97	102	107	112	117	122	127	132	137	142	147	150
Sfa-CBas_056-Ex1-7B-lcwgs-2-3.clmp.fp2_repr.R2	8590.0	21541.0	21685.0	22850.0	25430.0	26806.0	30575.0	35269.0	37565.0	37836.0	42807.0	48719.0	55406.0	63455.0	73692.0	88192.0	103364.0	119314.0	136838.0	155079.0	172223.0	189690.0	134639.0	663469.0	5128718.0
	32	37	42	47	52	57	62	67	72	77	82	87	92	97	102	107	112	117	122	127	132	137	142	147	150
Sfa-CBas_059-Ex1-7H-lcwgs-1-3.clmp.fp2_repr.R1	4282.0	10980.0	11479.0	12730.0	14425.0	15570.0	17863.0	21697.0	23745.0	25795.0	30719.0	37154.0	44873.0	54721.0	65042.0	77995.0	92244.0	108681.0	130252.0	152610.0	176448.0	206891.0	176928.0	637878.0	6458574.0
	32	37	42	47	52	57	62	67	72	77	82	87	92	97	102	107	112	117	122	127	132	137	142	147	150
Sfa-CBas_059-Ex1-7H-lcwgs-1-3.clmp.fp2_repr.R2	8768.0	22637.0	22984.0	24295.0	27066.0	28666.0	31666.0	37116.0	38999.0	39863.0	44979.0	51547.0	61407.0	72248.0	85512.0	103913.0	123597.0	144932.0	167437.0	190752.0	213512.0	238703.0	181779.0	755090.0	5892108.0
	32	37	42	47	52	57	62	67	72	77	82	87	92	97	102	107	112	117	122	127	132	137	142	147	150
Sfa-CBas_061-Ex1-2D-lcwgs-1-3.clmp.fp2_repr.R1	12.0	30.0	36.0	30.0	58.0	71.0	69.0	88.0	81.0	97.0	105.0	117.0	134.0	161.0	161.0	197.0	205.0	231.0	271.0	259.0	345.0	353.0	249.0	1217.0	9195.0
	32	37	42	47	52	57	62	67	72	77	82	87	92	97	102	107	112	117	122	127	132	137	142	147	150
Sfa-CBas_061-Ex1-2D-lcwgs-1-3.clmp.fp2_repr.R2	22.0	50.0	39.0	63.0	77.0	85.0	88.0	113.0	118.0	113.0	141.0	139.0	162.0	181.0	191.0	221.0	272.0	286.0	318.0	314.0	394.0	439.0	261.0	1482.0	8203.0
	32	37	42	47	52	57	62	67	72	77	82	87	92	97	102	107	112	117	122	127	132	137	142	147	150
Sfa-CBas_062-Ex1-2B-lcwgs-2-3.clmp.fp2_repr.R1	3110.0	7804.0	7808.0	8618.0	9602.0	10617.0	12212.0	14261.0	14772.0	14831.0	16466.0	18226.0	19940.0	22238.0	25072.0	27994.0	32195.0	36873.0	45200.0	53274.0	63297.0	76200.0	51787.0	349478.0	3751188.0
	32	37	42	47	52	57	62	67	72	77	82	87	92	97	102	107	112	117	122	127	132	137	142	147	150
Sfa-CBas_062-Ex1-2B-lcwgs-2-3.clmp.fp2_repr.R2	7097.0	18110.0	18140.0	18997.0	21056.0	22441.0	24884.0	28383.0	28214.0	26749.0	28794.0	31266.0	34382.0	37602.0	42898.0	50411.0	59854.0	68703.0	78598.0	88250.0	98072.0	107025.0	57177.0	444039.0	3251921.0
	32	37	42	47	52	57	62	67	72	77	82	87	92	97	102	107	112	117	122	127	132	137	142	147	150
Sfa-CBas_066-Ex1-2C-lcwgs-1-3.clmp.fp2_repr.R1	9.0	32.0	30.0	53.0	46.0	56.0	60.0	91.0	86.0	80.0	85.0	116.0	122.0	155.0	160.0	158.0	185.0	235.0	292.0	262.0	308.0	410.0	263.0	1254.0	10339.0
	32	37	42	47	52	57	62	67	72	77	82	87	92	97	102	107	112	117	122	127	132	137	142	147	150
Sfa-CBas_066-Ex1-2C-lcwgs-1-3.clmp.fp2_repr.R2	15.0	57.0	57.0	48.0	71.0	88.0	92.0	107.0	136.0	113.0	109.0	138.0	151.0	195.0	191.0	216.0	242.0	303.0	336.0	340.0	385.0	457.0	280.0	1533.0	9227.0
	32	37	42	47	52	57	62	67	72	77	82	87	92	97	102	107	112	117	122	127	132	137	142	147	150
Sfa-CBas_067-Ex1-3B-lcwgs-1-3.clmp.fp2_repr.R1	2.0	5.0	11.0	6.0	6.0	12.0	13.0	11.0	18.0	12.0	22.0	22.0	26.0	29.0	40.0	46.0	41.0	57.0	62.0	64.0	58.0	89.0	47.0	217.0	1856.0
	32	37	42	47	52	57	62	67	72	77	82	87	92	97	102	107	112	117	122	127	132	137	142	147	150
Sfa-CBas_067-Ex1-3B-lcwgs-1-3.clmp.fp2_repr.R2	2.0	12.0	9.0	14.0	7.0	13.0	15.0	19.0	27.0	25.0	30.0	26.0	33.0	33.0	44.0	50.0	54.0	63.0	70.0	71.0	69.0	87.0	63.0	292.0	1644.0
	32	37	42	47	52	57	62	67	72	77	82	87	92	97	102	107	112	117	122	127	132	137	142	147	150
Sfa-CBas_073-Ex1-9B-lcwgs-2-3.clmp.fp2_repr.R1	2.0	5.0	5.0	9.0	10.0	12.0	6.0	20.0	13.0	18.0	16.0	23.0	19.0	27.0	26.0	36.0	37.0	49.0	51.0	68.0	53.0	60.0	56.0	197.0	1601.0
	32	37	42	47	52	57	62	67	72	77	82	87	92	97	102	107	112	117	122	127	132	137	142	147	150
Sfa-CBas_073-Ex1-9B-lcwgs-2-3.clmp.fp2_repr.R2	5.0	10.0	7.0	15.0	10.0	9.0	7.0	20.0	14.0	21.0	26.0	31.0	23.0	25.0	28.0	39.0	42.0	54.0	63.0	74.0	75.0	64.0	58.0	256.0	1443.0
	32	37	42	47	52	57	62	67	72	77	82	87	92	97	102	107	112	117	122	127	132	137	142	147	150
Sfa-CBas_074-Ex1-2A-lcwgs-1-3.clmp.fp2_repr.R1	7.0	10.0	8.0	17.0	11.0	18.0	20.0	36.0	29.0	25.0	38.0	39.0	50.0	57.0	64.0	65.0	68.0	93.0	108.0	124.0	118.0	138.0	112.0	490.0	3914.0
	32	37	42	47	52	57	62	67	72	77	82	87	92	97	102	107	112	117	122	127	132	137	142	147	150
Sfa-CBas_074-Ex1-2A-lcwgs-1-3.clmp.fp2_repr.R2	8.0	23.0	20.0	21.0	21.0	28.0	23.0	42.0	34.0	36.0	41.0	47.0	64.0	78.0	76.0	89.0	82.0	125.0	122.0	168.0	148.0	165.0	113.0	596.0	3489.0
	32	37	42	47	52	57	62	67	72	77	82	87	92	97	102	107	112	117	122	127	132	137	142	147	150
Sfa-CBas_076-Ex1-8A-lcwgs-2-3.clmp.fp2_repr.R1	3256.0	8056.0	7975.0	8752.0	9703.0	10563.0	12135.0	13923.0	14615.0	14503.0	15631.0	17176.0	18859.0	21335.0	23282.0	26689.0	30346.0	36061.0	44322.0	53237.0	64139.0	76820.0	49944.0	372689.0	3978959.0
	32	37	42	47	52	57	62	67	72	77	82	87	92	97	102	107	112	117	122	127	132	137	142	147	150
Sfa-CBas_076-Ex1-8A-lcwgs-2-3.clmp.fp2_repr.R2	7607.0	19551.0	19517.0	20370.0	21992.0	23611.0	26498.0	29671.0	28895.0	27541.0	28624.0	31376.0	34210.0	37697.0	42504.0	50422.0	59970.0	70000.0	81077.0	91520.0	102785.0	110996.0	56513.0	477631.0	3432392.0
	32	37	42	47	52	57	62	67	72	77	82	87	92	97	102	107	112	117	122	127	132	137	142	147	150
Sfa-CBas_078-Ex1-7A-lcwgs-2-3.clmp.fp2_repr.R1	4077.0	10219.0	10544.0	10904.0	12634.0	13375.0	15297.0	17939.0	18502.0	18372.0	20201.0	22432.0	24322.0	27450.0	30632.0	34858.0	40063.0	47399.0	58953.0	71137.0	84542.0	105660.0	68222.0	512836.0	5594661.0
	32	37	42	47	52	57	62	67	72	77	82	87	92	97	102	107	112	117	122	127	132	137	142	147	150
Sfa-CBas_078-Ex1-7A-lcwgs-2-3.clmp.fp2_repr.R2	9967.0	25344.0	25295.0	25743.0	29021.0	30433.0	33513.0	37679.0	36938.0	34865.0	36941.0	40194.0	43869.0	48636.0	54754.0	65579.0	77506.0	90803.0	105110.0	120475.0	133480.0	148404.0	76265.0	659223.0	4885194.0
	32	37	42	47	52	57	62	67	72	77	82	87	92	97	102	107	112	117	122	127	132	137	142	147	150
Sfa-CBas_084-Ex1-9A-lcwgs-2-3.clmp.fp2_repr.R1	2439.0	6266.0	6238.0	6459.0	7170.0	7818.0	8840.0	10017.0	10203.0	9853.0	10664.0	11584.0	12556.0	14374.0	15937.0	18603.0	21139.0	24901.0	31954.0	38883.0	47301.0	58646.0	36243.0	315339.0	3286142.0
	32	37	42	47	52	57	62	67	72	77	82	87	92	97	102	107	112	117	122	127	132	137	142	147	150
Sfa-CBas_084-Ex1-9A-lcwgs-2-3.clmp.fp2_repr.R2	6342.0	16481.0	16439.0	16715.0	18643.0	19479.0	21340.0	23737.0	22714.0	21025.0	22170.0	23663.0	26101.0	28962.0	32682.0	39675.0	47681.0	55060.0	64379.0	73468.0	82121.0	89737.0	41794.0	397954.0	2811207.0
	32	37	42	47	52	57	62	67	72	77	82	87	92	97	102	107	112	117	122	127	132	137	142	147	150
Sfa-CBas_086-Ex1-4D-lcwgs-1-3.clmp.fp2_repr.R1	9.0	25.0	44.0	59.0	67.0	76.0	65.0	95.0	82.0	94.0	111.0	131.0	161.0	145.0	169.0	165.0	183.0	191.0	199.0	240.0	281.0	285.0	212.0	827.0	6481.0
	32	37	42	47	52	57	62	67	72	77	82	87	92	97	102	107	112	117	122	127	132	137	142	147	150
Sfa-CBas_086-Ex1-4D-lcwgs-1-3.clmp.fp2_repr.R2	14.0	45.0	60.0	70.0	78.0	90.0	88.0	118.0	102.0	119.0	109.0	152.0	165.0	155.0	181.0	180.0	205.0	238.0	254.0	276.0	332.0	344.0	209.0	939.0	5874.0
	32	37	42	47	52	57	62	67	72	77	82	87	92	97	102	107	112	117	122	127	132	137	142	147	150
Sfa-CBas_088-Ex1-2B-lcwgs-1-3.clmp.fp2_repr.R1	8.0	3.0	13.0	8.0	18.0	15.0	21.0	21.0	24.0	42.0	31.0	44.0	54.0	61.0	74.0	68.0	99.0	84.0	116.0	121.0	121.0	150.0	109.0	448.0	3275.0
	32	37	42	47	52	57	62	67	72	77	82	87	92	97	102	107	112	117	122	127	132	137	142	147	150
Sfa-CBas_088-Ex1-2B-lcwgs-1-3.clmp.fp2_repr.R2	5.0	13.0	23.0	24.0	25.0	17.0	24.0	26.0	33.0	47.0	45.0	50.0	59.0	65.0	80.0	77.0	106.0	97.0	132.0	137.0	125.0	176.0	121.0	467.0	3054.0
	32	37	42	47	52	57	62	67	72	77	82	87	92	97	102	107	112	117	122	127	132	137	142	147	150
Sfa-CBas_090-Ex1-12B-lcwgs-2-3.clmp.fp2_repr.R1	3041.0	7621.0	7776.0	8754.0	9608.0	10427.0	11880.0	13993.0	14521.0	14232.0	15782.0	17463.0	19631.0	22007.0	24969.0	28381.0	32522.0	38604.0	47946.0	57954.0	69472.0	85954.0	56914.0	426725.0	4559743.0
	32	37	42	47	52	57	62	67	72	77	82	87	92	97	102	107	112	117	122	127	132	137	142	147	150
Sfa-CBas_090-Ex1-12B-lcwgs-2-3.clmp.fp2_repr.R2	8108.0	20610.0	20522.0	21548.0	23567.0	24811.0	27624.0	30743.0	30257.0	28292.0	30234.0	32730.0	36686.0	40323.0	46041.0	54869.0	65196.0	76089.0	88301.0	101000.0	112253.0	123976.0	64017.0	542451.0	3955672.0
	32	37	42	47	52	57	62	67	72	77	82	87	92	97	102	107	112	117	122	127	132	137	142	147	150
Sfa-CBas_091-Ex1-5B-lcwgs-1-3.clmp.fp2_repr.R1	25.0	71.0	77.0	90.0	95.0	121.0	148.0	141.0	167.0	155.0	186.0	238.0	223.0	297.0	352.0	348.0	432.0	452.0	480.0	534.0	603.0	646.0	553.0	1721.0	13288.0
	32	37	42	47	52	57	62	67	72	77	82	87	92	97	102	107	112	117	122	127	132	137	142	147	150
Sfa-CBas_091-Ex1-5B-lcwgs-1-3.clmp.fp2_repr.R2	36.0	82.0	80.0	119.0	113.0	131.0	174.0	175.0	217.0	187.0	222.0	270.0	259.0	324.0	369.0	388.0	471.0	515.0	574.0	612.0	640.0	686.0	565.0	1972.0	12262.0
	32	37	42	47	52	57	62	67	72	77	82	87	92	97	102	107	112	117	122	127	132	137	142	147	150
Sfa-CBas_092-Ex1-1E-lcwgs-1-3.clmp.fp2_repr.R1	12.0	40.0	35.0	51.0	37.0	48.0	59.0	68.0	70.0	84.0	86.0	92.0	103.0	126.0	128.0	111.0	167.0	163.0	199.0	272.0	293.0	277.0	195.0	1258.0	9875.0
	32	37	42	47	52	57	62	67	72	77	82	87	92	97	102	107	112	117	122	127	132	137	142	147	150
Sfa-CBas_092-Ex1-1E-lcwgs-1-3.clmp.fp2_repr.R2	21.0	71.0	64.0	73.0	90.0	76.0	71.0	92.0	104.0	111.0	109.0	122.0	151.0	136.0	188.0	189.0	245.0	235.0	312.0	363.0	386.0	378.0	215.0	1504.0	8543.0
	32	37	42	47	52	57	62	67	72	77	82	87	92	97	102	107	112	117	122	127	132	137	142	147	150
Sfa-CBas_096-Ex1-1H-lcwgs-1-3.clmp.fp2_repr.R1	9.0	22.0	29.0	44.0	22.0	49.0	41.0	61.0	55.0	62.0	38.0	62.0	85.0	88.0	83.0	106.0	117.0	136.0	165.0	225.0	206.0	241.0	178.0	910.0	7216.0
	32	37	42	47	52	57	62	67	72	77	82	87	92	97	102	107	112	117	122	127	132	137	142	147	150
Sfa-CBas_096-Ex1-1H-lcwgs-1-3.clmp.fp2_repr.R2	11.0	47.0	36.0	43.0	46.0	66.0	64.0	73.0	85.0	74.0	71.0	83.0	89.0	109.0	120.0	143.0	180.0	199.0	240.0	233.0	245.0	269.0	192.0	1048.0	6484.0

