Sample	32	37	42	47	52	57	62	67	72	77	82	87	92	97	102	107	112	117	122	127	132	137	142	147	150
Cha-APnd_001-Ex1-1A-lcwgs-1-1.clmp.fp2_repr.R1	192.0	738.0	1281.0	2344.0	4176.0	7029.0	10623.0	14085.0	17257.0	19428.0	20336.0	20625.0	19488.0	17656.0	15844.0	14106.0	11942.0	10545.0	8648.0	7018.0	5782.0	4685.0	3952.0	3886.0	11669.0
Cha-APnd_001-Ex1-1A-lcwgs-1-1.clmp.fp2_repr.R2	284.0	923.0	1425.0	2491.0	4355.0	7155.0	10693.0	14208.0	17428.0	19500.0	20389.0	20658.0	19473.0	17565.0	15745.0	14011.0	11850.0	10450.0	8576.0	6946.0	5760.0	4642.0	3838.0	4167.0	10803.0
Cha-APnd_002-Ex1-1B-lcwgs-1-1.clmp.fp2_repr.R1	152.0	532.0	981.0	1680.0	3065.0	5453.0	8695.0	12278.0	15823.0	18413.0	19672.0	19784.0	18815.0	17263.0	15181.0	13158.0	11123.0	8939.0	7420.0	5809.0	4708.0	3711.0	3050.0	2767.0	7481.0
Cha-APnd_002-Ex1-1B-lcwgs-1-1.clmp.fp2_repr.R2	217.0	652.0	1097.0	1852.0	3224.0	5605.0	8819.0	12467.0	15852.0	18419.0	19736.0	19755.0	18716.0	17241.0	15083.0	13020.0	11097.0	8820.0	7324.0	5757.0	4673.0	3643.0	2960.0	2985.0	6939.0
Cha-APnd_003-Ex1-1C-lcwgs-1-1.clmp.fp2_repr.R1	8153.0	32553.0	49458.0	71194.0	98587.0	127824.0	153188.0	171990.0	177869.0	174529.0	162062.0	140713.0	118591.0	95093.0	72719.0	54066.0	38983.0	27411.0	19290.0	12858.0	8653.0	5873.0	4048.0	2988.0	6517.0
Cha-APnd_003-Ex1-1C-lcwgs-1-1.clmp.fp2_repr.R2	8426.0	33248.0	50099.0	71763.0	99032.0	128384.0	153598.0	172146.0	178065.0	174426.0	161683.0	140299.0	118134.0	94697.0	72328.0	53737.0	38729.0	27182.0	19070.0	12728.0	8534.0	5820.0	3953.0	3091.0	6038.0
Cha-APnd_004-Ex1-1D-lcwgs-1-1.clmp.fp2_repr.R1	1721.0	6810.0	11993.0	20738.0	35642.0	56583.0	81779.0	106498.0	124147.0	137119.0	138296.0	132908.0	121447.0	106896.0	91229.0	76006.0	60933.0	48774.0	38147.0	29312.0	22589.0	17339.0	13199.0	11349.0	26102.0
Cha-APnd_004-Ex1-1D-lcwgs-1-1.clmp.fp2_repr.R2	2053.0	7628.0	12688.0	21474.0	36301.0	57191.0	82183.0	106912.0	124482.0	137370.0	138347.0	132639.0	121131.0	106364.0	90769.0	75572.0	60604.0	48410.0	37712.0	28940.0	22328.0	17155.0	12949.0	11968.0	24386.0
Cha-APnd_005-Ex1-1E-lcwgs-1-1.clmp.fp2_repr.R1	6596.0	26201.0	38916.0	54853.0	75099.0	97673.0	119685.0	136844.0	146971.0	148842.0	142599.0	128651.0	112802.0	95451.0	78590.0	63584.0	50401.0	39259.0	30412.0	23112.0	17545.0	13201.0	10189.0	9026.0	22470.0
Cha-APnd_005-Ex1-1E-lcwgs-1-1.clmp.fp2_repr.R2	6909.0	26886.0	39575.0	55468.0	75691.0	98303.0	120071.0	137141.0	147199.0	148992.0	142524.0	128361.0	112539.0	95130.0	78341.0	63244.0	50016.0	38913.0	30148.0	22838.0	17382.0	13021.0	10038.0	9430.0	20812.0
Cha-APnd_006-Ex1-1F-lcwgs-1-1.clmp.fp2_repr.R1	265.0	974.0	1615.0	2764.0	5235.0	9264.0	14859.0	21734.0	28051.0	33043.0	36072.0	36450.0	34623.0	32156.0	28718.0	24910.0	21178.0	17850.0	14656.0	11870.0	9569.0	7749.0	6231.0	6030.0	16474.0
Cha-APnd_006-Ex1-1F-lcwgs-1-1.clmp.fp2_repr.R2	384.0	1259.0	1940.0	3050.0	5517.0	9445.0	15085.0	21990.0	28078.0	33152.0	36083.0	36440.0	34553.0	32044.0	28742.0	24638.0	20965.0	17684.0	14560.0	11769.0	9452.0	7668.0	6080.0	6377.0	15385.0
Cha-APnd_007-Ex1-1G-lcwgs-1-1.clmp.fp2_repr.R1	2949.0	11397.0	16824.0	22583.0	29777.0	36587.0	42574.0	46417.0	46967.0	45834.0	42203.0	36396.0	30871.0	25366.0	20358.0	15646.0	12196.0	9091.0	6924.0	5191.0	3895.0	3016.0	2327.0	2006.0	4736.0
Cha-APnd_007-Ex1-1G-lcwgs-1-1.clmp.fp2_repr.R2	3056.0	11603.0	17050.0	22783.0	30001.0	36768.0	42598.0	46510.0	46972.0	45738.0	42116.0	36420.0	30740.0	25263.0	20192.0	15562.0	12167.0	8993.0	6849.0	5156.0	3871.0	3000.0	2261.0	2058.0	4404.0
Cha-APnd_008-Ex1-1H-lcwgs-1-1.clmp.fp2_repr.R1	3681.0	15071.0	26087.0	42236.0	65959.0	95289.0	123071.0	146315.0	160762.0	168723.0	167003.0	156221.0	139891.0	120696.0	99747.0	80874.0	63486.0	48640.0	37331.0	28034.0	21104.0	15597.0	11670.0	10092.0	24114.0
Cha-APnd_008-Ex1-1H-lcwgs-1-1.clmp.fp2_repr.R2	4087.0	15934.0	26776.0	42996.0	66814.0	95796.0	123422.0	146757.0	161206.0	168830.0	166920.0	156101.0	139389.0	120285.0	99132.0	80321.0	63087.0	48256.0	37000.0	27723.0	20815.0	15380.0	11420.0	10648.0	22599.0
Cha-APnd_009-Ex1-2A-lcwgs-1-1.clmp.fp2_repr.R1	3413.0	14050.0	22572.0	32938.0	47979.0	66936.0	86857.0	104852.0	116142.0	122575.0	120919.0	112185.0	101252.0	87254.0	73306.0	60355.0	48059.0	38251.0	30177.0	23580.0	18559.0	14461.0	11048.0	10143.0	27283.0
Cha-APnd_009-Ex1-2A-lcwgs-1-1.clmp.fp2_repr.R2	3730.0	14801.0	23237.0	33691.0	48609.0	67448.0	87322.0	105266.0	116530.0	122620.0	120988.0	112008.0	100935.0	86876.0	72999.0	59824.0	47753.0	37903.0	29836.0	23292.0	18364.0	14241.0	10800.0	10671.0	25402.0
Cha-APnd_010-Ex1-2B-lcwgs-1-1.clmp.fp2_repr.R1	1764.0	7181.0	12496.0	19518.0	30281.0	43756.0	57545.0	69066.0	76165.0	78261.0	76832.0	70757.0	62183.0	53485.0	44358.0	35510.0	27995.0	21688.0	16440.0	12508.0	9314.0	7105.0	5521.0	4724.0	11967.0
Cha-APnd_010-Ex1-2B-lcwgs-1-1.clmp.fp2_repr.R2	1923.0	7694.0	12863.0	19904.0	30656.0	43986.0	57723.0	69295.0	76424.0	78392.0	76704.0	70517.0	62025.0	53280.0	44091.0	35335.0	27758.0	21527.0	16272.0	12321.0	9223.0	7039.0	5375.0	4935.0	11158.0
Cha-APnd_011-Ex1-2C-lcwgs-1-1.clmp.fp2_repr.R1	1434.0	5896.0	9824.0	14632.0	21870.0	30948.0	41248.0	51076.0	58213.0	61337.0	62134.0	58712.0	52882.0	46637.0	39948.0	33430.0	27431.0	22025.0	17645.0	13763.0	11000.0	8900.0	6987.0	6573.0	18952.0
Cha-APnd_011-Ex1-2C-lcwgs-1-1.clmp.fp2_repr.R2	1579.0	6357.0	10209.0	14983.0	22318.0	31288.0	41434.0	51114.0	58409.0	61541.0	62094.0	58635.0	52750.0	46396.0	39726.0	33219.0	27299.0	21785.0	17530.0	13635.0	10907.0	8830.0	6858.0	6961.0	17640.0
Cha-APnd_012-Ex1-2D-lcwgs-1-1.clmp.fp2_repr.R1	4528.0	18347.0	28781.0	41728.0	58855.0	79132.0	98147.0	112239.0	119978.0	121143.0	115456.0	104268.0	91270.0	76259.0	62380.0	49932.0	38947.0	29951.0	22780.0	17098.0	13176.0	10022.0	7495.0	6694.0	17824.0
Cha-APnd_012-Ex1-2D-lcwgs-1-1.clmp.fp2_repr.R2	4741.0	19011.0	29371.0	42156.0	59412.0	79550.0	98381.0	112458.0	120114.0	121209.0	115394.0	104134.0	91054.0	76057.0	62011.0	49484.0	38694.0	29773.0	22529.0	16947.0	12942.0	9889.0	7387.0	7167.0	16565.0
Cha-APnd_013-Ex1-2E-lcwgs-1-1.clmp.fp2_repr.R1	474.0	2205.0	4175.0	7252.0	11997.0	17828.0	24016.0	29466.0	33587.0	35586.0	35334.0	32607.0	28460.0	23936.0	19139.0	15393.0	11597.0	8627.0	6350.0	4778.0	3510.0	2675.0	2038.0	1776.0	4782.0
Cha-APnd_013-Ex1-2E-lcwgs-1-1.clmp.fp2_repr.R2	557.0	2342.0	4303.0	7367.0	12124.0	17979.0	24089.0	29590.0	33561.0	35571.0	35397.0	32633.0	28384.0	23771.0	19115.0	15322.0	11499.0	8553.0	6298.0	4722.0	3496.0	2643.0	1998.0	1843.0	4431.0
Cha-APnd_014-Ex1-2F-lcwgs-1-1.clmp.fp2_repr.R1	6789.0	28304.0	45015.0	64415.0	84913.0	107307.0	124216.0	136088.0	140209.0	137767.0	129736.0	114257.0	97910.0	82383.0	67143.0	54606.0	43066.0	34075.0	26316.0	20319.0	15930.0	12606.0	9775.0	8718.0	24482.0
Cha-APnd_014-Ex1-2F-lcwgs-1-1.clmp.fp2_repr.R2	7037.0	29050.0	45620.0	64922.0	85492.0	107712.0	124370.0	136512.0	140571.0	137653.0	129729.0	114104.0	97602.0	82127.0	66885.0	54278.0	42727.0	33821.0	26075.0	20172.0	15749.0	12372.0	9609.0	9271.0	22885.0
Cha-APnd_015-Ex1-2G-lcwgs-1-1.clmp.fp2_repr.R1	1309.0	5150.0	9146.0	15671.0	26024.0	39975.0	55724.0	70896.0	82619.0	90542.0	92961.0	88909.0	82330.0	73099.0	63406.0	53377.0	44258.0	35706.0	28490.0	22723.0	18181.0	14641.0	11818.0	10553.0	27824.0
Cha-APnd_015-Ex1-2G-lcwgs-1-1.clmp.fp2_repr.R2	1528.0	5753.0	9696.0	16169.0	26578.0	40323.0	56150.0	71294.0	83019.0	90666.0	92924.0	88748.0	82166.0	72932.0	63151.0	53090.0	43974.0	35360.0	28249.0	22501.0	18030.0	14448.0	11500.0	11077.0	26006.0
Cha-APnd_016-Ex1-2H-lcwgs-1-1.clmp.fp2_repr.R1	8314.0	32993.0	48505.0	67410.0	88553.0	109854.0	125646.0	134279.0	134837.0	128644.0	117196.0	101767.0	85637.0	69897.0	55766.0	44308.0	34072.0	25771.0	19632.0	14784.0	10988.0	8300.0	6277.0	5400.0	13270.0
Cha-APnd_016-Ex1-2H-lcwgs-1-1.clmp.fp2_repr.R2	8527.0	33602.0	49066.0	67843.0	89134.0	110271.0	125776.0	134531.0	134929.0	128612.0	116960.0	101564.0	85378.0	69539.0	55497.0	44123.0	33823.0	25620.0	19454.0	14608.0	10873.0	8176.0	6101.0	5647.0	12446.0
Cha-APnd_017-Ex1-3A-lcwgs-1-1.clmp.fp2_repr.R1	2124.0	8589.0	13756.0	21398.0	32396.0	46806.0	62723.0	77101.0	87173.0	92646.0	93670.0	88940.0	81364.0	72519.0	62825.0	52831.0	43746.0	35603.0	28465.0	22881.0	18360.0	14628.0	11614.0	10876.0	29748.0
Cha-APnd_017-Ex1-3A-lcwgs-1-1.clmp.fp2_repr.R2	2420.0	9334.0	14379.0	22077.0	32978.0	47315.0	63227.0	77511.0	87424.0	92878.0	93896.0	88836.0	81073.0	72234.0	62553.0	52320.0	43417.0	35357.0	28171.0	22531.0	18007.0	14397.0	11363.0	11492.0	27592.0
Cha-APnd_018-Ex1-3B-lcwgs-1-1.clmp.fp2_repr.R1	665.0	2719.0	4553.0	6555.0	8986.0	11228.0	13500.0	14726.0	15355.0	15304.0	14395.0	13275.0	11513.0	9947.0	8448.0	6987.0	5665.0	4568.0	3762.0	2951.0	2457.0	1860.0	1545.0	1384.0	5108.0
Cha-APnd_018-Ex1-3B-lcwgs-1-1.clmp.fp2_repr.R2	713.0	2849.0	4650.0	6598.0	9058.0	11309.0	13561.0	14792.0	15401.0	15313.0	14415.0	13242.0	11526.0	9926.0	8394.0	6925.0	5612.0	4543.0	3721.0	2946.0	2443.0	1815.0	1516.0	1535.0	4653.0
Cha-APnd_019-Ex1-3C-lcwgs-1-1.clmp.fp2_repr.R1	159.0	603.0	948.0	1519.0	2092.0	2769.0	3193.0	3620.0	3598.0	3649.0	3296.0	2944.0	2581.0	2108.0	1792.0	1425.0	1169.0	929.0	739.0	600.0	472.0	403.0	348.0	411.0	1736.0
Cha-APnd_019-Ex1-3C-lcwgs-1-1.clmp.fp2_repr.R2	163.0	653.0	989.0	1528.0	2138.0	2797.0	3219.0	3645.0	3607.0	3654.0	3283.0	2967.0	2569.0	2096.0	1781.0	1430.0	1166.0	918.0	720.0	593.0	476.0	398.0	358.0	470.0	1485.0
Cha-APnd_020-Ex1-3D-lcwgs-1-1.clmp.fp2_repr.R1	45.0	178.0	367.0	551.0	813.0	1023.0	1366.0	1476.0	1474.0	1482.0	1468.0	1234.0	1077.0	923.0	769.0	687.0	590.0	463.0	401.0	319.0	331.0	268.0	240.0	434.0	3457.0
Cha-APnd_020-Ex1-3D-lcwgs-1-1.clmp.fp2_repr.R2	57.0	212.0	385.0	573.0	835.0	1052.0	1387.0	1489.0	1503.0	1471.0	1480.0	1255.0	1077.0	917.0	778.0	691.0	590.0	463.0	414.0	335.0	333.0	291.0	239.0	598.0	3011.0
Cha-APnd_021-Ex1-3E-lcwgs-1-1.clmp.fp2_repr.R1	1786.0	6890.0	10550.0	14742.0	19152.0	23826.0	27939.0	30548.0	31513.0	31189.0	29286.0	26698.0	23474.0	20108.0	16941.0	14089.0	11462.0	9064.0	7146.0	5581.0	4484.0	3657.0	2841.0	2620.0	8058.0
Cha-APnd_021-Ex1-3E-lcwgs-1-1.clmp.fp2_repr.R2	1886.0	7069.0	10753.0	14893.0	19237.0	23981.0	28055.0	30664.0	31510.0	31172.0	29263.0	26618.0	23399.0	20078.0	16828.0	14054.0	11407.0	9032.0	7089.0	5555.0	4445.0	3629.0	2780.0	2773.0	7474.0
Cha-APnd_022-Ex1-3F-lcwgs-1-1.clmp.fp2_repr.R1	8291.0	31353.0	45327.0	59589.0	74727.0	90217.0	102629.0	110076.0	109931.0	106614.0	100046.0	88723.0	76294.0	64004.0	52721.0	42736.0	33639.0	25849.0	20340.0	15426.0	11793.0	8932.0	6996.0	6122.0	16310.0
Cha-APnd_022-Ex1-3F-lcwgs-1-1.clmp.fp2_repr.R2	8570.0	31968.0	45867.0	59971.0	75234.0	90492.0	102958.0	110259.0	109998.0	106733.0	100067.0	88524.0	76083.0	63765.0	52363.0	42508.0	33387.0	25547.0	20135.0	15303.0	11674.0	8846.0	6867.0	6485.0	15081.0
Cha-APnd_023-Ex1-3G-lcwgs-1-1.clmp.fp2_repr.R1	52.0	200.0	301.0	484.0	555.0	689.0	839.0	857.0	868.0	834.0	786.0	706.0	608.0	503.0	433.0	371.0	305.0	253.0	195.0	164.0	137.0	117.0	100.0	121.0	568.0
Cha-APnd_023-Ex1-3G-lcwgs-1-1.clmp.fp2_repr.R2	53.0	205.0	314.0	487.0	565.0	688.0	844.0	881.0	866.0	843.0	786.0	713.0	614.0	503.0	424.0	365.0	306.0	248.0	188.0	166.0	129.0	116.0	99.0	142.0	501.0
Cha-APnd_024-Ex1-3H-lcwgs-1-1.clmp.fp2_repr.R1	44.0	159.0	306.0	373.0	500.0	546.0	656.0	660.0	668.0	643.0	611.0	527.0	456.0	437.0	339.0	319.0	274.0	226.0	174.0	163.0	146.0	125.0	117.0	197.0	1119.0
Cha-APnd_024-Ex1-3H-lcwgs-1-1.clmp.fp2_repr.R2	50.0	167.0	320.0	382.0	505.0	550.0	681.0	664.0	680.0	638.0	637.0	522.0	459.0	434.0	339.0	330.0	275.0	229.0	172.0	164.0	147.0	138.0	114.0	249.0	939.0
Cha-APnd_025-Ex1-4A-lcwgs-1-1.clmp.fp2_repr.R1	61.0	199.0	323.0	552.0	1009.0	1665.0	2639.0	3648.0	4287.0	4777.0	4931.0	4869.0	4567.0	3938.0	3560.0	3084.0	2604.0	2073.0	1833.0	1414.0	1172.0	995.0	833.0	809.0	2722.0
Cha-APnd_025-Ex1-4A-lcwgs-1-1.clmp.fp2_repr.R2	77.0	250.0	373.0	574.0	1045.0	1710.0	2680.0	3643.0	4293.0	4828.0	4974.0	4799.0	4554.0	3968.0	3535.0	3066.0	2576.0	2057.0	1856.0	1388.0	1165.0	988.0	831.0	883.0	2451.0
Cha-APnd_026-Ex1-4B-lcwgs-1-1.clmp.fp2_repr.R1	7945.0	31792.0	48009.0	64334.0	80793.0	96111.0	109146.0	116063.0	118660.0	116123.0	109769.0	98863.0	87435.0	75141.0	63636.0	53171.0	43201.0	34400.0	27899.0	22186.0	17189.0	13930.0	10859.0	9981.0	26873.0
Cha-APnd_026-Ex1-4B-lcwgs-1-1.clmp.fp2_repr.R2	8182.0	32510.0	48675.0	64887.0	81423.0	96563.0	109395.0	116504.0	118875.0	116133.0	109881.0	98799.0	87129.0	74885.0	63296.0	52776.0	42920.0	34125.0	27657.0	21942.0	16989.0	13766.0	10696.0	10386.0	25115.0
Cha-APnd_027-Ex1-4C-lcwgs-1-1.clmp.fp2_repr.R1	12141.0	45696.0	64327.0	79937.0	94208.0	105965.0	113269.0	114393.0	110054.0	102674.0	92301.0	79778.0	67043.0	55542.0	46238.0	36889.0	29286.0	23081.0	18216.0	14053.0	10955.0	8589.0	6850.0	6162.0	16840.0
Cha-APnd_027-Ex1-4C-lcwgs-1-1.clmp.fp2_repr.R2	12426.0	46290.0	64803.0	80392.0	94437.0	106296.0	113502.0	114562.0	110207.0	102699.0	92194.0	79702.0	66791.0	55195.0	46013.0	36743.0	28994.0	22944.0	18051.0	13903.0	10880.0	8531.0	6679.0	6585.0	15668.0
Cha-APnd_028-Ex1-4D-lcwgs-1-1.clmp.fp2_repr.R1	2535.0	11245.0	21797.0	38668.0	64050.0	96971.0	127505.0	151157.0	164661.0	167702.0	158166.0	141372.0	122324.0	104043.0	87321.0	70921.0	57014.0	45395.0	35392.0	27166.0	21563.0	16955.0	13139.0	11751.0	33348.0
Cha-APnd_028-Ex1-4D-lcwgs-1-1.clmp.fp2_repr.R2	2854.0	12094.0	22653.0	39464.0	64830.0	97643.0	127855.0	151781.0	164881.0	167655.0	158057.0	141191.0	121867.0	103784.0	86905.0	70622.0	56678.0	44927.0	35069.0	26879.0	21348.0	16762.0	12851.0	12459.0	31052.0
Cha-APnd_029-Ex1-4E-lcwgs-1-1.clmp.fp2_repr.R1	5939.0	24015.0	35969.0	49632.0	66072.0	83777.0	99231.0	109334.0	114135.0	111459.0	103756.0	91892.0	79182.0	66742.0	55026.0	45038.0	35702.0	28383.0	21962.0	17489.0	13367.0	10697.0	8338.0	7624.0	21147.0
Cha-APnd_029-Ex1-4E-lcwgs-1-1.clmp.fp2_repr.R2	6176.0	24483.0	36572.0	50285.0	66421.0	84168.0	99518.0	109446.0	114258.0	111420.0	103928.0	91732.0	78992.0	66484.0	54785.0	44911.0	35406.0	28131.0	21847.0	17350.0	13199.0	10568.0	8197.0	8028.0	19603.0
Cha-APnd_030-Ex1-4F-lcwgs-1-1.clmp.fp2_repr.R1	580.0	2359.0	4038.0	7256.0	12770.0	20947.0	30026.0	38543.0	45014.0	48134.0	48279.0	44485.0	40189.0	35058.0	29948.0	24908.0	20350.0	16377.0	13419.0	10489.0	8068.0	6773.0	5136.0	4829.0	13322.0
Cha-APnd_030-Ex1-4F-lcwgs-1-1.clmp.fp2_repr.R2	639.0	2614.0	4245.0	7432.0	13016.0	21181.0	30224.0	38705.0	45192.0	48201.0	48214.0	44428.0	40134.0	34958.0	29857.0	24773.0	20268.0	16244.0	13317.0	10435.0	8013.0	6685.0	5063.0	5005.0	12454.0
Cha-APnd_031-Ex1-4G-lcwgs-1-1.clmp.fp2_repr.R1	134.0	448.0	834.0	1464.0	2917.0	5106.0	7770.0	11115.0	13960.0	16041.0	17005.0	17211.0	16249.0	15318.0	13672.0	12275.0	10372.0	8851.0	7423.0	6256.0	5078.0	4318.0	3476.0	3307.0	9643.0
Cha-APnd_031-Ex1-4G-lcwgs-1-1.clmp.fp2_repr.R2	194.0	581.0	947.0	1585.0	3067.0	5240.0	7830.0	11175.0	14066.0	16129.0	16984.0	17253.0	16225.0	15266.0	13645.0	12199.0	10326.0	8833.0	7311.0	6172.0	5060.0	4230.0	3441.0	3506.0	8978.0
Cha-APnd_032-Ex1-4H-lcwgs-1-1.clmp.fp2_repr.R1	8333.0	32242.0	48055.0	65407.0	85012.0	104900.0	119912.0	129537.0	132121.0	127716.0	119650.0	105634.0	90968.0	77004.0	63082.0	51411.0	41161.0	32220.0	25266.0	19550.0	15172.0	12346.0	9480.0	8717.0	24058.0
Cha-APnd_032-Ex1-4H-lcwgs-1-1.clmp.fp2_repr.R2	8544.0	32934.0	48535.0	65920.0	85476.0	105385.0	120163.0	129740.0	132373.0	127772.0	119565.0	105595.0	90754.0	76696.0	62793.0	51162.0	40948.0	31950.0	25067.0	19389.0	14979.0	12224.0	9377.0	9194.0	22419.0
Cha-APnd_033-Ex1-5A-lcwgs-1-1.clmp.fp2_repr.R1	17.0	63.0	132.0	177.0	228.0	294.0	321.0	372.0	413.0	399.0	356.0	365.0	284.0	270.0	240.0	225.0	146.0	160.0	133.0	110.0	115.0	98.0	70.0	158.0	848.0
Cha-APnd_033-Ex1-5A-lcwgs-1-1.clmp.fp2_repr.R2	24.0	84.0	148.0	188.0	235.0	300.0	336.0	372.0	425.0	414.0	361.0	361.0	280.0	268.0	247.0	226.0	155.0	154.0	138.0	114.0	114.0	96.0	66.0	179.0	709.0
Cha-APnd_034-Ex1-5B-lcwgs-1-1.clmp.fp2_repr.R1	160.0	662.0	1020.0	1262.0	1533.0	1670.0	1564.0	1508.0	1256.0	1134.0	992.0	830.0	689.0	543.0	502.0	416.0	367.0	341.0	279.0	241.0	232.0	198.0	159.0	281.0	1658.0
Cha-APnd_034-Ex1-5B-lcwgs-1-1.clmp.fp2_repr.R2	171.0	668.0	1028.0	1268.0	1533.0	1706.0	1569.0	1512.0	1263.0	1139.0	1009.0	833.0	694.0	541.0	518.0	408.0	371.0	342.0	282.0	235.0	236.0	212.0	167.0	317.0	1475.0
Cha-APnd_035-Ex1-5C-lcwgs-1-1.clmp.fp2_repr.R1	1845.0	8752.0	17085.0	28379.0	40688.0	49940.0	53069.0	50250.0	43656.0	35906.0	29451.0	22410.0	17543.0	14008.0	11402.0	9752.0	8251.0	6770.0	5827.0	5037.0	4277.0	3909.0	3453.0	4733.0	28368.0
Cha-APnd_035-Ex1-5C-lcwgs-1-1.clmp.fp2_repr.R2	1924.0	8971.0	17288.0	28546.0	40822.0	50132.0	53169.0	50354.0	43710.0	35983.0	29499.0	22430.0	17472.0	14018.0	11429.0	9733.0	8242.0	6784.0	5849.0	5080.0	4296.0	3938.0	3423.0	5927.0	25742.0
Cha-APnd_036-Ex1-5D-lcwgs-1-1.clmp.fp2_repr.R1	374.0	1469.0	2558.0	4220.0	6684.0	8932.0	10594.0	11864.0	12119.0	12543.0	12504.0	11451.0	10512.0	10022.0	9396.0	9121.0	8471.0	7193.0	6444.0	5754.0	5098.0	4882.0	4604.0	7146.0	52171.0
Cha-APnd_036-Ex1-5D-lcwgs-1-1.clmp.fp2_repr.R2	473.0	1737.0	2771.0	4457.0	6887.0	9153.0	10822.0	12040.0	12282.0	12683.0	12681.0	11589.0	10620.0	10076.0	9452.0	9213.0	8537.0	7258.0	6505.0	5847.0	5250.0	5086.0	4590.0	9368.0	46749.0
Cha-APnd_037-Ex1-5E-lcwgs-1-1.clmp.fp2_repr.R1	39.0	170.0	233.0	349.0	419.0	603.0	669.0	817.0	758.0	878.0	870.0	872.0	817.0	813.0	803.0	788.0	759.0	734.0	723.0	680.0	698.0	709.0	730.0	2115.0	21377.0
Cha-APnd_037-Ex1-5E-lcwgs-1-1.clmp.fp2_repr.R2	78.0	265.0	315.0	430.0	497.0	682.0	754.0	907.0	831.0	959.0	925.0	933.0	897.0	861.0	882.0	834.0	805.0	771.0	781.0	749.0	770.0	841.0	729.0	3181.0	18746.0
Cha-APnd_038-Ex1-5F-lcwgs-1-1.clmp.fp2_repr.R1	226.0	1054.0	2177.0	4304.0	8182.0	13572.0	19049.0	24543.0	27739.0	29638.0	29648.0	28161.0	25428.0	23186.0	20326.0	18181.0	15752.0	13427.0	11468.0	10045.0	8822.0	7521.0	6787.0	9362.0	58710.0
Cha-APnd_038-Ex1-5F-lcwgs-1-1.clmp.fp2_repr.R2	343.0	1359.0	2488.0	4574.0	8469.0	13802.0	19251.0	24764.0	27996.0	29876.0	29807.0	28166.0	25513.0	23304.0	20356.0	18144.0	15839.0	13427.0	11529.0	10166.0	8919.0	7665.0	6761.0	11506.0	53284.0
Cha-APnd_039-Ex1-5G-lcwgs-1-1.clmp.fp2_repr.R1	4.0	36.0	70.0	106.0	131.0	187.0	242.0	225.0	263.0	300.0	292.0	254.0	249.0	226.0	191.0	188.0	170.0	145.0	135.0	102.0	96.0	95.0	100.0	161.0	1000.0
Cha-APnd_039-Ex1-5G-lcwgs-1-1.clmp.fp2_repr.R2	11.0	41.0	79.0	107.0	133.0	204.0	253.0	237.0	272.0	304.0	296.0	258.0	249.0	228.0	197.0	185.0	171.0	147.0	126.0	100.0	103.0	102.0	95.0	189.0	881.0
Cha-APnd_040-Ex1-5H-lcwgs-1-1.clmp.fp2_repr.R1	37.0	135.0	181.0	268.0	346.0	434.0	447.0	506.0	491.0	520.0	487.0	464.0	372.0	351.0	306.0	270.0	215.0	190.0	154.0	148.0	146.0	147.0	111.0	213.0	1350.0
Cha-APnd_040-Ex1-5H-lcwgs-1-1.clmp.fp2_repr.R2	41.0	144.0	195.0	273.0	356.0	440.0	457.0	515.0	500.0	527.0	485.0	472.0	377.0	353.0	304.0	276.0	209.0	196.0	164.0	153.0	149.0	145.0	105.0	260.0	1193.0
Cha-CPnd_009-Ex1-8D-lcwgs-1-1.clmp.fp2_repr.R1	58.0	277.0	418.0	517.0	620.0	866.0	970.0	1056.0	1205.0	1286.0	1425.0	1527.0	1601.0	1701.0	1731.0	1833.0	1926.0	2007.0	2031.0	2021.0	1925.0	2058.0	2082.0	4693.0	41377.0
Cha-CPnd_009-Ex1-8D-lcwgs-1-1.clmp.fp2_repr.R2	129.0	464.0	608.0	707.0	772.0	1026.0	1130.0	1185.0	1362.0	1399.0	1558.0	1671.0	1718.0	1797.0	1836.0	1936.0	2015.0	2099.0	2113.0	2135.0	2059.0	2238.0	2118.0	6375.0	36761.0
Cha-CPnd_010-Ex1-7D-lcwgs-1-1.clmp.fp2_repr.R1	2671.0	10434.0	14620.0	17576.0	19911.0	21080.0	22208.0	22909.0	23500.0	24028.0	24677.0	24781.0	25359.0	25246.0	25603.0	25781.0	25867.0	25553.0	25595.0	25654.0	25839.0	26487.0	26380.0	55233.0	485920.0
Cha-CPnd_010-Ex1-7D-lcwgs-1-1.clmp.fp2_repr.R2	3439.0	12173.0	16383.0	19343.0	21535.0	22541.0	23697.0	24544.0	25035.0	25402.0	26043.0	26120.0	26493.0	26330.0	26950.0	27117.0	26891.0	26668.0	26840.0	26968.0	27673.0	28391.0	26286.0	71989.0	438061.0
Cha-CPnd_011-Ex1-7C-lcwgs-1-1.clmp.fp2_repr.R1	63.0	256.0	350.0	460.0	537.0	627.0	700.0	795.0	875.0	919.0	986.0	1005.0	1069.0	1137.0	1243.0	1240.0	1284.0	1303.0	1338.0	1300.0	1302.0	1338.0	1398.0	2807.0	24286.0
Cha-CPnd_011-Ex1-7C-lcwgs-1-1.clmp.fp2_repr.R2	115.0	347.0	462.0	554.0	613.0	717.0	792.0	865.0	951.0	973.0	1038.0	1069.0	1113.0	1213.0	1298.0	1313.0	1348.0	1374.0	1375.0	1377.0	1371.0	1428.0	1409.0	3737.0	21766.0
Cha-CPnd_013-Ex1-8G-lcwgs-1-1.clmp.fp2_repr.R1	3065.0	12087.0	17027.0	20570.0	22642.0	24206.0	24414.0	24896.0	24736.0	24694.0	24837.0	24450.0	24206.0	23617.0	23046.0	23057.0	22642.0	21886.0	21545.0	20765.0	20547.0	20622.0	20360.0	37081.0	295052.0
Cha-CPnd_013-Ex1-8G-lcwgs-1-1.clmp.fp2_repr.R2	3543.0	13202.0	18099.0	21654.0	23687.0	25089.0	25353.0	25773.0	25674.0	25508.0	25633.0	25283.0	24848.0	24368.0	23777.0	23684.0	23195.0	22469.0	22227.0	21633.0	21495.0	21568.0	20136.0	46938.0	267214.0
Cha-CPnd_014-Ex1-7F-lcwgs-1-1.clmp.fp2_repr.R1	5087.0	19441.0	26669.0	32548.0	36478.0	38737.0	40905.0	41516.0	43036.0	43486.0	44585.0	44852.0	45676.0	45692.0	46322.0	46441.0	46799.0	46208.0	46139.0	46005.0	46231.0	47599.0	48458.0	98625.0	889544.0
Cha-CPnd_014-Ex1-7F-lcwgs-1-1.clmp.fp2_repr.R2	6508.0	22802.0	29739.0	35577.0	39381.0	41632.0	43457.0	44221.0	45782.0	45989.0	47047.0	47201.0	47833.0	48043.0	48472.0	48607.0	48863.0	48425.0	48250.0	48661.0	49367.0	51003.0	48082.0	130626.0	801511.0
Cha-CPnd_015-Ex1-7E-lcwgs-1-1.clmp.fp2_repr.R1	1787.0	7105.0	10391.0	12701.0	14548.0	15469.0	16256.0	16689.0	17021.0	17189.0	17463.0	17575.0	17636.0	17913.0	17866.0	17854.0	17608.0	17384.0	17596.0	17240.0	17393.0	17765.0	17830.0	34673.0	285537.0
Cha-CPnd_015-Ex1-7E-lcwgs-1-1.clmp.fp2_repr.R2	2227.0	8212.0	11423.0	13739.0	15523.0	16443.0	17092.0	17553.0	17891.0	17931.0	18228.0	18341.0	18401.0	18593.0	18580.0	18557.0	18235.0	17982.0	18198.0	18045.0	18318.0	18897.0	17839.0	44193.0	258048.0
Cha-CPnd_016-Ex1-6E-lcwgs-1-1.clmp.fp2_repr.R1	876.0	3278.0	4406.0	5355.0	5768.0	6315.0	6430.0	6830.0	6722.0	6801.0	7175.0	7067.0	7061.0	7110.0	7134.0	7156.0	6997.0	7116.0	6930.0	6842.0	6927.0	7043.0	7053.0	14768.0	126778.0
Cha-CPnd_016-Ex1-6E-lcwgs-1-1.clmp.fp2_repr.R2	1096.0	3733.0	4941.0	5778.0	6255.0	6723.0	6780.0	7212.0	7092.0	7122.0	7536.0	7418.0	7422.0	7434.0	7401.0	7513.0	7229.0	7419.0	7306.0	7257.0	7475.0	7538.0	7007.0	19614.0	113637.0
Cha-CPnd_017-Ex1-8E-lcwgs-1-1.clmp.fp2_repr.R1	1447.0	5012.0	8708.0	10120.0	14145.0	15608.0	19541.0	20773.0	23061.0	25303.0	27033.0	29472.0	29552.0	32396.0	32723.0	35167.0	35176.0	36569.0	36846.0	37536.0	38307.0	40751.0	42357.0	92463.0	858199.0
Cha-CPnd_017-Ex1-8E-lcwgs-1-1.clmp.fp2_repr.R2	3045.0	8783.0	12118.0	13477.0	17524.0	18677.0	22621.0	23813.0	26084.0	27931.0	29503.0	32256.0	32037.0	34901.0	35269.0	37492.0	37450.0	38866.0	39339.0	40509.0	41788.0	44355.0	42080.0	125047.0	763300.0
Cha-CPnd_018-Ex1-6C-lcwgs-1-1.clmp.fp2_repr.R1	1660.0	6851.0	9748.0	12081.0	13980.0	14933.0	15933.0	16585.0	17151.0	17681.0	18072.0	18612.0	19150.0	19716.0	19978.0	20715.0	21111.0	21184.0	21121.0	21456.0	22388.0	22953.0	23794.0	50507.0	478423.0
Cha-CPnd_018-Ex1-6C-lcwgs-1-1.clmp.fp2_repr.R2	2420.0	8587.0	11461.0	13688.0	15571.0	16421.0	17409.0	18083.0	18683.0	19000.0	19408.0	20001.0	20470.0	20951.0	21342.0	22032.0	22434.0	22486.0	22418.0	22959.0	24333.0	24801.0	23825.0	69834.0	427166.0
Cha-CPnd_021-Ex1-5F-lcwgs-1-1.clmp.fp2_repr.R1	4926.0	18936.0	26445.0	32386.0	35694.0	37951.0	39765.0	41261.0	42457.0	42709.0	43826.0	44061.0	45003.0	44977.0	45369.0	45612.0	45371.0	45010.0	44799.0	44697.0	45194.0	45897.0	46332.0	87772.0	737827.0
Cha-CPnd_021-Ex1-5F-lcwgs-1-1.clmp.fp2_repr.R2	5969.0	21728.0	28798.0	34801.0	37928.0	40133.0	42000.0	43645.0	44691.0	44742.0	45638.0	45965.0	46836.0	46721.0	47087.0	47264.0	46984.0	46492.0	46468.0	46803.0	47606.0	48487.0	46259.0	114464.0	666768.0
Cha-CPnd_022-Ex1-6H-lcwgs-1-1.clmp.fp2_repr.R1	2753.0	10942.0	15193.0	19375.0	22006.0	24477.0	26330.0	28056.0	29466.0	30349.0	30988.0	31416.0	32073.0	32079.0	32213.0	31917.0	31482.0	31114.0	30592.0	30112.0	29729.0	29839.0	29613.0	56180.0	471560.0
Cha-CPnd_022-Ex1-6H-lcwgs-1-1.clmp.fp2_repr.R2	3456.0	12626.0	16836.0	20790.0	23419.0	25838.0	27620.0	29377.0	30696.0	31585.0	32208.0	32668.0	33213.0	33013.0	33190.0	33030.0	32471.0	32127.0	31503.0	31408.0	31184.0	31587.0	29408.0	73146.0	427455.0
Cha-CPnd_023-Ex1-1G-lcwgs-1-1.clmp.fp2_repr.R1	141.0	601.0	883.0	1158.0	1412.0	1724.0	2064.0	2144.0	2309.0	2368.0	2459.0	2522.0	2623.0	2545.0	2579.0	2585.0	2536.0	2488.0	2444.0	2428.0	2441.0	2428.0	2412.0	5528.0	45881.0
Cha-CPnd_023-Ex1-1G-lcwgs-1-1.clmp.fp2_repr.R2	205.0	795.0	1078.0	1320.0	1566.0	1868.0	2196.0	2282.0	2460.0	2520.0	2589.0	2624.0	2739.0	2629.0	2664.0	2712.0	2613.0	2579.0	2566.0	2543.0	2620.0	2627.0	2439.0	7238.0	41231.0
Cha-CPnd_024-Ex1-4A-lcwgs-1-1.clmp.fp2_repr.R1	1310.0	5161.0	7670.0	9734.0	11120.0	12551.0	13786.0	14685.0	15075.0	16086.0	16945.0	17428.0	18123.0	18643.0	19343.0	19565.0	19669.0	19674.0	19770.0	19792.0	20332.0	20976.0	21503.0	46164.0	455351.0
Cha-CPnd_024-Ex1-4A-lcwgs-1-1.clmp.fp2_repr.R2	2002.0	6851.0	9385.0	11197.0	12754.0	14026.0	15232.0	16133.0	16578.0	17365.0	18203.0	18672.0	19403.0	19797.0	20467.0	20687.0	20870.0	20839.0	20933.0	21256.0	21983.0	23037.0	21580.0	64809.0	406397.0
Cha-CPnd_025-Ex1-2H-lcwgs-1-1.clmp.fp2_repr.R1	1521.0	5907.0	8090.0	10326.0	12423.0	14272.0	16142.0	17996.0	19845.0	20924.0	22544.0	23512.0	24638.0	25362.0	25570.0	26610.0	26623.0	26862.0	26874.0	26620.0	26983.0	28383.0	28639.0	62401.0	578731.0
Cha-CPnd_025-Ex1-2H-lcwgs-1-1.clmp.fp2_repr.R2	2389.0	7908.0	10025.0	12250.0	14261.0	16229.0	17923.0	19899.0	21666.0	22652.0	24279.0	25206.0	26112.0	26858.0	27190.0	28041.0	27983.0	28309.0	28444.0	28687.0	29150.0	30634.0	28713.0	82707.0	520283.0
Cha-CPnd_026-Ex1-8H-lcwgs-1-1.clmp.fp2_repr.R1	1696.0	6722.0	9536.0	12055.0	13785.0	14933.0	16209.0	17601.0	18263.0	19143.0	20147.0	20373.0	21139.0	21654.0	21724.0	22205.0	22229.0	22048.0	21742.0	21889.0	22001.0	22379.0	22751.0	44118.0	384391.0
Cha-CPnd_026-Ex1-8H-lcwgs-1-1.clmp.fp2_repr.R2	2197.0	8121.0	10880.0	13228.0	15031.0	16178.0	17370.0	18895.0	19544.0	20091.0	21158.0	21374.0	22129.0	22592.0	22855.0	23108.0	23175.0	22880.0	22721.0	23060.0	23218.0	23982.0	22814.0	57854.0	346278.0
Cha-CPnd_027-Ex1-5E-lcwgs-1-1.clmp.fp2_repr.R1	1467.0	5490.0	7777.0	9542.0	10483.0	11119.0	11756.0	12039.0	12314.0	12578.0	12771.0	12628.0	13088.0	12879.0	13017.0	13175.0	13173.0	13042.0	12877.0	12975.0	13193.0	13648.0	13808.0	28866.0	256485.0
Cha-CPnd_027-Ex1-5E-lcwgs-1-1.clmp.fp2_repr.R2	1893.0	6445.0	8704.0	10467.0	11386.0	11939.0	12590.0	12889.0	13215.0	13311.0	13513.0	13404.0	13746.0	13602.0	13789.0	13895.0	13875.0	13663.0	13505.0	13871.0	14136.0	14664.0	13812.0	38337.0	229539.0
Cha-CPnd_028-Ex1-1B-lcwgs-1-1.clmp.fp2_repr.R1	1441.0	5624.0	8149.0	10943.0	12726.0	14202.0	15842.0	17187.0	18081.0	19036.0	20003.0	20778.0	21297.0	22318.0	22481.0	23228.0	23553.0	23462.0	23895.0	24120.0	24705.0	25879.0	26084.0	54153.0	502402.0
Cha-CPnd_028-Ex1-1B-lcwgs-1-1.clmp.fp2_repr.R2	2190.0	7372.0	9955.0	12605.0	14436.0	15785.0	17400.0	18741.0	19702.0	20382.0	21401.0	22260.0	22519.0	23574.0	23767.0	24479.0	24841.0	24685.0	25234.0	25646.0	26611.0	27814.0	26273.0	73787.0	450130.0
Cha-CPnd_030-Ex1-3H-lcwgs-1-1.clmp.fp2_repr.R1	2445.0	8596.0	15565.0	16949.0	25730.0	26830.0	34248.0	36115.0	39803.0	43092.0	44674.0	48024.0	48367.0	53383.0	52051.0	56395.0	55786.0	58668.0	58081.0	61095.0	62434.0	66530.0	68603.0	164145.0	1545488.0
Cha-CPnd_030-Ex1-3H-lcwgs-1-1.clmp.fp2_repr.R2	5095.0	15131.0	21648.0	22900.0	31817.0	32505.0	39559.0	41648.0	45253.0	47799.0	49574.0	53037.0	52922.0	57961.0	56653.0	61047.0	60305.0	62951.0	62837.0	66609.0	68951.0	73728.0	68745.0	218934.0	1375488.0
Cha-CPnd_031-Ex1-2E-lcwgs-1-1.clmp.fp2_repr.R1	6041.0	23438.0	32163.0	39979.0	45482.0	50154.0	54263.0	57772.0	60731.0	62994.0	66056.0	66827.0	68948.0	70572.0	72798.0	73503.0	74439.0	74721.0	75069.0	75695.0	76750.0	79770.0	81787.0	171459.0	1548599.0
Cha-CPnd_031-Ex1-2E-lcwgs-1-1.clmp.fp2_repr.R2	8491.0	29271.0	37624.0	45163.0	50598.0	55182.0	59122.0	62450.0	65390.0	67328.0	70353.0	71237.0	73117.0	74557.0	76661.0	77577.0	78293.0	78500.0	79010.0	80679.0	82489.0	86091.0	81533.0	226774.0	1392520.0
Cha-CPnd_032-Ex1-7B-lcwgs-1-1.clmp.fp2_repr.R1	3030.0	12610.0	19088.0	23796.0	26782.0	28697.0	29921.0	30760.0	31067.0	31315.0	31562.0	31630.0	31629.0	31544.0	31295.0	31509.0	30565.0	30137.0	29881.0	29198.0	28893.0	29367.0	29231.0	53807.0	456239.0
Cha-CPnd_032-Ex1-7B-lcwgs-1-1.clmp.fp2_repr.R2	3720.0	14216.0	20712.0	25290.0	28272.0	30191.0	31228.0	32022.0	32412.0	32474.0	32701.0	32780.0	32541.0	32566.0	32362.0	32419.0	31572.0	31027.0	30827.0	30454.0	30182.0	30876.0	29167.0	69875.0	413667.0
Cha-CPnd_033-Ex1-8F-lcwgs-1-1.clmp.fp2_repr.R1	4383.0	17509.0	25482.0	32229.0	37303.0	40233.0	42300.0	44454.0	45624.0	46520.0	47565.0	48050.0	48680.0	49380.0	49896.0	50170.0	50785.0	50798.0	51026.0	50779.0	51631.0	54654.0	54904.0	113148.0	1049530.0
Cha-CPnd_033-Ex1-8F-lcwgs-1-1.clmp.fp2_repr.R2	6122.0	21500.0	29224.0	35898.0	40786.0	43523.0	45635.0	47887.0	48812.0	49264.0	50603.0	51124.0	51538.0	51951.0	52741.0	52899.0	53254.0	53476.0	53743.0	53931.0	55698.0	58803.0	55080.0	153818.0	939723.0
Cha-CPnd_034-Ex1-6B-lcwgs-1-1.clmp.fp2_repr.R1	2535.0	11294.0	17367.0	23187.0	27302.0	29746.0	31516.0	33219.0	33661.0	35001.0	35493.0	35816.0	36171.0	36786.0	36505.0	36554.0	36360.0	35903.0	35267.0	34945.0	34940.0	35572.0	34991.0	64952.0	539210.0
Cha-CPnd_034-Ex1-6B-lcwgs-1-1.clmp.fp2_repr.R2	3353.0	13041.0	19280.0	24867.0	29038.0	31348.0	33063.0	34789.0	35232.0	36258.0	36988.0	37224.0	37326.0	38057.0	37832.0	37748.0	37594.0	36927.0	36545.0	36433.0	36718.0	37309.0	34850.0	84498.0	487975.0
Cha-CPnd_035-Ex1-4B-lcwgs-1-1.clmp.fp2_repr.R1	1199.0	4300.0	5966.0	7754.0	8960.0	10078.0	10986.0	12041.0	12905.0	13380.0	14421.0	15370.0	16169.0	17475.0	17894.0	19039.0	19745.0	20201.0	20879.0	21482.0	22286.0	24048.0	25388.0	58961.0	590501.0
Cha-CPnd_035-Ex1-4B-lcwgs-1-1.clmp.fp2_repr.R2	2092.0	6440.0	8152.0	9624.0	10926.0	11914.0	12935.0	13877.0	14889.0	15199.0	16133.0	17076.0	17865.0	19043.0	19561.0	20616.0	21388.0	21677.0	22647.0	23289.0	24647.0	26707.0	25524.0	81970.0	527237.0
Cha-CPnd_036-Ex1-4G-lcwgs-1-1.clmp.fp2_repr.R1	4182.0	17187.0	24744.0	30594.0	34885.0	37530.0	39656.0	41726.0	42950.0	44127.0	45291.0	45567.0	45505.0	46407.0	46994.0	46722.0	46768.0	45390.0	45363.0	44765.0	43979.0	44881.0	45350.0	85448.0	698549.0
Cha-CPnd_036-Ex1-4G-lcwgs-1-1.clmp.fp2_repr.R2	5170.0	19560.0	27028.0	32761.0	37131.0	39590.0	41543.0	43720.0	44961.0	45894.0	47026.0	47369.0	47148.0	47932.0	48476.0	48185.0	48202.0	46793.0	46942.0	46644.0	46341.0	47358.0	45153.0	107838.0	635795.0
Cha-CPnd_037-Ex1-2C-lcwgs-1-1.clmp.fp2_repr.R1	740.0	3358.0	5118.0	6833.0	8298.0	8924.0	9558.0	9972.0	10063.0	10128.0	10228.0	9903.0	9904.0	9841.0	9808.0	9586.0	9340.0	8982.0	8778.0	8450.0	8443.0	8593.0	8328.0	14837.0	120700.0
Cha-CPnd_037-Ex1-2C-lcwgs-1-1.clmp.fp2_repr.R2	963.0	3783.0	5492.0	7257.0	8665.0	9303.0	9958.0	10307.0	10376.0	10445.0	10597.0	10236.0	10181.0	10076.0	10100.0	9866.0	9639.0	9202.0	9080.0	8847.0	8845.0	8936.0	8346.0	19121.0	109092.0
Cha-CPnd_038-Ex1-5B-lcwgs-1-1.clmp.fp2_repr.R1	2549.0	11580.0	18507.0	24502.0	28371.0	30602.0	32449.0	33399.0	33961.0	33897.0	34093.0	34065.0	34158.0	34011.0	33763.0	33693.0	33114.0	32296.0	31768.0	31116.0	30853.0	31327.0	30563.0	51819.0	394986.0
Cha-CPnd_038-Ex1-5B-lcwgs-1-1.clmp.fp2_repr.R2	3135.0	12939.0	19791.0	25671.0	29504.0	31706.0	33518.0	34569.0	35106.0	34881.0	35055.0	35153.0	35072.0	34669.0	34525.0	34467.0	33830.0	32906.0	32529.0	32217.0	31840.0	32616.0	30263.0	65232.0	360248.0
Cha-CPnd_039-Ex1-3C-lcwgs-1-1.clmp.fp2_repr.R1	5392.0	20819.0	29194.0	36573.0	42457.0	47199.0	52145.0	56061.0	59775.0	63032.0	66579.0	69925.0	73850.0	77329.0	80889.0	83962.0	87431.0	89444.0	91319.0	93350.0	97046.0	103558.0	107813.0	232715.0	2267236.0
Cha-CPnd_039-Ex1-3C-lcwgs-1-1.clmp.fp2_repr.R2	8763.0	28873.0	36826.0	43911.0	49780.0	54156.0	58857.0	62929.0	66610.0	69139.0	72820.0	76237.0	79618.0	83058.0	86660.0	89744.0	93421.0	94907.0	97492.0	100775.0	105930.0	113061.0	108123.0	324149.0	2029254.0
Cha-CPnd_040-Ex1-7G-lcwgs-1-1.clmp.fp2_repr.R1	4922.0	20050.0	29347.0	36977.0	41838.0	45526.0	47083.0	49066.0	49949.0	50667.0	50995.0	50806.0	51511.0	50980.0	50654.0	50039.0	49781.0	48525.0	47461.0	46894.0	46021.0	46528.0	46412.0	83663.0	664920.0
Cha-CPnd_040-Ex1-7G-lcwgs-1-1.clmp.fp2_repr.R2	5872.0	22418.0	31587.0	38913.0	43850.0	47485.0	48762.0	51037.0	51810.0	52312.0	52761.0	52524.0	52707.0	52604.0	52046.0	51422.0	51087.0	49835.0	48897.0	48560.0	48028.0	48314.0	46067.0	104522.0	607195.0
Cha-CPnd_041-Ex1-1A-lcwgs-1-1.clmp.fp2_repr.R1	495.0	1929.0	2530.0	3088.0	3613.0	4098.0	4553.0	5059.0	5206.0	5704.0	5980.0	6447.0	6741.0	7127.0	7617.0	8013.0	8080.0	8337.0	8682.0	8989.0	9498.0	10329.0	10790.0	28122.0	306186.0
Cha-CPnd_041-Ex1-1A-lcwgs-1-1.clmp.fp2_repr.R2	1044.0	3117.0	3685.0	4150.0	4750.0	5147.0	5544.0	6141.0	6281.0	6580.0	6890.0	7343.0	7645.0	8061.0	8446.0	8850.0	9003.0	9084.0	9671.0	10092.0	10800.0	11724.0	10794.0	41863.0	270508.0
Cha-CPnd_042-Ex1-5H-lcwgs-1-1.clmp.fp2_repr.R1	2043.0	7756.0	11230.0	14322.0	16402.0	17971.0	19401.0	20710.0	21952.0	22818.0	23694.0	24300.0	24922.0	25202.0	25429.0	25743.0	25802.0	25233.0	24985.0	24700.0	24562.0	24953.0	24972.0	49679.0	427293.0
Cha-CPnd_042-Ex1-5H-lcwgs-1-1.clmp.fp2_repr.R2	2647.0	9330.0	12706.0	15639.0	17862.0	19287.0	20590.0	22042.0	23251.0	23951.0	24877.0	25415.0	25941.0	26082.0	26453.0	26790.0	26699.0	26172.0	25981.0	26002.0	26087.0	26602.0	24963.0	65393.0	385312.0
Cha-CPnd_043-Ex1-3G-lcwgs-1-1.clmp.fp2_repr.R1	2121.0	8194.0	11876.0	15842.0	18517.0	20142.0	21820.0	22962.0	24205.0	25276.0	26028.0	26178.0	26696.0	27174.0	27272.0	27413.0	27868.0	27370.0	27354.0	27232.0	27125.0	27804.0	28141.0	55006.0	460932.0
Cha-CPnd_043-Ex1-3G-lcwgs-1-1.clmp.fp2_repr.R2	2841.0	9921.0	13451.0	17416.0	20014.0	21511.0	23195.0	24426.0	25501.0	26525.0	27256.0	27410.0	27835.0	28286.0	28418.0	28369.0	28979.0	28367.0	28473.0	28591.0	28621.0	29667.0	28020.0	70407.0	417048.0
Cha-CPnd_044-Ex1-4E-lcwgs-1-1.clmp.fp2_repr.R1	2707.0	10574.0	15111.0	18623.0	21502.0	22972.0	23851.0	25410.0	26028.0	26318.0	26764.0	26872.0	27232.0	27365.0	26724.0	27106.0	26897.0	26453.0	26105.0	26286.0	25717.0	26355.0	26329.0	51919.0	429537.0
Cha-CPnd_044-Ex1-4E-lcwgs-1-1.clmp.fp2_repr.R2	3378.0	12221.0	16626.0	20122.0	22869.0	24444.0	25149.0	26728.0	27391.0	27405.0	27884.0	28199.0	28259.0	28388.0	27822.0	28087.0	27852.0	27396.0	27072.0	27451.0	27141.0	27980.0	26188.0	66897.0	387808.0
Cha-CPnd_045-Ex1-6F-lcwgs-1-1.clmp.fp2_repr.R1	3779.0	14658.0	20038.0	23772.0	26907.0	28366.0	30453.0	31950.0	33250.0	34874.0	35961.0	37245.0	38381.0	38938.0	40135.0	41140.0	41923.0	42569.0	42614.0	43243.0	44144.0	46551.0	47763.0	105489.0	999433.0
Cha-CPnd_045-Ex1-6F-lcwgs-1-1.clmp.fp2_repr.R2	5314.0	18256.0	23496.0	27181.0	30128.0	31476.0	33473.0	35207.0	36405.0	37567.0	38759.0	40133.0	40865.0	41707.0	42685.0	43746.0	44272.0	45081.0	45329.0	46583.0	48005.0	50797.0	47986.0	144580.0	894545.0
Cha-CPnd_047-Ex1-1D-lcwgs-1-1.clmp.fp2_repr.R1	643.0	2857.0	4288.0	5790.0	6844.0	7469.0	8314.0	8838.0	9327.0	9604.0	10085.0	10408.0	10800.0	10925.0	11019.0	11211.0	11099.0	10953.0	11009.0	11009.0	11136.0	11523.0	11378.0	23888.0	207228.0
Cha-CPnd_047-Ex1-1D-lcwgs-1-1.clmp.fp2_repr.R2	923.0	3620.0	4988.0	6446.0	7512.0	8078.0	8971.0	9468.0	9928.0	10197.0	10620.0	11046.0	11319.0	11424.0	11594.0	11728.0	11549.0	11342.0	11459.0	11598.0	11953.0	12311.0	11351.0	31583.0	186637.0
Cha-CPnd_048-Ex1-5A-lcwgs-1-1.clmp.fp2_repr.R1	1402.0	5386.0	8137.0	10713.0	12995.0	14814.0	16699.0	18318.0	19210.0	21057.0	22158.0	23607.0	24976.0	25837.0	27186.0	28509.0	29048.0	30244.0	30718.0	31460.0	32584.0	35238.0	36635.0	84279.0	869479.0
Cha-CPnd_048-Ex1-5A-lcwgs-1-1.clmp.fp2_repr.R2	2744.0	8680.0	11236.0	13587.0	15942.0	17686.0	19370.0	20893.0	21911.0	23221.0	24456.0	25994.0	27182.0	28082.0	29512.0	30733.0	31260.0	32463.0	33113.0	34265.0	36287.0	39296.0	36799.0	122017.0	773960.0
Cha-CPnd_049-Ex1-2B-lcwgs-1-1.clmp.fp2_repr.R1	663.0	2780.0	4628.0	6592.0	8567.0	10092.0	11711.0	12747.0	13710.0	14626.0	15016.0	15375.0	15732.0	15801.0	15730.0	15996.0	15559.0	15690.0	15063.0	14968.0	14854.0	14851.0	14697.0	26203.0	213880.0
Cha-CPnd_049-Ex1-2B-lcwgs-1-1.clmp.fp2_repr.R2	978.0	3624.0	5323.0	7235.0	9205.0	10777.0	12317.0	13472.0	14413.0	15169.0	15657.0	15966.0	16174.0	16262.0	16226.0	16409.0	15964.0	16140.0	15509.0	15487.0	15540.0	15624.0	14665.0	33493.0	193902.0
Cha-CPnd_051-Ex1-1C-lcwgs-1-1.clmp.fp2_repr.R1	2451.0	10773.0	16262.0	21561.0	24993.0	27430.0	28854.0	30018.0	30452.0	30720.0	30905.0	30524.0	30266.0	29070.0	28466.0	27637.0	26723.0	25510.0	24723.0	23428.0	22314.0	21891.0	21139.0	33197.0	234771.0
Cha-CPnd_051-Ex1-1C-lcwgs-1-1.clmp.fp2_repr.R2	2798.0	11602.0	17015.0	22295.0	25780.0	28095.0	29548.0	30730.0	31196.0	31244.0	31493.0	31029.0	30798.0	29635.0	28961.0	27934.0	27216.0	25880.0	25161.0	23752.0	23013.0	22499.0	20950.0	41227.0	214227.0
Cha-CPnd_052-Ex1-3E-lcwgs-1-1.clmp.fp2_repr.R1	878.0	3666.0	5675.0	7038.0	8241.0	8853.0	9532.0	9997.0	10267.0	10307.0	10355.0	10489.0	10384.0	10477.0	10581.0	10463.0	10316.0	10125.0	9940.0	9682.0	9776.0	9924.0	9779.0	19238.0	161265.0
Cha-CPnd_052-Ex1-3E-lcwgs-1-1.clmp.fp2_repr.R2	1157.0	4347.0	6266.0	7598.0	8863.0	9445.0	10050.0	10578.0	10758.0	10828.0	10786.0	11035.0	10874.0	10856.0	10991.0	10899.0	10771.0	10497.0	10343.0	10165.0	10395.0	10573.0	9745.0	25021.0	144407.0
Cha-CPnd_053-Ex1-3D-lcwgs-1-1.clmp.fp2_repr.R1	1825.0	7178.0	9959.0	12231.0	14164.0	14987.0	16145.0	16796.0	17433.0	17981.0	18867.0	18878.0	19415.0	19774.0	20079.0	20436.0	20572.0	20479.0	20707.0	20953.0	21386.0	22151.0	22157.0	49048.0	451251.0
Cha-CPnd_053-Ex1-3D-lcwgs-1-1.clmp.fp2_repr.R2	2555.0	8990.0	11515.0	13784.0	15748.0	16607.0	17650.0	18360.0	19052.0	19309.0	20169.0	20262.0	20715.0	21076.0	21434.0	21586.0	21867.0	21691.0	22009.0	22507.0	23203.0	24112.0	22207.0	65810.0	402634.0
Cha-CPnd_054-Ex1-1H-lcwgs-1-1.clmp.fp2_repr.R1	1395.0	5157.0	7346.0	9242.0	11266.0	12681.0	13894.0	15284.0	15799.0	16911.0	17839.0	18704.0	19225.0	20496.0	20970.0	22137.0	22769.0	23305.0	24308.0	25022.0	25402.0	27400.0	28611.0	67956.0	667173.0
Cha-CPnd_054-Ex1-1H-lcwgs-1-1.clmp.fp2_repr.R2	2430.0	7626.0	9737.0	11636.0	13589.0	14968.0	16051.0	17519.0	18170.0	18838.0	19882.0	20681.0	21241.0	22325.0	22988.0	24153.0	24614.0	25244.0	26420.0	27417.0	28231.0	30616.0	28768.0	94573.0	592575.0
Cha-CPnd_059-Ex1-8A-lcwgs-1-1.clmp.fp2_repr.R1	1462.0	6040.0	8693.0	11099.0	12953.0	14057.0	15309.0	16318.0	17258.0	17902.0	19033.0	19169.0	20137.0	20402.0	21078.0	21099.0	21348.0	21157.0	21201.0	21084.0	21300.0	22159.0	22108.0	44354.0	411117.0
Cha-CPnd_059-Ex1-8A-lcwgs-1-1.clmp.fp2_repr.R2	2099.0	7676.0	10257.0	12497.0	14384.0	15469.0	16536.0	17654.0	18582.0	19142.0	20163.0	20302.0	21234.0	21484.0	22133.0	22099.0	22288.0	22080.0	22311.0	22367.0	22995.0	23785.0	22056.0	61464.0	366780.0
Cha-CPnd_060-Ex1-1F-lcwgs-1-1.clmp.fp2_repr.R1	2964.0	11445.0	16408.0	21347.0	25207.0	28749.0	31887.0	35315.0	38474.0	41266.0	44317.0	46961.0	49604.0	52066.0	53494.0	55652.0	56728.0	57176.0	57879.0	59069.0	60170.0	62816.0	64691.0	140159.0	1308413.0
Cha-CPnd_060-Ex1-1F-lcwgs-1-1.clmp.fp2_repr.R2	4942.0	16373.0	20985.0	25733.0	29483.0	32837.0	35864.0	39612.0	42327.0	44856.0	48060.0	50864.0	52991.0	55492.0	56924.0	59017.0	60175.0	60609.0	61532.0	63348.0	65242.0	68094.0	64774.0	190457.0	1171666.0
Cha-CPnd_061-Ex1-5D-lcwgs-1-1.clmp.fp2_repr.R1	2122.0	8845.0	13146.0	16976.0	19879.0	21563.0	23225.0	24267.0	25235.0	25788.0	27064.0	27496.0	28435.0	28930.0	29725.0	30058.0	30541.0	30373.0	30885.0	31441.0	31931.0	33336.0	33901.0	76636.0	717060.0
Cha-CPnd_061-Ex1-5D-lcwgs-1-1.clmp.fp2_repr.R2	3219.0	11559.0	15640.0	19444.0	22384.0	23859.0	25386.0	26513.0	27383.0	27806.0	29082.0	29532.0	30306.0	30761.0	31511.0	31872.0	32273.0	32328.0	32739.0	33748.0	34852.0	36629.0	34014.0	104576.0	641442.0
Cha-CPnd_062-Ex1-1E-lcwgs-1-1.clmp.fp2_repr.R1	5717.0	22056.0	30816.0	38461.0	45118.0	49732.0	55559.0	60300.0	63549.0	66231.0	69663.0	71595.0	73356.0	75697.0	76391.0	77506.0	77150.0	76833.0	76786.0	76694.0	76461.0	78519.0	78491.0	159169.0	1343412.0
Cha-CPnd_062-Ex1-1E-lcwgs-1-1.clmp.fp2_repr.R2	7902.0	27170.0	35791.0	43204.0	49989.0	54269.0	59882.0	64716.0	68143.0	70227.0	73492.0	75498.0	76995.0	79277.0	80012.0	80832.0	80526.0	80206.0	80181.0	80776.0	81492.0	83681.0	78494.0	208068.0	1204439.0
Cha-CPnd_064-Ex1-7H-lcwgs-1-1.clmp.fp2_repr.R1	1912.0	7263.0	9916.0	12845.0	14448.0	16176.0	17424.0	18716.0	19750.0	19856.0	21062.0	21610.0	21718.0	21967.0	21851.0	21959.0	21709.0	20860.0	20915.0	20786.0	20433.0	20669.0	20918.0	38679.0	325811.0
Cha-CPnd_064-Ex1-7H-lcwgs-1-1.clmp.fp2_repr.R2	2429.0	8348.0	10998.0	13979.0	15483.0	17171.0	18363.0	19734.0	20703.0	20746.0	21987.0	22433.0	22482.0	22711.0	22634.0	22666.0	22371.0	21576.0	21580.0	21634.0	21480.0	21810.0	20872.0	49624.0	295439.0
Cha-CPnd_065-Ex1-7A-lcwgs-1-1.clmp.fp2_repr.R1	980.0	3620.0	5189.0	6363.0	7612.0	8517.0	9567.0	10711.0	11785.0	12752.0	13897.0	15010.0	15867.0	16656.0	17338.0	17865.0	18312.0	18636.0	18946.0	18970.0	19736.0	20434.0	20913.0	45645.0	453863.0
Cha-CPnd_065-Ex1-7A-lcwgs-1-1.clmp.fp2_repr.R2	1727.0	5437.0	6867.0	7926.0	9252.0	10022.0	10997.0	12197.0	13309.0	14016.0	15162.0	16324.0	17075.0	17935.0	18587.0	19135.0	19491.0	19821.0	20158.0	20511.0	21383.0	22581.0	21116.0	63919.0	404236.0
Cha-CPnd_066-Ex1-3B-lcwgs-1-1.clmp.fp2_repr.R1	615.0	1860.0	1979.0	2286.0	2699.0	3118.0	3706.0	4607.0	5175.0	6064.0	7192.0	8270.0	9286.0	10238.0	11546.0	12881.0	13257.0	14061.0	15253.0	16182.0	17265.0	19205.0	20799.0	61495.0	704618.0
Cha-CPnd_066-Ex1-3B-lcwgs-1-1.clmp.fp2_repr.R2	1957.0	5042.0	5056.0	5137.0	5563.0	5946.0	6548.0	7430.0	7945.0	8466.0	9642.0	10761.0	11649.0	12628.0	14143.0	15157.0	15683.0	16440.0	17855.0	19087.0	20956.0	23074.0	21149.0	93670.0	612673.0
Cha-CPnd_067-Ex1-2A-lcwgs-1-1.clmp.fp2_repr.R1	785.0	3101.0	4579.0	6277.0	7343.0	8568.0	9450.0	10184.0	11222.0	11633.0	12415.0	12974.0	13575.0	13862.0	14377.0	14919.0	14979.0	15287.0	15396.0	15600.0	15731.0	16334.0	16957.0	34840.0	336840.0
Cha-CPnd_067-Ex1-2A-lcwgs-1-1.clmp.fp2_repr.R2	1260.0	4323.0	5705.0	7410.0	8467.0	9639.0	10477.0	11300.0	12337.0	12582.0	13429.0	13985.0	14344.0	14703.0	15286.0	15715.0	15882.0	16041.0	16316.0	16693.0	17079.0	17762.0	16919.0	48619.0	300955.0
Cha-CPnd_069-Ex1-2G-lcwgs-1-1.clmp.fp2_repr.R1	3755.0	14674.0	21103.0	26948.0	31992.0	35730.0	39560.0	42697.0	44610.0	47303.0	49443.0	51396.0	53360.0	54734.0	56794.0	57477.0	58160.0	58438.0	58527.0	58568.0	59876.0	62196.0	63293.0	139054.0	1250391.0
Cha-CPnd_069-Ex1-2G-lcwgs-1-1.clmp.fp2_repr.R2	5695.0	19333.0	25381.0	30974.0	36147.0	39511.0	43234.0	46583.0	48674.0	50509.0	52983.0	54788.0	56738.0	57806.0	60049.0	60586.0	61326.0	61266.0	61907.0	62609.0	64604.0	67247.0	63232.0	180844.0	1128053.0
Cha-CPnd_070-Ex1-3F-lcwgs-1-1.clmp.fp2_repr.R1	1839.0	7035.0	10128.0	12734.0	14575.0	15682.0	16304.0	16851.0	17084.0	16849.0	17407.0	16864.0	16754.0	16629.0	16364.0	15841.0	15658.0	15118.0	14833.0	14522.0	13942.0	14078.0	13669.0	24360.0	193963.0
Cha-CPnd_070-Ex1-3F-lcwgs-1-1.clmp.fp2_repr.R2	2147.0	7778.0	10765.0	13435.0	15277.0	16261.0	16861.0	17451.0	17750.0	17386.0	17950.0	17426.0	17183.0	17065.0	16826.0	16229.0	16145.0	15494.0	15211.0	15073.0	14541.0	14762.0	13503.0	31071.0	175493.0
Cha-CPnd_071-Ex1-6D-lcwgs-1-1.clmp.fp2_repr.R1	127.0	391.0	560.0	639.0	844.0	1013.0	1115.0	1405.0	1467.0	1685.0	1862.0	2045.0	2097.0	2413.0	2533.0	2715.0	2887.0	2970.0	3003.0	3010.0	3220.0	3445.0	3585.0	9112.0	85499.0
Cha-CPnd_071-Ex1-6D-lcwgs-1-1.clmp.fp2_repr.R2	235.0	731.0	864.0	946.0	1115.0	1314.0	1362.0	1652.0	1719.0	1903.0	2086.0	2298.0	2355.0	2627.0	2735.0	2924.0	3108.0	3182.0	3180.0	3266.0	3579.0	3838.0	3629.0	12596.0	76398.0
Cha-CPnd_072-Ex1-3A-lcwgs-1-1.clmp.fp2_repr.R1	721.0	2815.0	4130.0	5294.0	6365.0	7080.0	8102.0	8728.0	9375.0	10018.0	10598.0	11423.0	11967.0	12494.0	13003.0	13426.0	14033.0	14386.0	14699.0	14922.0	15290.0	16511.0	17385.0	40185.0	426149.0
Cha-CPnd_072-Ex1-3A-lcwgs-1-1.clmp.fp2_repr.R2	1428.0	4610.0	5743.0	6889.0	8045.0	8539.0	9597.0	10156.0	10857.0	11312.0	11946.0	12783.0	13228.0	13785.0	14289.0	14731.0	15191.0	15552.0	16056.0	16486.0	17074.0	18508.0	17535.0	58628.0	376131.0
Cha-CPnd_073-Ex1-2F-lcwgs-1-1.clmp.fp2_repr.R1	5883.0	22409.0	30916.0	38341.0	45099.0	49708.0	54592.0	59588.0	62131.0	65813.0	69120.0	71507.0	74256.0	77004.0	79043.0	80712.0	82290.0	82386.0	83166.0	84136.0	85410.0	89686.0	92531.0	197337.0	1845942.0
Cha-CPnd_073-Ex1-2F-lcwgs-1-1.clmp.fp2_repr.R2	8729.0	29236.0	37510.0	44604.0	51446.0	55661.0	60690.0	65736.0	68138.0	71206.0	74464.0	77085.0	79585.0	82123.0	84226.0	85631.0	87050.0	87497.0	88643.0	90151.0	92543.0	97399.0	92743.0	263286.0	1653624.0
Cha-CPnd_074-Ex1-2D-lcwgs-1-1.clmp.fp2_repr.R1	1067.0	4617.0	6788.0	8927.0	10812.0	11961.0	12705.0	13984.0	14208.0	14771.0	15242.0	15190.0	15492.0	15443.0	15498.0	15517.0	15498.0	15320.0	15315.0	15159.0	15194.0	15497.0	15810.0	30826.0	265629.0
Cha-CPnd_074-Ex1-2D-lcwgs-1-1.clmp.fp2_repr.R2	1471.0	5703.0	7712.0	9754.0	11735.0	12812.0	13521.0	14767.0	15093.0	15436.0	15971.0	15879.0	16191.0	16038.0	16186.0	16112.0	16222.0	15872.0	16072.0	15826.0	16020.0	16517.0	15808.0	40429.0	239323.0
Cha-CPnd_076-Ex1-4C-lcwgs-1-1.clmp.fp2_repr.R1	2063.0	8460.0	11664.0	14164.0	15722.0	17003.0	17580.0	18359.0	18495.0	18717.0	19243.0	19062.0	19458.0	19623.0	19337.0	19747.0	19488.0	19564.0	19386.0	18882.0	19079.0	19387.0	19659.0	35938.0	304158.0
Cha-CPnd_076-Ex1-4C-lcwgs-1-1.clmp.fp2_repr.R2	2552.0	9486.0	12657.0	15047.0	16580.0	17937.0	18466.0	19270.0	19305.0	19565.0	19973.0	19817.0	20184.0	20235.0	20067.0	20484.0	20129.0	20165.0	20064.0	19682.0	20120.0	20404.0	19669.0	47567.0	274813.0
Cha-CPnd_077-Ex1-6G-lcwgs-1-1.clmp.fp2_repr.R1	5770.0	21082.0	28202.0	34288.0	38469.0	42784.0	47597.0	51827.0	55927.0	59651.0	64101.0	68156.0	72571.0	77280.0	81456.0	85439.0	88558.0	90830.0	94358.0	97011.0	101482.0	108075.0	112266.0	261435.0	2426361.0
Cha-CPnd_077-Ex1-6G-lcwgs-1-1.clmp.fp2_repr.R2	9216.0	29596.0	36162.0	41768.0	45946.0	49909.0	54375.0	59014.0	62853.0	65839.0	70330.0	74454.0	78724.0	83076.0	87178.0	91172.0	94452.0	96700.0	100416.0	104526.0	110194.0	117767.0	112794.0	348115.0	2190400.0
Cha-CPnd_078-Ex1-4D-lcwgs-1-1.clmp.fp2_repr.R1	962.0	3394.0	4855.0	6494.0	7796.0	9120.0	10346.0	11699.0	12687.0	13540.0	14686.0	15801.0	17081.0	18147.0	19204.0	20392.0	21618.0	22270.0	23170.0	24126.0	25177.0	27712.0	28988.0	73055.0	727379.0
Cha-CPnd_078-Ex1-4D-lcwgs-1-1.clmp.fp2_repr.R2	2188.0	6178.0	7382.0	9000.0	10106.0	11561.0	12585.0	14042.0	15084.0	15577.0	16851.0	17938.0	19034.0	20110.0	21346.0	22397.0	23531.0	24214.0	25358.0	26736.0	28341.0	30900.0	29422.0	100870.0	648948.0
Cha-CPnd_079-Ex1-4H-lcwgs-1-1.clmp.fp2_repr.R1	5130.0	18812.0	25497.0	30693.0	34078.0	36490.0	38922.0	40706.0	41657.0	43374.0	44393.0	44908.0	45272.0	46278.0	46924.0	47272.0	47568.0	47523.0	47418.0	47551.0	48087.0	50401.0	50741.0	105249.0	940956.0
Cha-CPnd_079-Ex1-4H-lcwgs-1-1.clmp.fp2_repr.R2	6513.0	22129.0	28583.0	33766.0	37069.0	39321.0	41722.0	43492.0	44594.0	45855.0	46832.0	47526.0	47649.0	48530.0	49344.0	49646.0	49641.0	49645.0	49651.0	50289.0	51495.0	54009.0	50805.0	139404.0	848390.0
Cha-CPnd_081-Ex1-8C-lcwgs-1-1.clmp.fp2_repr.R1	2817.0	11126.0	15770.0	19717.0	22055.0	23386.0	24293.0	24605.0	24494.0	25108.0	24986.0	24847.0	24522.0	24350.0	24103.0	23539.0	23081.0	22316.0	21594.0	21143.0	20710.0	20644.0	20196.0	33666.0	261082.0
Cha-CPnd_081-Ex1-8C-lcwgs-1-1.clmp.fp2_repr.R2	3206.0	12083.0	16642.0	20636.0	22951.0	24097.0	25073.0	25382.0	25338.0	25866.0	25660.0	25459.0	25137.0	24955.0	24728.0	24033.0	23530.0	22803.0	22049.0	21748.0	21532.0	21506.0	19989.0	43358.0	236389.0
Cha-CPnd_082-Ex1-8B-lcwgs-1-1.clmp.fp2_repr.R1	2739.0	11462.0	17036.0	20953.0	23511.0	24874.0	25383.0	25634.0	25533.0	25705.0	25428.0	25356.0	24959.0	24523.0	23870.0	23210.0	22740.0	22078.0	21347.0	20644.0	20120.0	20116.0	19377.0	31654.0	233259.0
Cha-CPnd_082-Ex1-8B-lcwgs-1-1.clmp.fp2_repr.R2	3080.0	12348.0	17859.0	21783.0	24239.0	25564.0	26081.0	26378.0	26290.0	26347.0	26077.0	26013.0	25397.0	24974.0	24321.0	23680.0	23235.0	22427.0	21629.0	21146.0	20665.0	20700.0	19101.0	39625.0	212552.0
Cha-CPnd_083-Ex1-6A-lcwgs-1-1.clmp.fp2_repr.R1	49.0	214.0	291.0	401.0	529.0	557.0	706.0	827.0	925.0	1059.0	1273.0	1350.0	1462.0	1621.0	1723.0	1927.0	2130.0	2075.0	2284.0	2226.0	2416.0	2452.0	2542.0	6519.0	63371.0
Cha-CPnd_083-Ex1-6A-lcwgs-1-1.clmp.fp2_repr.R2	174.0	480.0	567.0	605.0	766.0	778.0	915.0	1026.0	1138.0	1232.0	1449.0	1526.0	1605.0	1760.0	1858.0	2098.0	2277.0	2231.0	2438.0	2430.0	2644.0	2739.0	2583.0	9488.0	56122.0
Cha-CPnd_084-Ex1-4F-lcwgs-1-1.clmp.fp2_repr.R1	2633.0	10491.0	14524.0	17429.0	18989.0	19995.0	20905.0	21244.0	21905.0	21929.0	21900.0	22114.0	21717.0	21739.0	21571.0	21521.0	21031.0	20464.0	20106.0	19660.0	19550.0	19572.0	19433.0	34139.0	272041.0
Cha-CPnd_084-Ex1-4F-lcwgs-1-1.clmp.fp2_repr.R2	3085.0	11515.0	15348.0	18365.0	19798.0	20839.0	21645.0	21995.0	22796.0	22534.0	22618.0	22838.0	22338.0	22303.0	22200.0	22058.0	21580.0	21073.0	20650.0	20353.0	20353.0	20549.0	19222.0	43458.0	247089.0
Cha-CPnd_085-Ex1-5C-lcwgs-1-1.clmp.fp2_repr.R1	1974.0	7972.0	10608.0	12700.0	13848.0	14398.0	14818.0	15347.0	15518.0	15498.0	15958.0	16091.0	16349.0	16654.0	16402.0	16853.0	16906.0	16595.0	16975.0	16802.0	16867.0	17333.0	17524.0	35309.0	313013.0
Cha-CPnd_085-Ex1-5C-lcwgs-1-1.clmp.fp2_repr.R2	2427.0	9061.0	11606.0	13664.0	14829.0	15390.0	15792.0	16281.0	16502.0	16342.0	16813.0	16917.0	17207.0	17501.0	17235.0	17613.0	17638.0	17363.0	17731.0	17690.0	18070.0	18560.0	17612.0	47795.0	280673.0
Cha-CPnd_086-Ex1-5G-lcwgs-1-1.clmp.fp2_repr.R1	4319.0	16350.0	22428.0	27372.0	30244.0	32720.0	35320.0	37381.0	39483.0	40611.0	42757.0	44063.0	45879.0	47270.0	48386.0	50135.0	50631.0	51188.0	51578.0	52472.0	53626.0	55860.0	56976.0	127679.0	1152196.0
Cha-CPnd_086-Ex1-5G-lcwgs-1-1.clmp.fp2_repr.R2	6024.0	20537.0	26547.0	31282.0	33894.0	36397.0	38905.0	41005.0	43104.0	43676.0	45963.0	47312.0	48938.0	50250.0	51559.0	52838.0	53516.0	54165.0	54774.0	56317.0	58078.0	60678.0	57175.0	168676.0	1035314.0
