	21.0	22.0	23.0	24.0	25.0	26.0	27.0	28.0	29.0	30.0	31.0	32.0	33.0	34.0	35.0	36.0	37.0	38.0	39.0	40.0
Sde-ABol_013-Ex1-1B-lcwgs-1-1.clmp.r1	1.0	11.0	123.0	323.0	648.0	990.0	1442.0	2022.0	2759.0	3768.0	4620.0	5834.0	7252.0	9124.0	11307.0	14612.0	19856.0	30506.0	72592.0	600063.0
	20.0	21.0	22.0	23.0	24.0	25.0	26.0	27.0	28.0	29.0	30.0	31.0	32.0	33.0	34.0	35.0	36.0	37.0	38.0	39.0	40.0
Sde-ABol_013-Ex1-1B-lcwgs-1-1.clmp.r2	2.0	18.0	217.0	862.0	1565.0	2062.0	2646.0	3162.0	3819.0	4489.0	5253.0	6072.0	7075.0	8664.0	10558.0	12967.0	17028.0	23352.0	35895.0	84823.0	557324.0
	23.0	24.0	25.0	26.0	27.0	28.0	29.0	30.0	31.0	32.0	33.0	34.0	35.0	36.0	37.0	38.0	39.0	40.0
Sde-ABol_014-Ex1-2B-lcwgs-1-1.clmp.r1	1.0	8.0	2.0	10.0	24.0	16.0	18.0	32.0	32.0	52.0	50.0	70.0	75.0	101.0	144.0	202.0	406.0	2810.0
	22.0	23.0	24.0	25.0	26.0	27.0	28.0	29.0	30.0	31.0	32.0	33.0	34.0	35.0	36.0	37.0	38.0	39.0	40.0
Sde-ABol_014-Ex1-2B-lcwgs-1-1.clmp.r2	4.0	16.0	15.0	22.0	26.0	23.0	35.0	41.0	52.0	41.0	58.0	60.0	80.0	107.0	137.0	168.0	234.0	490.0	2444.0
	21.0	22.0	23.0	24.0	25.0	26.0	27.0	28.0	29.0	30.0	31.0	32.0	33.0	34.0	35.0	36.0	37.0	38.0	39.0	40.0
Sde-ABol_015-Ex1-3B-lcwgs-1-1.clmp.r1	1.0	19.0	101.0	285.0	551.0	930.0	1194.0	1401.0	1718.0	1984.0	2609.0	3037.0	3649.0	4590.0	5579.0	7065.0	9329.0	12907.0	25792.0	159736.0
	20.0	21.0	22.0	23.0	24.0	25.0	26.0	27.0	28.0	29.0	30.0	31.0	32.0	33.0	34.0	35.0	36.0	37.0	38.0	39.0	40.0
Sde-ABol_015-Ex1-3B-lcwgs-1-1.clmp.r2	1.0	16.0	118.0	469.0	865.0	1197.0	1593.0	1901.0	2130.0	2674.0	3187.0	3650.0	4330.0	4881.0	5674.0	6821.0	8760.0	11044.0	15011.0	28070.0	140085.0
	21.0	22.0	23.0	24.0	25.0	26.0	27.0	28.0	29.0	30.0	31.0	32.0	33.0	34.0	35.0	36.0	37.0	38.0	39.0	40.0
Sde-ABol_016-Ex1-4B-lcwgs-1-1.clmp.r1	3.0	21.0	125.0	295.0	630.0	1008.0	1479.0	1870.0	2318.0	2913.0	3572.0	4543.0	5444.0	6842.0	8649.0	10708.0	14289.0	19571.0	39431.0	255202.0
	20.0	21.0	22.0	23.0	24.0	25.0	26.0	27.0	28.0	29.0	30.0	31.0	32.0	33.0	34.0	35.0	36.0	37.0	38.0	39.0	40.0
Sde-ABol_016-Ex1-4B-lcwgs-1-1.clmp.r2	1.0	34.0	217.0	685.0	1206.0	1725.0	2140.0	2619.0	3104.0	3629.0	4266.0	4925.0	5857.0	6826.0	8002.0	9906.0	12338.0	16422.0	22670.0	43603.0	228738.0
	21.0	22.0	23.0	24.0	25.0	26.0	27.0	28.0	29.0	30.0	31.0	32.0	33.0	34.0	35.0	36.0	37.0	38.0	39.0	40.0
Sde-ABol_017-Ex1-5B-lcwgs-1-1.clmp.r1	2.0	15.0	85.0	243.0	447.0	731.0	1012.0	1420.0	1850.0	2417.0	2939.0	3824.0	4478.0	5650.0	7055.0	9210.0	12014.0	17230.0	36674.0	241929.0
	20.0	21.0	22.0	23.0	24.0	25.0	26.0	27.0	28.0	29.0	30.0	31.0	32.0	33.0	34.0	35.0	36.0	37.0	38.0	39.0	40.0
Sde-ABol_017-Ex1-5B-lcwgs-1-1.clmp.r2	2.0	21.0	150.0	584.0	992.0	1359.0	1731.0	2115.0	2523.0	2894.0	3459.0	4014.0	4726.0	5424.0	6732.0	8201.0	10844.0	14263.0	20319.0	40699.0	218173.0
	21.0	22.0	23.0	24.0	25.0	26.0	27.0	28.0	29.0	30.0	31.0	32.0	33.0	34.0	35.0	36.0	37.0	38.0	39.0	40.0
Sde-ABol_018-Ex1-6B-lcwgs-1-1.clmp.r1	1.0	10.0	29.0	47.0	119.0	214.0	245.0	281.0	395.0	526.0	595.0	756.0	962.0	1226.0	1444.0	1981.0	2437.0	3338.0	6458.0	31758.0
	21.0	22.0	23.0	24.0	25.0	26.0	27.0	28.0	29.0	30.0	31.0	32.0	33.0	34.0	35.0	36.0	37.0	38.0	39.0	40.0
Sde-ABol_018-Ex1-6B-lcwgs-1-1.clmp.r2	6.0	47.0	159.0	255.0	315.0	420.0	479.0	565.0	690.0	751.0	940.0	1024.0	1142.0	1356.0	1697.0	2142.0	2784.0	3749.0	6835.0	27466.0
	22.0	23.0	24.0	25.0	26.0	27.0	28.0	29.0	30.0	31.0	32.0	33.0	34.0	35.0	36.0	37.0	38.0	39.0	40.0
Sde-ABol_019-Ex1-7B-lcwgs-1-1.clmp.r1	3.0	5.0	28.0	37.0	62.0	89.0	110.0	155.0	186.0	199.0	295.0	364.0	441.0	530.0	690.0	909.0	1338.0	2872.0	22594.0
	21.0	22.0	23.0	24.0	25.0	26.0	27.0	28.0	29.0	30.0	31.0	32.0	33.0	34.0	35.0	36.0	37.0	38.0	39.0	40.0
Sde-ABol_019-Ex1-7B-lcwgs-1-1.clmp.r2	1.0	15.0	36.0	92.0	136.0	149.0	205.0	206.0	225.0	268.0	329.0	360.0	503.0	516.0	615.0	829.0	1058.0	1587.0	3298.0	20479.0
	21.0	22.0	23.0	24.0	25.0	26.0	27.0	28.0	29.0	30.0	31.0	32.0	33.0	34.0	35.0	36.0	37.0	38.0	39.0	40.0
Sde-ABol_020-Ex1-8B-lcwgs-1-1.clmp.r1	3.0	42.0	290.0	865.0	1703.0	3047.0	4115.0	5717.0	7307.0	9423.0	11745.0	14528.0	17758.0	21925.0	27261.0	35189.0	47654.0	74818.0	182426.0	1448658.0
	20.0	21.0	22.0	23.0	24.0	25.0	26.0	27.0	28.0	29.0	30.0	31.0	32.0	33.0	34.0	35.0	36.0	37.0	38.0	39.0	40.0
Sde-ABol_020-Ex1-8B-lcwgs-1-1.clmp.r2	3.0	66.0	617.0	2164.0	3798.0	5339.0	6633.0	7966.0	9294.0	11204.0	12976.0	15188.0	18000.0	21111.0	26079.0	32505.0	42332.0	58931.0	92394.0	217093.0	1330781.0
	24.0	25.0	26.0	27.0	28.0	29.0	30.0	31.0	32.0	33.0	34.0	35.0	36.0	37.0	38.0	39.0	40.0
Sde-ABol_021-Ex1-9B-lcwgs-1-1.clmp.r1	5.0	8.0	10.0	11.0	9.0	20.0	33.0	38.0	47.0	53.0	67.0	79.0	85.0	106.0	125.0	210.0	931.0
	22.0	23.0	24.0	25.0	26.0	27.0	28.0	29.0	30.0	31.0	32.0	33.0	34.0	35.0	36.0	37.0	38.0	39.0	40.0
Sde-ABol_021-Ex1-9B-lcwgs-1-1.clmp.r2	1.0	14.0	26.0	28.0	28.0	36.0	38.0	35.0	63.0	50.0	60.0	54.0	66.0	65.0	85.0	85.0	125.0	198.0	780.0
	22.0	23.0	24.0	25.0	26.0	27.0	28.0	29.0	30.0	31.0	32.0	33.0	34.0	35.0	36.0	37.0	38.0	39.0	40.0
Sde-ABol_022-Ex1-10B-lcwgs-1-1.clmp.r1	1.0	3.0	25.0	38.0	66.0	97.0	128.0	153.0	176.0	247.0	302.0	331.0	430.0	507.0	727.0	887.0	1376.0	3199.0	19666.0
	22.0	23.0	24.0	25.0	26.0	27.0	28.0	29.0	30.0	31.0	32.0	33.0	34.0	35.0	36.0	37.0	38.0	39.0	40.0
Sde-ABol_022-Ex1-10B-lcwgs-1-1.clmp.r2	9.0	39.0	59.0	112.0	141.0	132.0	185.0	196.0	247.0	290.0	363.0	376.0	465.0	625.0	764.0	1066.0	1490.0	3214.0	18586.0
	22.0	23.0	24.0	25.0	26.0	27.0	28.0	29.0	30.0	31.0	32.0	33.0	34.0	35.0	36.0	37.0	38.0	39.0	40.0
Sde-ABol_023-Ex1-11B-lcwgs-1-1.clmp.r1	1.0	8.0	29.0	84.0	108.0	152.0	195.0	296.0	382.0	521.0	562.0	675.0	871.0	1110.0	1432.0	1879.0	2957.0	7007.0	53421.0
	21.0	22.0	23.0	24.0	25.0	26.0	27.0	28.0	29.0	30.0	31.0	32.0	33.0	34.0	35.0	36.0	37.0	38.0	39.0	40.0
Sde-ABol_023-Ex1-11B-lcwgs-1-1.clmp.r2	6.0	28.0	103.0	141.0	205.0	246.0	305.0	366.0	411.0	473.0	596.0	713.0	830.0	898.0	1242.0	1581.0	2200.0	3358.0	7934.0	50054.0
	22.0	23.0	24.0	25.0	26.0	27.0	28.0	29.0	30.0	31.0	32.0	33.0	34.0	35.0	36.0	37.0	38.0	39.0	40.0
Sde-ABol_024-Ex1-12B-lcwgs-1-1.clmp.r1	1.0	4.0	2.0	10.0	16.0	15.0	23.0	34.0	35.0	49.0	51.0	78.0	91.0	92.0	99.0	128.0	186.0	254.0	929.0
	21.0	22.0	23.0	24.0	25.0	26.0	27.0	28.0	29.0	30.0	31.0	32.0	33.0	34.0	35.0	36.0	37.0	38.0	39.0	40.0
Sde-ABol_024-Ex1-12B-lcwgs-1-1.clmp.r2	1.0	7.0	27.0	29.0	37.0	54.0	43.0	59.0	58.0	63.0	70.0	67.0	73.0	89.0	83.0	90.0	114.0	128.0	235.0	770.0
	22.0	23.0	24.0	25.0	26.0	27.0	28.0	29.0	30.0	31.0	32.0	33.0	34.0	35.0	36.0	37.0	38.0	39.0	40.0
Sde-ABol_026-Ex1-2C-lcwgs-1-1.clmp.r1	8.0	32.0	89.0	181.0	342.0	463.0	620.0	822.0	1063.0	1308.0	1562.0	1979.0	2508.0	3026.0	3949.0	5401.0	8467.0	20926.0	169714.0
	20.0	21.0	22.0	23.0	24.0	25.0	26.0	27.0	28.0	29.0	30.0	31.0	32.0	33.0	34.0	35.0	36.0	37.0	38.0	39.0	40.0
Sde-ABol_026-Ex1-2C-lcwgs-1-1.clmp.r2	1.0	8.0	78.0	270.0	418.0	537.0	694.0	863.0	1055.0	1209.0	1437.0	1687.0	2010.0	2417.0	2756.0	3538.0	4610.0	6631.0	10649.0	25144.0	156448.0
	22.0	23.0	24.0	25.0	26.0	27.0	28.0	29.0	30.0	31.0	32.0	33.0	34.0	35.0	36.0	37.0	38.0	39.0	40.0
Sde-ABol_027-Ex1-3C-lcwgs-1-1.clmp.r1	3.0	35.0	79.0	181.0	313.0	443.0	682.0	876.0	1271.0	1529.0	1975.0	2557.0	2965.0	3805.0	4850.0	6653.0	10470.0	26563.0	232440.0
	20.0	21.0	22.0	23.0	24.0	25.0	26.0	27.0	28.0	29.0	30.0	31.0	32.0	33.0	34.0	35.0	36.0	37.0	38.0	39.0	40.0
Sde-ABol_027-Ex1-3C-lcwgs-1-1.clmp.r2	1.0	11.0	90.0	320.0	513.0	725.0	874.0	1067.0	1281.0	1489.0	1788.0	2035.0	2447.0	2892.0	3535.0	4420.0	5891.0	8259.0	12977.0	32513.0	214562.0
	21.0	22.0	23.0	24.0	25.0	26.0	27.0	28.0	29.0	30.0	31.0	32.0	33.0	34.0	35.0	36.0	37.0	38.0	39.0	40.0
Sde-ABol_028-Ex1-4C-lcwgs-1-1.clmp.r1	2.0	19.0	128.0	394.0	770.0	1260.0	1889.0	2614.0	3483.0	4538.0	5702.0	7211.0	9032.0	11242.0	14149.0	18064.0	24832.0	39291.0	97546.0	827743.0
	20.0	21.0	22.0	23.0	24.0	25.0	26.0	27.0	28.0	29.0	30.0	31.0	32.0	33.0	34.0	35.0	36.0	37.0	38.0	39.0	40.0
Sde-ABol_028-Ex1-4C-lcwgs-1-1.clmp.r2	2.0	31.0	314.0	1054.0	1959.0	2603.0	3300.0	3825.0	4470.0	5347.0	6434.0	7518.0	8713.0	10626.0	12843.0	16033.0	21324.0	29526.0	47833.0	115775.0	770379.0
	22.0	23.0	24.0	25.0	26.0	27.0	28.0	29.0	30.0	31.0	32.0	33.0	34.0	35.0	36.0	37.0	38.0	39.0	40.0
Sde-ABol_029-Ex1-5C-lcwgs-1-1.clmp.r1	1.0	4.0	4.0	14.0	20.0	23.0	40.0	56.0	64.0	80.0	91.0	106.0	137.0	122.0	192.0	254.0	285.0	552.0	2141.0
	22.0	23.0	24.0	25.0	26.0	27.0	28.0	29.0	30.0	31.0	32.0	33.0	34.0	35.0	36.0	37.0	38.0	39.0	40.0
Sde-ABol_029-Ex1-5C-lcwgs-1-1.clmp.r2	15.0	31.0	52.0	68.0	68.0	92.0	87.0	100.0	96.0	107.0	126.0	97.0	138.0	155.0	168.0	186.0	312.0	434.0	1854.0
	21.0	22.0	23.0	24.0	25.0	26.0	27.0	28.0	29.0	30.0	31.0	32.0	33.0	34.0	35.0	36.0	37.0	38.0	39.0	40.0
Sde-ABol_030-Ex1-6C-lcwgs-1-1.clmp.r1	4.0	29.0	191.0	585.0	1103.0	1784.0	2626.0	3583.0	4659.0	6063.0	7775.0	9408.0	12044.0	14541.0	18503.0	23684.0	31143.0	45996.0	107676.0	691763.0
	20.0	21.0	22.0	23.0	24.0	25.0	26.0	27.0	28.0	29.0	30.0	31.0	32.0	33.0	34.0	35.0	36.0	37.0	38.0	39.0	40.0
Sde-ABol_030-Ex1-6C-lcwgs-1-1.clmp.r2	4.0	59.0	471.0	1702.0	2836.0	3922.0	4792.0	5740.0	6699.0	7817.0	9057.0	10449.0	12419.0	14722.0	17524.0	21889.0	27421.0	36804.0	54096.0	113619.0	631118.0
	22.0	23.0	24.0	25.0	26.0	27.0	28.0	29.0	30.0	31.0	32.0	33.0	34.0	35.0	36.0	37.0	38.0	39.0	40.0
Sde-ABol_031-Ex1-7C-lcwgs-1-1.clmp.r1	2.0	19.0	70.0	90.0	157.0	258.0	384.0	501.0	608.0	819.0	982.0	1263.0	1441.0	1830.0	2263.0	3277.0	4966.0	11529.0	90117.0
	20.0	21.0	22.0	23.0	24.0	25.0	26.0	27.0	28.0	29.0	30.0	31.0	32.0	33.0	34.0	35.0	36.0	37.0	38.0	39.0	40.0
Sde-ABol_031-Ex1-7C-lcwgs-1-1.clmp.r2	1.0	5.0	42.0	172.0	305.0	390.0	467.0	619.0	651.0	785.0	923.0	1042.0	1223.0	1469.0	1764.0	2171.0	2789.0	3752.0	5961.0	14140.0	81905.0
	21.0	22.0	23.0	24.0	25.0	26.0	27.0	28.0	29.0	30.0	31.0	32.0	33.0	34.0	35.0	36.0	37.0	38.0	39.0	40.0
Sde-ABol_032-Ex1-8C-lcwgs-1-1.clmp.r1	1.0	5.0	39.0	105.0	221.0	396.0	535.0	673.0	935.0	1202.0	1442.0	1774.0	2255.0	2717.0	3262.0	4253.0	5584.0	8308.0	19275.0	138893.0
	20.0	21.0	22.0	23.0	24.0	25.0	26.0	27.0	28.0	29.0	30.0	31.0	32.0	33.0	34.0	35.0	36.0	37.0	38.0	39.0	40.0
Sde-ABol_032-Ex1-8C-lcwgs-1-1.clmp.r2	1.0	21.0	116.0	409.0	628.0	822.0	1009.0	1129.0	1381.0	1592.0	1781.0	1956.0	2312.0	2584.0	3220.0	3902.0	4855.0	6583.0	10062.0	22232.0	125280.0
	20.0	21.0	22.0	23.0	24.0	25.0	26.0	27.0	28.0	29.0	30.0	31.0	32.0	33.0	34.0	35.0	36.0	37.0	38.0	39.0	40.0
Sde-ABol_033-Ex1-9C-lcwgs-1-1.clmp.r1	2.0	7.0	206.0	1516.0	4705.0	9818.0	16519.0	23034.0	29636.0	37588.0	47787.0	59390.0	73013.0	89415.0	109797.0	137131.0	174770.0	237324.0	372543.0	908304.0	7290643.0
	19.0	20.0	21.0	22.0	23.0	24.0	25.0	26.0	27.0	28.0	29.0	30.0	31.0	32.0	33.0	34.0	35.0	36.0	37.0	38.0	39.0	40.0
Sde-ABol_033-Ex1-9C-lcwgs-1-1.clmp.r2	4.0	14.0	314.0	3262.0	11917.0	20367.0	27377.0	34372.0	40955.0	48576.0	57514.0	67906.0	79555.0	92816.0	109716.0	130625.0	161966.0	211680.0	292900.0	458378.0	1080788.0	6692146.0
	23.0	24.0	25.0	26.0	27.0	28.0	29.0	30.0	31.0	32.0	33.0	34.0	35.0	36.0	37.0	38.0	39.0	40.0
Sde-ABol_034-Ex1-10C-lcwgs-1-1.clmp.r1	4.0	8.0	7.0	18.0	29.0	39.0	39.0	49.0	70.0	81.0	91.0	139.0	138.0	166.0	192.0	269.0	406.0	1557.0
	21.0	22.0	23.0	24.0	25.0	26.0	27.0	28.0	29.0	30.0	31.0	32.0	33.0	34.0	35.0	36.0	37.0	38.0	39.0	40.0
Sde-ABol_034-Ex1-10C-lcwgs-1-1.clmp.r2	4.0	16.0	29.0	38.0	43.0	59.0	59.0	67.0	73.0	77.0	103.0	102.0	121.0	115.0	131.0	161.0	197.0	223.0	362.0	1322.0
	22.0	23.0	24.0	25.0	26.0	27.0	28.0	29.0	30.0	31.0	32.0	33.0	34.0	35.0	36.0	37.0	38.0	39.0	40.0
Sde-ABol_036-Ex1-12C-lcwgs-1-1.clmp.r1	2.0	3.0	11.0	19.0	33.0	49.0	64.0	84.0	87.0	130.0	136.0	191.0	224.0	269.0	347.0	387.0	454.0	844.0	3247.0
	21.0	22.0	23.0	24.0	25.0	26.0	27.0	28.0	29.0	30.0	31.0	32.0	33.0	34.0	35.0	36.0	37.0	38.0	39.0	40.0
Sde-ABol_036-Ex1-12C-lcwgs-1-1.clmp.r2	2.0	14.0	77.0	81.0	113.0	115.0	140.0	129.0	137.0	143.0	171.0	185.0	199.0	238.0	241.0	297.0	327.0	443.0	755.0	2774.0
	22.0	23.0	24.0	25.0	26.0	27.0	28.0	29.0	30.0	31.0	32.0	33.0	34.0	35.0	36.0	37.0	38.0	39.0	40.0
Sde-ABol_037-Ex1-1D-lcwgs-1-1.clmp.r1	7.0	51.0	131.0	286.0	458.0	641.0	787.0	1060.0	1364.0	1656.0	2053.0	2516.0	3115.0	3898.0	5032.0	6761.0	10085.0	22385.0	161197.0
	21.0	22.0	23.0	24.0	25.0	26.0	27.0	28.0	29.0	30.0	31.0	32.0	33.0	34.0	35.0	36.0	37.0	38.0	39.0	40.0
Sde-ABol_037-Ex1-1D-lcwgs-1-1.clmp.r2	8.0	102.0	326.0	554.0	760.0	895.0	1156.0	1415.0	1577.0	1875.0	2243.0	2577.0	3128.0	3807.0	4770.0	5980.0	7998.0	11857.0	25666.0	146789.0
	24.0	25.0	26.0	27.0	28.0	29.0	30.0	31.0	32.0	33.0	34.0	35.0	36.0	37.0	38.0	39.0	40.0
Sde-ABol_038-Ex1-2D-lcwgs-1-1.clmp.r1	1.0	5.0	9.0	12.0	13.0	30.0	26.0	31.0	43.0	54.0	57.0	59.0	73.0	92.0	114.0	176.0	626.0
	20.0	21.0	22.0	23.0	24.0	25.0	26.0	27.0	28.0	29.0	30.0	31.0	32.0	33.0	34.0	35.0	36.0	37.0	38.0	39.0	40.0
Sde-ABol_038-Ex1-2D-lcwgs-1-1.clmp.r2	1.0	0.0	3.0	8.0	13.0	14.0	25.0	35.0	43.0	29.0	34.0	41.0	47.0	72.0	74.0	67.0	82.0	68.0	96.0	140.0	529.0
	21.0	22.0	23.0	24.0	25.0	26.0	27.0	28.0	29.0	30.0	31.0	32.0	33.0	34.0	35.0	36.0	37.0	38.0	39.0	40.0
Sde-ABol_039-Ex1-3D-lcwgs-1-1.clmp.r1	3.0	38.0	124.0	383.0	835.0	1368.0	1960.0	2420.0	3192.0	3979.0	4988.0	6182.0	7696.0	9429.0	11629.0	14763.0	19923.0	29269.0	64737.0	527094.0
	20.0	21.0	22.0	23.0	24.0	25.0	26.0	27.0	28.0	29.0	30.0	31.0	32.0	33.0	34.0	35.0	36.0	37.0	38.0	39.0	40.0
Sde-ABol_039-Ex1-3D-lcwgs-1-1.clmp.r2	1.0	34.0	251.0	1083.0	1784.0	2478.0	3138.0	3688.0	4399.0	5331.0	6079.0	6988.0	8209.0	9552.0	11621.0	14168.0	17957.0	24174.0	35784.0	77196.0	476097.0
	22.0	23.0	24.0	25.0	26.0	27.0	28.0	29.0	30.0	31.0	32.0	33.0	34.0	35.0	36.0	37.0	38.0	39.0	40.0
Sde-ABol_040-Ex1-4D-lcwgs-1-1.clmp.r1	2.0	13.0	47.0	72.0	137.0	192.0	269.0	331.0	425.0	493.0	574.0	802.0	956.0	1134.0	1443.0	1879.0	2772.0	6357.0	47956.0
	21.0	22.0	23.0	24.0	25.0	26.0	27.0	28.0	29.0	30.0	31.0	32.0	33.0	34.0	35.0	36.0	37.0	38.0	39.0	40.0
Sde-ABol_040-Ex1-4D-lcwgs-1-1.clmp.r2	2.0	30.0	119.0	199.0	277.0	331.0	389.0	420.0	492.0	589.0	692.0	753.0	882.0	1005.0	1280.0	1552.0	2135.0	3155.0	7144.0	44408.0
	21.0	22.0	23.0	24.0	25.0	26.0	27.0	28.0	29.0	30.0	31.0	32.0	33.0	34.0	35.0	36.0	37.0	38.0	39.0	40.0
Sde-ABol_041-Ex1-5D-lcwgs-1-1.clmp.r1	1.0	0.0	5.0	18.0	45.0	52.0	78.0	72.0	109.0	143.0	206.0	238.0	294.0	338.0	369.0	431.0	529.0	716.0	1167.0	4233.0
	20.0	21.0	22.0	23.0	24.0	25.0	26.0	27.0	28.0	29.0	30.0	31.0	32.0	33.0	34.0	35.0	36.0	37.0	38.0	39.0	40.0
Sde-ABol_041-Ex1-5D-lcwgs-1-1.clmp.r2	1.0	4.0	31.0	79.0	124.0	143.0	192.0	178.0	191.0	205.0	247.0	247.0	280.0	314.0	343.0	376.0	431.0	489.0	611.0	1003.0	3555.0
	21.0	22.0	23.0	24.0	25.0	26.0	27.0	28.0	29.0	30.0	31.0	32.0	33.0	34.0	35.0	36.0	37.0	38.0	39.0	40.0
Sde-ABol_042-Ex1-6D-lcwgs-1-1.clmp.r1	3.0	100.0	617.0	1724.0	3634.0	5772.0	8149.0	10319.0	13182.0	16907.0	21174.0	26370.0	32609.0	40456.0	51272.0	65636.0	86955.0	129365.0	302973.0	1990987.0
	20.0	21.0	22.0	23.0	24.0	25.0	26.0	27.0	28.0	29.0	30.0	31.0	32.0	33.0	34.0	35.0	36.0	37.0	38.0	39.0	40.0
Sde-ABol_042-Ex1-6D-lcwgs-1-1.clmp.r2	8.0	143.0	1288.0	4242.0	7564.0	10398.0	12763.0	15294.0	18532.0	21893.0	25528.0	30153.0	35269.0	40907.0	47602.0	58803.0	74303.0	99742.0	145720.0	316208.0	1841844.0
	21.0	22.0	23.0	24.0	25.0	26.0	27.0	28.0	29.0	30.0	31.0	32.0	33.0	34.0	35.0	36.0	37.0	38.0	39.0	40.0
Sde-ABol_044-Ex1-8D-lcwgs-1-1.clmp.r1	16.0	406.0	2594.0	7514.0	15829.0	27018.0	38884.0	50701.0	64707.0	81686.0	102412.0	125656.0	154226.0	187218.0	233347.0	297418.0	397854.0	606029.0	1427535.0	11879337.0
	19.0	20.0	21.0	22.0	23.0	24.0	25.0	26.0	27.0	28.0	29.0	30.0	31.0	32.0	33.0	34.0	35.0	36.0	37.0	38.0	39.0	40.0
Sde-ABol_044-Ex1-8D-lcwgs-1-1.clmp.r2	1.0	30.0	646.0	6161.0	22144.0	38125.0	52289.0	64249.0	76683.0	91507.0	107319.0	125284.0	144798.0	168636.0	196554.0	233139.0	286280.0	364355.0	493828.0	754141.0	1733551.0	10740667.0
	21.0	22.0	23.0	24.0	25.0	26.0	27.0	28.0	29.0	30.0	31.0	32.0	33.0	34.0	35.0	36.0	37.0	38.0	39.0	40.0
Sde-ABol_046-Ex1-10D-lcwgs-1-1.clmp.r1	2.0	15.0	121.0	417.0	874.0	1468.0	1970.0	2551.0	3119.0	3798.0	4830.0	6087.0	7392.0	9124.0	11513.0	14822.0	20220.0	31324.0	77565.0	507712.0
	20.0	21.0	22.0	23.0	24.0	25.0	26.0	27.0	28.0	29.0	30.0	31.0	32.0	33.0	34.0	35.0	36.0	37.0	38.0	39.0	40.0
Sde-ABol_046-Ex1-10D-lcwgs-1-1.clmp.r2	1.0	31.0	284.0	925.0	1531.0	2208.0	2673.0	3191.0	3894.0	4570.0	5565.0	6441.0	7443.0	8828.0	10830.0	13271.0	17263.0	23877.0	36134.0	80823.0	475141.0
	21.0	22.0	23.0	24.0	25.0	26.0	27.0	28.0	29.0	30.0	31.0	32.0	33.0	34.0	35.0	36.0	37.0	38.0	39.0	40.0
Sde-ABol_047-Ex1-11D-lcwgs-1-1.clmp.r1	1.0	33.0	192.0	512.0	1192.0	1948.0	2616.0	3366.0	4059.0	4905.0	6108.0	7465.0	9113.0	11060.0	13880.0	17847.0	23789.0	35130.0	77943.0	568362.0
	20.0	21.0	22.0	23.0	24.0	25.0	26.0	27.0	28.0	29.0	30.0	31.0	32.0	33.0	34.0	35.0	36.0	37.0	38.0	39.0	40.0
Sde-ABol_047-Ex1-11D-lcwgs-1-1.clmp.r2	2.0	43.0	324.0	1122.0	1961.0	2635.0	3406.0	4231.0	4979.0	5943.0	6907.0	8199.0	9350.0	11040.0	13222.0	16307.0	20829.0	28723.0	41817.0	89176.0	519305.0
	21.0	22.0	23.0	24.0	25.0	26.0	27.0	28.0	29.0	30.0	31.0	32.0	33.0	34.0	35.0	36.0	37.0	38.0	39.0	40.0
Sde-ABol_048-Ex1-12D-lcwgs-1-1.clmp.r1	1.0	17.0	91.0	327.0	705.0	1122.0	1482.0	1860.0	2127.0	2658.0	3046.0	3852.0	4727.0	5834.0	7333.0	9522.0	12802.0	18142.0	35702.0	213760.0
	21.0	22.0	23.0	24.0	25.0	26.0	27.0	28.0	29.0	30.0	31.0	32.0	33.0	34.0	35.0	36.0	37.0	38.0	39.0	40.0
Sde-ABol_048-Ex1-12D-lcwgs-1-1.clmp.r2	44.0	351.0	1167.0	1737.0	2169.0	2611.0	3177.0	3706.0	4487.0	5214.0	5881.0	6537.0	7276.0	8482.0	10273.0	12646.0	16206.0	22411.0	42351.0	168384.0
	23.0	24.0	25.0	26.0	27.0	28.0	29.0	30.0	31.0	32.0	33.0	34.0	35.0	36.0	37.0	38.0	39.0	40.0
Sde-ABol_049-Ex1-1E-lcwgs-1-1.clmp.r1	1.0	0.0	2.0	1.0	1.0	10.0	11.0	12.0	9.0	22.0	24.0	29.0	36.0	40.0	40.0	51.0	91.0	355.0
	23.0	24.0	25.0	26.0	27.0	28.0	29.0	30.0	31.0	32.0	33.0	34.0	35.0	36.0	37.0	38.0	39.0	40.0
Sde-ABol_049-Ex1-1E-lcwgs-1-1.clmp.r2	7.0	3.0	10.0	8.0	13.0	17.0	24.0	18.0	26.0	16.0	25.0	24.0	32.0	38.0	35.0	60.0	76.0	303.0
	24.0	25.0	26.0	27.0	28.0	29.0	30.0	31.0	32.0	33.0	34.0	35.0	36.0	37.0	38.0	39.0	40.0
Sde-ABol_050-Ex1-2E-lcwgs-1-1.clmp.r1	2.0	2.0	1.0	3.0	7.0	7.0	5.0	6.0	12.0	21.0	9.0	15.0	19.0	24.0	41.0	43.0	168.0
	22.0	23.0	24.0	25.0	26.0	27.0	28.0	29.0	30.0	31.0	32.0	33.0	34.0	35.0	36.0	37.0	38.0	39.0	40.0
Sde-ABol_050-Ex1-2E-lcwgs-1-1.clmp.r2	1.0	2.0	3.0	3.0	6.0	7.0	12.0	13.0	13.0	10.0	25.0	14.0	20.0	16.0	21.0	14.0	34.0	26.0	145.0
	22.0	23.0	24.0	25.0	26.0	27.0	28.0	29.0	30.0	31.0	32.0	33.0	34.0	35.0	36.0	37.0	38.0	39.0	40.0
Sde-ABol_051-Ex1-3E-lcwgs-1-1.clmp.r1	1.0	29.0	74.0	152.0	246.0	296.0	417.0	542.0	662.0	839.0	1055.0	1287.0	1577.0	2044.0	2491.0	3319.0	4700.0	9834.0	62322.0
	21.0	22.0	23.0	24.0	25.0	26.0	27.0	28.0	29.0	30.0	31.0	32.0	33.0	34.0	35.0	36.0	37.0	38.0	39.0	40.0
Sde-ABol_051-Ex1-3E-lcwgs-1-1.clmp.r2	11.0	49.0	175.0	255.0	405.0	527.0	598.0	728.0	833.0	979.0	1193.0	1364.0	1632.0	1918.0	2258.0	2911.0	3839.0	5353.0	11095.0	55764.0
	19.0	20.0	21.0	22.0	23.0	24.0	25.0	26.0	27.0	28.0	29.0	30.0	31.0	32.0	33.0	34.0	35.0	36.0	37.0	38.0	39.0	40.0
Sde-ABol_053-Ex1-5E-lcwgs-1-1.clmp.r1	1.0	0.0	2.0	30.0	196.0	600.0	1392.0	2214.0	2810.0	3402.0	4276.0	5086.0	6203.0	7441.0	8976.0	11324.0	13841.0	17863.0	23205.0	33179.0	66936.0	364062.0
	20.0	21.0	22.0	23.0	24.0	25.0	26.0	27.0	28.0	29.0	30.0	31.0	32.0	33.0	34.0	35.0	36.0	37.0	38.0	39.0	40.0
Sde-ABol_053-Ex1-5E-lcwgs-1-1.clmp.r2	2.0	44.0	305.0	1075.0	1962.0	2746.0	3440.0	4132.0	4960.0	5836.0	7298.0	8277.0	9531.0	11424.0	13431.0	16396.0	21500.0	28078.0	39126.0	73465.0	320011.0
	22.0	23.0	24.0	25.0	26.0	27.0	28.0	29.0	30.0	31.0	32.0	33.0	34.0	35.0	36.0	37.0	38.0	39.0	40.0
Sde-ABol_054-Ex1-6E-lcwgs-1-1.clmp.r1	39.0	194.0	705.0	1577.0	2476.0	3124.0	3381.0	4223.0	4950.0	5880.0	7084.0	8687.0	10685.0	13033.0	17193.0	22740.0	32637.0	68432.0	329923.0
	20.0	21.0	22.0	23.0	24.0	25.0	26.0	27.0	28.0	29.0	30.0	31.0	32.0	33.0	34.0	35.0	36.0	37.0	38.0	39.0	40.0
Sde-ABol_054-Ex1-6E-lcwgs-1-1.clmp.r2	3.0	27.0	283.0	949.0	1819.0	2514.0	3339.0	3907.0	4982.0	5972.0	6916.0	8233.0	9348.0	10785.0	12700.0	15721.0	19931.0	26907.0	36822.0	67505.0	298300.0
	22.0	23.0	24.0	25.0	26.0	27.0	28.0	29.0	30.0	31.0	32.0	33.0	34.0	35.0	36.0	37.0	38.0	39.0	40.0
Sde-ABol_055-Ex1-7E-lcwgs-1-1.clmp.r1	1.0	17.0	32.0	68.0	117.0	180.0	192.0	277.0	334.0	400.0	543.0	650.0	842.0	1037.0	1373.0	1724.0	2729.0	6103.0	47536.0
	21.0	22.0	23.0	24.0	25.0	26.0	27.0	28.0	29.0	30.0	31.0	32.0	33.0	34.0	35.0	36.0	37.0	38.0	39.0	40.0
Sde-ABol_055-Ex1-7E-lcwgs-1-1.clmp.r2	4.0	22.0	98.0	148.0	199.0	267.0	346.0	394.0	433.0	512.0	576.0	661.0	817.0	941.0	1253.0	1619.0	2156.0	3266.0	7077.0	43366.0
	21.0	22.0	23.0	24.0	25.0	26.0	27.0	28.0	29.0	30.0	31.0	32.0	33.0	34.0	35.0	36.0	37.0	38.0	39.0	40.0
Sde-ABol_056-Ex1-8E-lcwgs-1-1.clmp.r1	1.0	4.0	33.0	86.0	223.0	395.0	579.0	729.0	957.0	1159.0	1436.0	1798.0	2179.0	2820.0	3475.0	4417.0	5970.0	8996.0	20103.0	146865.0
	21.0	22.0	23.0	24.0	25.0	26.0	27.0	28.0	29.0	30.0	31.0	32.0	33.0	34.0	35.0	36.0	37.0	38.0	39.0	40.0
Sde-ABol_056-Ex1-8E-lcwgs-1-1.clmp.r2	12.0	82.0	283.0	543.0	736.0	887.0	1059.0	1237.0	1592.0	1831.0	2050.0	2490.0	2694.0	3344.0	4088.0	5324.0	7094.0	10669.0	23317.0	132893.0
	21.0	22.0	23.0	24.0	25.0	26.0	27.0	28.0	29.0	30.0	31.0	32.0	33.0	34.0	35.0	36.0	37.0	38.0	39.0	40.0
Sde-ABol_057-Ex1-9E-lcwgs-1-1.clmp.r1	4.0	41.0	172.0	490.0	1024.0	1729.0	2487.0	3474.0	4346.0	5700.0	7251.0	8949.0	11203.0	13796.0	17493.0	22472.0	30230.0	45560.0	103852.0	806855.0
	20.0	21.0	22.0	23.0	24.0	25.0	26.0	27.0	28.0	29.0	30.0	31.0	32.0	33.0	34.0	35.0	36.0	37.0	38.0	39.0	40.0
Sde-ABol_057-Ex1-9E-lcwgs-1-1.clmp.r2	2.0	39.0	395.0	1374.0	2476.0	3339.0	4169.0	5091.0	6061.0	7244.0	8705.0	9861.0	11523.0	13974.0	16592.0	20108.0	26181.0	35546.0	54242.0	121037.0	739169.0
	21.0	22.0	23.0	24.0	25.0	26.0	27.0	28.0	29.0	30.0	31.0	32.0	33.0	34.0	35.0	36.0	37.0	38.0	39.0	40.0
Sde-ABol_058-Ex1-10E-lcwgs-1-1.clmp.r1	1.0	7.0	44.0	178.0	336.0	520.0	839.0	1162.0	1487.0	1917.0	2444.0	3043.0	3858.0	4744.0	5917.0	7787.0	10821.0	16932.0	44231.0	294818.0
	21.0	22.0	23.0	24.0	25.0	26.0	27.0	28.0	29.0	30.0	31.0	32.0	33.0	34.0	35.0	36.0	37.0	38.0	39.0	40.0
Sde-ABol_058-Ex1-10E-lcwgs-1-1.clmp.r2	11.0	121.0	450.0	738.0	1022.0	1332.0	1574.0	1875.0	2240.0	2563.0	3187.0	3590.0	4398.0	5345.0	6832.0	8823.0	12330.0	19340.0	45131.0	280184.0
	21.0	22.0	23.0	24.0	25.0	26.0	27.0	28.0	29.0	30.0	31.0	32.0	33.0	34.0	35.0	36.0	37.0	38.0	39.0	40.0
Sde-ABol_059-Ex1-11E-lcwgs-1-1.clmp.r1	1.0	7.0	18.0	78.0	144.0	267.0	374.0	511.0	616.0	831.0	953.0	1252.0	1481.0	1914.0	2333.0	2951.0	3959.0	6192.0	14678.0	101654.0
	20.0	21.0	22.0	23.0	24.0	25.0	26.0	27.0	28.0	29.0	30.0	31.0	32.0	33.0	34.0	35.0	36.0	37.0	38.0	39.0	40.0
Sde-ABol_059-Ex1-11E-lcwgs-1-1.clmp.r2	2.0	8.0	47.0	176.0	304.0	404.0	530.0	632.0	717.0	842.0	1028.0	1192.0	1422.0	1743.0	2111.0	2564.0	3314.0	4547.0	7245.0	16417.0	94969.0
	22.0	23.0	24.0	25.0	26.0	27.0	28.0	29.0	30.0	31.0	32.0	33.0	34.0	35.0	36.0	37.0	38.0	39.0	40.0
Sde-ABol_060-Ex1-12E-lcwgs-1-1.clmp.r1	8.0	63.0	150.0	299.0	519.0	703.0	911.0	1197.0	1402.0	1760.0	2170.0	2575.0	3252.0	4013.0	5022.0	6871.0	10017.0	21468.0	157454.0
	21.0	22.0	23.0	24.0	25.0	26.0	27.0	28.0	29.0	30.0	31.0	32.0	33.0	34.0	35.0	36.0	37.0	38.0	39.0	40.0
Sde-ABol_060-Ex1-12E-lcwgs-1-1.clmp.r2	12.0	96.0	376.0	619.0	845.0	1148.0	1269.0	1568.0	1803.0	2052.0	2561.0	2823.0	3238.0	4035.0	4703.0	6136.0	8046.0	12093.0	24705.0	141726.0
	22.0	23.0	24.0	25.0	26.0	27.0	28.0	29.0	30.0	31.0	32.0	33.0	34.0	35.0	36.0	37.0	38.0	39.0	40.0
Sde-ABol_061-Ex1-1F-lcwgs-1-1.clmp.r1	1.0	16.0	46.0	75.0	189.0	215.0	267.0	311.0	448.0	532.0	656.0	845.0	1024.0	1247.0	1672.0	2221.0	3208.0	7417.0	51962.0
	21.0	22.0	23.0	24.0	25.0	26.0	27.0	28.0	29.0	30.0	31.0	32.0	33.0	34.0	35.0	36.0	37.0	38.0	39.0	40.0
Sde-ABol_061-Ex1-1F-lcwgs-1-1.clmp.r2	4.0	29.0	99.0	170.0	204.0	337.0	385.0	397.0	508.0	606.0	753.0	860.0	947.0	1200.0	1404.0	1883.0	2649.0	4003.0	8408.0	47506.0
	21.0	22.0	23.0	24.0	25.0	26.0	27.0	28.0	29.0	30.0	31.0	32.0	33.0	34.0	35.0	36.0	37.0	38.0	39.0	40.0
Sde-ABol_062-Ex1-2F-lcwgs-1-1.clmp.r1	1.0	10.0	41.0	128.0	243.0	431.0	628.0	826.0	1108.0	1424.0	1796.0	2267.0	2801.0	3432.0	4355.0	5603.0	7545.0	11504.0	27139.0	214203.0
	21.0	22.0	23.0	24.0	25.0	26.0	27.0	28.0	29.0	30.0	31.0	32.0	33.0	34.0	35.0	36.0	37.0	38.0	39.0	40.0
Sde-ABol_062-Ex1-2F-lcwgs-1-1.clmp.r2	5.0	94.0	299.0	560.0	845.0	1034.0	1214.0	1399.0	1686.0	1977.0	2340.0	2763.0	3353.0	3969.0	4926.0	6579.0	9269.0	14022.0	31569.0	197582.0
	21.0	22.0	23.0	24.0	25.0	26.0	27.0	28.0	29.0	30.0	31.0	32.0	33.0	34.0	35.0	36.0	37.0	38.0	39.0	40.0
Sde-ABol_063-Ex1-3F-lcwgs-1-1.clmp.r1	1.0	6.0	113.0	234.0	542.0	837.0	1305.0	1548.0	2077.0	2487.0	3032.0	3757.0	4694.0	5643.0	7126.0	9039.0	12198.0	17719.0	38228.0	280737.0
	20.0	21.0	22.0	23.0	24.0	25.0	26.0	27.0	28.0	29.0	30.0	31.0	32.0	33.0	34.0	35.0	36.0	37.0	38.0	39.0	40.0
Sde-ABol_063-Ex1-3F-lcwgs-1-1.clmp.r2	1.0	18.0	184.0	603.0	1113.0	1465.0	1858.0	2262.0	2603.0	3054.0	3596.0	4187.0	4909.0	5850.0	6969.0	8370.0	10800.0	14529.0	21211.0	44016.0	253725.0
	21.0	22.0	23.0	24.0	25.0	26.0	27.0	28.0	29.0	30.0	31.0	32.0	33.0	34.0	35.0	36.0	37.0	38.0	39.0	40.0
Sde-ABol_064-Ex1-4F-lcwgs-1-1.clmp.r1	1.0	55.0	301.0	851.0	1894.0	3156.0	4667.0	6331.0	8499.0	10709.0	13693.0	17188.0	21017.0	26223.0	32607.0	42169.0	57908.0	89818.0	213173.0	1788046.0
	19.0	20.0	21.0	22.0	23.0	24.0	25.0	26.0	27.0	28.0	29.0	30.0	31.0	32.0	33.0	34.0	35.0	36.0	37.0	38.0	39.0	40.0
Sde-ABol_064-Ex1-4F-lcwgs-1-1.clmp.r2	1.0	6.0	85.0	743.0	2734.0	4862.0	6497.0	8219.0	9790.0	11397.0	13362.0	15955.0	18617.0	22017.0	25912.0	31510.0	39058.0	50582.0	70606.0	110368.0	255594.0	1640391.0
	22.0	23.0	24.0	25.0	26.0	27.0	28.0	29.0	30.0	31.0	32.0	33.0	34.0	35.0	36.0	37.0	38.0	39.0	40.0
Sde-ABol_065-Ex1-5F-lcwgs-1-1.clmp.r1	2.0	27.0	69.0	144.0	226.0	328.0	465.0	553.0	735.0	952.0	1164.0	1487.0	1826.0	2247.0	2986.0	4012.0	6235.0	15287.0	114979.0
	21.0	22.0	23.0	24.0	25.0	26.0	27.0	28.0	29.0	30.0	31.0	32.0	33.0	34.0	35.0	36.0	37.0	38.0	39.0	40.0
Sde-ABol_065-Ex1-5F-lcwgs-1-1.clmp.r2	2.0	38.0	163.0	321.0	406.0	500.0	577.0	677.0	859.0	1037.0	1164.0	1355.0	1582.0	2011.0	2654.0	3362.0	4760.0	7552.0	18104.0	106600.0
	21.0	22.0	23.0	24.0	25.0	26.0	27.0	28.0	29.0	30.0	31.0	32.0	33.0	34.0	35.0	36.0	37.0	38.0	39.0	40.0
Sde-ABol_067-Ex1-7F-lcwgs-1-1.clmp.r1	1.0	16.0	104.0	295.0	695.0	1162.0	1672.0	2333.0	3041.0	3899.0	4997.0	6330.0	7605.0	9594.0	11733.0	15149.0	20772.0	32730.0	79470.0	673533.0
	21.0	22.0	23.0	24.0	25.0	26.0	27.0	28.0	29.0	30.0	31.0	32.0	33.0	34.0	35.0	36.0	37.0	38.0	39.0	40.0
Sde-ABol_067-Ex1-7F-lcwgs-1-1.clmp.r2	30.0	280.0	926.0	1707.0	2280.0	2844.0	3423.0	4148.0	4780.0	5744.0	6688.0	7806.0	9254.0	11146.0	14157.0	18652.0	25532.0	40379.0	95934.0	619421.0
	21.0	22.0	23.0	24.0	25.0	26.0	27.0	28.0	29.0	30.0	31.0	32.0	33.0	34.0	35.0	36.0	37.0	38.0	39.0	40.0
Sde-ABol_068-Ex1-8F-lcwgs-1-1.clmp.r1	8.0	198.0	1241.0	3833.0	8284.0	13856.0	19502.0	24435.0	30234.0	37367.0	46676.0	57106.0	70049.0	85923.0	106981.0	137795.0	184549.0	278464.0	628739.0	4843974.0
	20.0	21.0	22.0	23.0	24.0	25.0	26.0	27.0	28.0	29.0	30.0	31.0	32.0	33.0	34.0	35.0	36.0	37.0	38.0	39.0	40.0
Sde-ABol_068-Ex1-8F-lcwgs-1-1.clmp.r2	11.0	288.0	2758.0	9962.0	17400.0	23420.0	29419.0	35250.0	42171.0	49571.0	58802.0	68024.0	78961.0	92257.0	109222.0	134344.0	171276.0	231980.0	346604.0	750704.0	4326790.0
	21.0	22.0	23.0	24.0	25.0	26.0	27.0	28.0	29.0	30.0	31.0	32.0	33.0	34.0	35.0	36.0	37.0	38.0	39.0	40.0
Sde-ABol_069-Ex1-9F-lcwgs-1-1.clmp.r1	1.0	10.0	60.0	171.0	358.0	596.0	955.0	1242.0	1582.0	2248.0	2764.0	3412.0	4308.0	5311.0	6698.0	8463.0	11481.0	17956.0	43597.0	358333.0
	21.0	22.0	23.0	24.0	25.0	26.0	27.0	28.0	29.0	30.0	31.0	32.0	33.0	34.0	35.0	36.0	37.0	38.0	39.0	40.0
Sde-ABol_069-Ex1-9F-lcwgs-1-1.clmp.r2	14.0	161.0	515.0	1001.0	1326.0	1629.0	1968.0	2175.0	2592.0	3242.0	3647.0	4346.0	5201.0	6228.0	7781.0	10051.0	13986.0	21737.0	51795.0	330151.0
	21.0	22.0	23.0	24.0	25.0	26.0	27.0	28.0	29.0	30.0	31.0	32.0	33.0	34.0	35.0	36.0	37.0	38.0	39.0	40.0
Sde-ABol_070-Ex1-10F-lcwgs-1-1.clmp.r1	2.0	38.0	204.0	645.0	1325.0	2167.0	3081.0	3958.0	5226.0	6427.0	8271.0	10111.0	12376.0	15680.0	19520.0	25421.0	34247.0	53790.0	135934.0	882636.0
	20.0	21.0	22.0	23.0	24.0	25.0	26.0	27.0	28.0	29.0	30.0	31.0	32.0	33.0	34.0	35.0	36.0	37.0	38.0	39.0	40.0
Sde-ABol_070-Ex1-10F-lcwgs-1-1.clmp.r2	3.0	39.0	420.0	1480.0	2671.0	3611.0	4424.0	5315.0	6558.0	7570.0	9064.0	10761.0	12461.0	14788.0	17756.0	22332.0	29395.0	40299.0	61916.0	141663.0	828533.0
	21.0	22.0	23.0	24.0	25.0	26.0	27.0	28.0	29.0	30.0	31.0	32.0	33.0	34.0	35.0	36.0	37.0	38.0	39.0	40.0
Sde-ABol_071-Ex1-11F-lcwgs-1-1.clmp.r1	1.0	7.0	54.0	164.0	343.0	557.0	764.0	1025.0	1326.0	1663.0	2028.0	2506.0	3057.0	3882.0	4844.0	6237.0	8190.0	12226.0	26882.0	195641.0
	20.0	21.0	22.0	23.0	24.0	25.0	26.0	27.0	28.0	29.0	30.0	31.0	32.0	33.0	34.0	35.0	36.0	37.0	38.0	39.0	40.0
Sde-ABol_071-Ex1-11F-lcwgs-1-1.clmp.r2	2.0	13.0	108.0	394.0	706.0	989.0	1189.0	1428.0	1739.0	1956.0	2338.0	2633.0	3105.0	3734.0	4325.0	5509.0	7103.0	9782.0	14487.0	30767.0	179090.0
	22.0	23.0	24.0	25.0	26.0	27.0	28.0	29.0	30.0	31.0	32.0	33.0	34.0	35.0	36.0	37.0	38.0	39.0	40.0
Sde-ABol_072-Ex1-12F-lcwgs-1-1.clmp.r1	9.0	52.0	179.0	336.0	557.0	885.0	1173.0	1618.0	2093.0	2509.0	3211.0	4116.0	5124.0	6299.0	8014.0	10776.0	17245.0	42296.0	357303.0
	21.0	22.0	23.0	24.0	25.0	26.0	27.0	28.0	29.0	30.0	31.0	32.0	33.0	34.0	35.0	36.0	37.0	38.0	39.0	40.0
Sde-ABol_072-Ex1-12F-lcwgs-1-1.clmp.r2	17.0	147.0	516.0	915.0	1204.0	1473.0	1714.0	2038.0	2406.0	2872.0	3310.0	3895.0	4526.0	5685.0	7189.0	9396.0	13227.0	21253.0	51042.0	330970.0
	23.0	24.0	25.0	26.0	27.0	28.0	29.0	30.0	31.0	32.0	33.0	34.0	35.0	36.0	37.0	38.0	39.0	40.0
Sde-ABol_073-Ex1-1G-lcwgs-1-1.clmp.r1	1.0	3.0	11.0	14.0	18.0	23.0	35.0	62.0	58.0	71.0	97.0	91.0	112.0	139.0	164.0	183.0	333.0	1159.0
	22.0	23.0	24.0	25.0	26.0	27.0	28.0	29.0	30.0	31.0	32.0	33.0	34.0	35.0	36.0	37.0	38.0	39.0	40.0
Sde-ABol_073-Ex1-1G-lcwgs-1-1.clmp.r2	4.0	13.0	26.0	46.0	56.0	54.0	77.0	66.0	85.0	78.0	87.0	97.0	87.0	118.0	125.0	110.0	149.0	271.0	1025.0
	21.0	22.0	23.0	24.0	25.0	26.0	27.0	28.0	29.0	30.0	31.0	32.0	33.0	34.0	35.0	36.0	37.0	38.0	39.0	40.0
Sde-ABol_074-Ex1-2G-lcwgs-1-1.clmp.r1	1.0	12.0	105.0	304.0	687.0	1050.0	1574.0	2008.0	2724.0	3473.0	4254.0	5296.0	6482.0	7912.0	9970.0	13235.0	17457.0	26417.0	61549.0	457971.0
	20.0	21.0	22.0	23.0	24.0	25.0	26.0	27.0	28.0	29.0	30.0	31.0	32.0	33.0	34.0	35.0	36.0	37.0	38.0	39.0	40.0
Sde-ABol_074-Ex1-2G-lcwgs-1-1.clmp.r2	1.0	31.0	204.0	772.0	1371.0	1942.0	2344.0	2895.0	3310.0	4017.0	4780.0	5643.0	6748.0	7495.0	9139.0	11579.0	15051.0	20332.0	31196.0	70514.0	423117.0
	21.0	22.0	23.0	24.0	25.0	26.0	27.0	28.0	29.0	30.0	31.0	32.0	33.0	34.0	35.0	36.0	37.0	38.0	39.0	40.0
Sde-ABol_075-Ex1-3G-lcwgs-1-1.clmp.r1	1.0	14.0	62.0	160.0	392.0	643.0	917.0	1150.0	1444.0	1953.0	2392.0	2933.0	3621.0	4495.0	5604.0	7258.0	9401.0	13709.0	30317.0	207604.0
	20.0	21.0	22.0	23.0	24.0	25.0	26.0	27.0	28.0	29.0	30.0	31.0	32.0	33.0	34.0	35.0	36.0	37.0	38.0	39.0	40.0
Sde-ABol_075-Ex1-3G-lcwgs-1-1.clmp.r2	1.0	14.0	124.0	451.0	785.0	1096.0	1380.0	1641.0	1943.0	2176.0	2707.0	3231.0	3864.0	4302.0	5168.0	6385.0	8194.0	11174.0	16039.0	33980.0	189415.0
	21.0	22.0	23.0	24.0	25.0	26.0	27.0	28.0	29.0	30.0	31.0	32.0	33.0	34.0	35.0	36.0	37.0	38.0	39.0	40.0
Sde-ABol_077-Ex1-5G-lcwgs-1-1.clmp.r1	5.0	129.0	655.0	1933.0	4072.0	6959.0	10635.0	14772.0	20084.0	26266.0	34534.0	43343.0	53880.0	66881.0	83758.0	108129.0	148462.0	235445.0	605820.0	4953623.0
	20.0	21.0	22.0	23.0	24.0	25.0	26.0	27.0	28.0	29.0	30.0	31.0	32.0	33.0	34.0	35.0	36.0	37.0	38.0	39.0	40.0
Sde-ABol_077-Ex1-5G-lcwgs-1-1.clmp.r2	10.0	203.0	1778.0	6466.0	11177.0	15013.0	18702.0	22471.0	26938.0	31489.0	37153.0	43745.0	51534.0	61895.0	75974.0	95390.0	125955.0	177154.0	286663.0	713126.0	4616549.0
	21.0	22.0	23.0	24.0	25.0	26.0	27.0	28.0	29.0	30.0	31.0	32.0	33.0	34.0	35.0	36.0	37.0	38.0	39.0	40.0
Sde-ABol_078-Ex1-6G-lcwgs-1-1.clmp.r1	4.0	27.0	136.0	311.0	688.0	1116.0	1509.0	2106.0	2720.0	3316.0	4463.0	5527.0	6744.0	8402.0	10628.0	13603.0	18347.0	27346.0	64845.0	397334.0
	20.0	21.0	22.0	23.0	24.0	25.0	26.0	27.0	28.0	29.0	30.0	31.0	32.0	33.0	34.0	35.0	36.0	37.0	38.0	39.0	40.0
Sde-ABol_078-Ex1-6G-lcwgs-1-1.clmp.r2	4.0	29.0	304.0	891.0	1506.0	2055.0	2596.0	2913.0	3566.0	4222.0	4881.0	5686.0	6639.0	7855.0	9443.0	11552.0	14813.0	19944.0	29461.0	65411.0	375401.0
	21.0	22.0	23.0	24.0	25.0	26.0	27.0	28.0	29.0	30.0	31.0	32.0	33.0	34.0	35.0	36.0	37.0	38.0	39.0	40.0
Sde-ABol_079-Ex1-7G-lcwgs-1-1.clmp.r1	3.0	69.0	472.0	1476.0	3356.0	5743.0	8194.0	10839.0	14270.0	18177.0	23368.0	28910.0	35834.0	44410.0	56208.0	72539.0	99382.0	158598.0	406265.0	3212528.0
	20.0	21.0	22.0	23.0	24.0	25.0	26.0	27.0	28.0	29.0	30.0	31.0	32.0	33.0	34.0	35.0	36.0	37.0	38.0	39.0	40.0
Sde-ABol_079-Ex1-7G-lcwgs-1-1.clmp.r2	5.0	99.0	1115.0	3953.0	6888.0	9440.0	11713.0	14279.0	17459.0	20876.0	25032.0	29480.0	34554.0	41506.0	50541.0	63993.0	85197.0	121839.0	195014.0	483924.0	2983734.0
	21.0	22.0	23.0	24.0	25.0	26.0	27.0	28.0	29.0	30.0	31.0	32.0	33.0	34.0	35.0	36.0	37.0	38.0	39.0	40.0
Sde-ABol_080-Ex1-8G-lcwgs-1-1.clmp.r1	2.0	24.0	138.0	408.0	813.0	1411.0	1930.0	2538.0	3326.0	4438.0	5645.0	7031.0	8418.0	10667.0	13100.0	17067.0	22016.0	33108.0	73513.0	536789.0
	20.0	21.0	22.0	23.0	24.0	25.0	26.0	27.0	28.0	29.0	30.0	31.0	32.0	33.0	34.0	35.0	36.0	37.0	38.0	39.0	40.0
Sde-ABol_080-Ex1-8G-lcwgs-1-1.clmp.r2	2.0	49.0	367.0	1279.0	2246.0	2911.0	3545.0	4131.0	4823.0	5710.0	6556.0	7565.0	8851.0	10262.0	12212.0	15220.0	19286.0	25910.0	38199.0	84813.0	488445.0
	22.0	23.0	24.0	25.0	26.0	27.0	28.0	29.0	30.0	31.0	32.0	33.0	34.0	35.0	36.0	37.0	38.0	39.0	40.0
Sde-ABol_081-Ex1-9G-lcwgs-1-1.clmp.r1	5.0	21.0	62.0	101.0	148.0	274.0	319.0	440.0	544.0	654.0	896.0	1046.0	1234.0	1641.0	2105.0	2609.0	3955.0	8823.0	60056.0
	21.0	22.0	23.0	24.0	25.0	26.0	27.0	28.0	29.0	30.0	31.0	32.0	33.0	34.0	35.0	36.0	37.0	38.0	39.0	40.0
Sde-ABol_081-Ex1-9G-lcwgs-1-1.clmp.r2	8.0	57.0	202.0	300.0	421.0	505.0	569.0	640.0	677.0	782.0	942.0	1018.0	1171.0	1364.0	1657.0	2120.0	2845.0	4347.0	9961.0	55347.0
	21.0	22.0	23.0	24.0	25.0	26.0	27.0	28.0	29.0	30.0	31.0	32.0	33.0	34.0	35.0	36.0	37.0	38.0	39.0	40.0
Sde-ABol_082-Ex1-10G-lcwgs-1-1.clmp.r1	1.0	25.0	100.0	310.0	610.0	973.0	1502.0	2099.0	2757.0	3560.0	4493.0	5846.0	7207.0	9002.0	11183.0	14677.0	19714.0	31349.0	83175.0	538498.0
	20.0	21.0	22.0	23.0	24.0	25.0	26.0	27.0	28.0	29.0	30.0	31.0	32.0	33.0	34.0	35.0	36.0	37.0	38.0	39.0	40.0
Sde-ABol_082-Ex1-10G-lcwgs-1-1.clmp.r2	2.0	23.0	225.0	844.0	1467.0	1890.0	2316.0	2883.0	3602.0	4174.0	4910.0	5731.0	6738.0	8098.0	9972.0	12596.0	16466.0	22407.0	35409.0	84574.0	512754.0
	21.0	22.0	23.0	24.0	25.0	26.0	27.0	28.0	29.0	30.0	31.0	32.0	33.0	34.0	35.0	36.0	37.0	38.0	39.0	40.0
Sde-ABol_083-Ex1-11G-lcwgs-1-1.clmp.r1	17.0	242.0	1505.0	4349.0	8806.0	15174.0	21123.0	26726.0	34088.0	42507.0	53501.0	65933.0	80844.0	98947.0	125095.0	158678.0	209202.0	305939.0	688748.0	4642465.0
	20.0	21.0	22.0	23.0	24.0	25.0	26.0	27.0	28.0	29.0	30.0	31.0	32.0	33.0	34.0	35.0	36.0	37.0	38.0	39.0	40.0
Sde-ABol_083-Ex1-11G-lcwgs-1-1.clmp.r2	21.0	329.0	3221.0	10346.0	18297.0	24615.0	30566.0	36686.0	43355.0	51146.0	59796.0	70058.0	81496.0	95342.0	114448.0	140212.0	180525.0	243456.0	357576.0	768917.0	4253481.0
	21.0	22.0	23.0	24.0	25.0	26.0	27.0	28.0	29.0	30.0	31.0	32.0	33.0	34.0	35.0	36.0	37.0	38.0	39.0	40.0
Sde-ABol_084-Ex1-12G-lcwgs-1-1.clmp.r1	15.0	265.0	1622.0	4489.0	9422.0	15918.0	22966.0	30724.0	40070.0	50556.0	63851.0	79468.0	97781.0	119271.0	148593.0	190938.0	257627.0	401129.0	965606.0	7681682.0
	20.0	21.0	22.0	23.0	24.0	25.0	26.0	27.0	28.0	29.0	30.0	31.0	32.0	33.0	34.0	35.0	36.0	37.0	38.0	39.0	40.0
Sde-ABol_084-Ex1-12G-lcwgs-1-1.clmp.r2	13.0	395.0	3491.0	12561.0	22135.0	29421.0	36136.0	43602.0	51661.0	60812.0	71595.0	83570.0	98062.0	115346.0	138808.0	172430.0	224878.0	309555.0	484467.0	1135843.0	7087212.0
	21.0	22.0	23.0	24.0	25.0	26.0	27.0	28.0	29.0	30.0	31.0	32.0	33.0	34.0	35.0	36.0	37.0	38.0	39.0	40.0
Sde-ABol_087-Ex1-3H-lcwgs-1-1.clmp.r1	1.0	42.0	287.0	891.0	1939.0	3132.0	4550.0	6030.0	8184.0	10514.0	13197.0	16335.0	20658.0	25530.0	31825.0	40597.0	54569.0	83643.0	198450.0	1537637.0
	20.0	21.0	22.0	23.0	24.0	25.0	26.0	27.0	28.0	29.0	30.0	31.0	32.0	33.0	34.0	35.0	36.0	37.0	38.0	39.0	40.0
Sde-ABol_087-Ex1-3H-lcwgs-1-1.clmp.r2	4.0	92.0	758.0	2471.0	4518.0	6288.0	7621.0	9280.0	10956.0	12878.0	15225.0	17817.0	21083.0	24629.0	30199.0	37774.0	48704.0	66595.0	101531.0	232779.0	1406809.0
	21.0	22.0	23.0	24.0	25.0	26.0	27.0	28.0	29.0	30.0	31.0	32.0	33.0	34.0	35.0	36.0	37.0	38.0	39.0	40.0
Sde-ABol_088-Ex1-4H-lcwgs-1-1.clmp.r1	7.0	106.0	740.0	2168.0	4452.0	7224.0	10811.0	14119.0	18400.0	23982.0	29820.0	37935.0	46026.0	57384.0	71708.0	92464.0	124471.0	194235.0	473301.0	3794675.0
	19.0	20.0	21.0	22.0	23.0	24.0	25.0	26.0	27.0	28.0	29.0	30.0	31.0	32.0	33.0	34.0	35.0	36.0	37.0	38.0	39.0	40.0
Sde-ABol_088-Ex1-4H-lcwgs-1-1.clmp.r2	1.0	8.0	175.0	1659.0	5908.0	10304.0	13829.0	17207.0	20817.0	24497.0	29248.0	34066.0	40367.0	47156.0	54886.0	66178.0	82990.0	107933.0	148710.0	232154.0	554561.0	3511374.0
	21.0	22.0	23.0	24.0	25.0	26.0	27.0	28.0	29.0	30.0	31.0	32.0	33.0	34.0	35.0	36.0	37.0	38.0	39.0	40.0
Sde-ABol_090-Ex1-6H-lcwgs-1-1.clmp.r1	8.0	268.0	1622.0	4253.0	8558.0	14074.0	21148.0	29018.0	39661.0	52063.0	66454.0	83538.0	103384.0	128888.0	160981.0	207760.0	284227.0	454068.0	1232373.0	8575350.0
	20.0	21.0	22.0	23.0	24.0	25.0	26.0	27.0	28.0	29.0	30.0	31.0	32.0	33.0	34.0	35.0	36.0	37.0	38.0	39.0	40.0
Sde-ABol_090-Ex1-6H-lcwgs-1-1.clmp.r2	13.0	346.0	3435.0	12700.0	22176.0	30047.0	37439.0	44478.0	52947.0	62123.0	72431.0	85935.0	100121.0	119211.0	143326.0	179476.0	232979.0	322326.0	514329.0	1272875.0	8158983.0
	21.0	22.0	23.0	24.0	25.0	26.0	27.0	28.0	29.0	30.0	31.0	32.0	33.0	34.0	35.0	36.0	37.0	38.0	39.0	40.0
Sde-ABol_091-Ex1-7H-lcwgs-1-1.clmp.r1	2.0	16.0	137.0	445.0	939.0	1570.0	2212.0	2889.0	3787.0	4896.0	6097.0	7391.0	9335.0	11441.0	14325.0	18228.0	24445.0	38320.0	89874.0	748314.0
	21.0	22.0	23.0	24.0	25.0	26.0	27.0	28.0	29.0	30.0	31.0	32.0	33.0	34.0	35.0	36.0	37.0	38.0	39.0	40.0
Sde-ABol_091-Ex1-7H-lcwgs-1-1.clmp.r2	43.0	342.0	1384.0	2217.0	2989.0	3743.0	4413.0	5142.0	6193.0	7290.0	8610.0	9762.0	11499.0	13731.0	17264.0	22329.0	30249.0	47908.0	109503.0	680052.0
	21.0	22.0	23.0	24.0	25.0	26.0	27.0	28.0	29.0	30.0	31.0	32.0	33.0	34.0	35.0	36.0	37.0	38.0	39.0	40.0
Sde-ABol_092-Ex1-8H-lcwgs-1-1.clmp.r1	3.0	46.0	248.0	775.0	1614.0	2703.0	3934.0	5340.0	7082.0	9261.0	11663.0	14649.0	18135.0	22302.0	28009.0	35807.0	48484.0	75954.0	181607.0	1552072.0
	21.0	22.0	23.0	24.0	25.0	26.0	27.0	28.0	29.0	30.0	31.0	32.0	33.0	34.0	35.0	36.0	37.0	38.0	39.0	40.0
Sde-ABol_092-Ex1-8H-lcwgs-1-1.clmp.r2	52.0	664.0	2616.0	4550.0	6239.0	7262.0	8926.0	10387.0	12156.0	14007.0	16238.0	18950.0	22800.0	27194.0	33559.0	43821.0	60629.0	95693.0	223644.0	1410301.0
	22.0	23.0	24.0	25.0	26.0	27.0	28.0	29.0	30.0	31.0	32.0	33.0	34.0	35.0	36.0	37.0	38.0	39.0	40.0
Sde-ABol_095-Ex1-11H-lcwgs-1-1.clmp.r1	4.0	10.0	35.0	57.0	92.0	117.0	176.0	226.0	304.0	374.0	470.0	528.0	663.0	815.0	1016.0	1284.0	1783.0	3727.0	25479.0
	21.0	22.0	23.0	24.0	25.0	26.0	27.0	28.0	29.0	30.0	31.0	32.0	33.0	34.0	35.0	36.0	37.0	38.0	39.0	40.0
Sde-ABol_095-Ex1-11H-lcwgs-1-1.clmp.r2	1.0	23.0	86.0	152.0	238.0	242.0	278.0	301.0	366.0	421.0	455.0	533.0	609.0	695.0	809.0	1026.0	1247.0	1881.0	4116.0	23681.0
	21.0	22.0	23.0	24.0	25.0	26.0	27.0	28.0	29.0	30.0	31.0	32.0	33.0	34.0	35.0	36.0	37.0	38.0	39.0	40.0
Sde-CMal_003-Ex1-2G-lcwgs-1-1.clmp.r1	1.0	12.0	45.0	115.0	195.0	292.0	430.0	618.0	805.0	933.0	1188.0	1401.0	1708.0	2099.0	2406.0	2898.0	3508.0	4764.0	8830.0	36317.0
	20.0	21.0	22.0	23.0	24.0	25.0	26.0	27.0	28.0	29.0	30.0	31.0	32.0	33.0	34.0	35.0	36.0	37.0	38.0	39.0	40.0
Sde-CMal_003-Ex1-2G-lcwgs-1-1.clmp.r2	2.0	11.0	181.0	543.0	796.0	896.0	971.0	1013.0	1069.0	1180.0	1301.0	1481.0	1588.0	1837.0	1974.0	2346.0	2832.0	3357.0	4611.0	8602.0	31974.0
	22.0	23.0	24.0	25.0	26.0	27.0	28.0	29.0	30.0	31.0	32.0	33.0	34.0	35.0	36.0	37.0	38.0	39.0	40.0
Sde-CMal_004-Ex1-2E-lcwgs-1-1.clmp.r1	1.0	5.0	14.0	30.0	39.0	59.0	87.0	138.0	158.0	165.0	205.0	257.0	288.0	355.0	440.0	482.0	699.0	1206.0	4614.0
	21.0	22.0	23.0	24.0	25.0	26.0	27.0	28.0	29.0	30.0	31.0	32.0	33.0	34.0	35.0	36.0	37.0	38.0	39.0	40.0
Sde-CMal_004-Ex1-2E-lcwgs-1-1.clmp.r2	4.0	27.0	61.0	75.0	96.0	111.0	160.0	170.0	174.0	189.0	216.0	244.0	271.0	299.0	348.0	437.0	477.0	672.0	1134.0	4077.0
	21.0	22.0	23.0	24.0	25.0	26.0	27.0	28.0	29.0	30.0	31.0	32.0	33.0	34.0	35.0	36.0	37.0	38.0	39.0	40.0
Sde-CMal_005-Ex1-4D-lcwgs-1-1.clmp.r1	1.0	4.0	20.0	52.0	96.0	144.0	237.0	254.0	341.0	400.0	533.0	634.0	735.0	803.0	1039.0	1232.0	1428.0	1897.0	3306.0	13841.0
	20.0	21.0	22.0	23.0	24.0	25.0	26.0	27.0	28.0	29.0	30.0	31.0	32.0	33.0	34.0	35.0	36.0	37.0	38.0	39.0	40.0
Sde-CMal_005-Ex1-4D-lcwgs-1-1.clmp.r2	2.0	6.0	77.0	248.0	329.0	377.0	412.0	405.0	437.0	526.0	605.0	583.0	666.0	741.0	802.0	953.0	1025.0	1363.0	1810.0	3262.0	12368.0
	22.0	23.0	24.0	25.0	26.0	27.0	28.0	29.0	30.0	31.0	32.0	33.0	34.0	35.0	36.0	37.0	38.0	39.0	40.0
Sde-CMal_006-Ex1-4B-lcwgs-1-1.clmp.r1	2.0	8.0	5.0	14.0	25.0	43.0	58.0	58.0	59.0	102.0	109.0	121.0	159.0	184.0	189.0	283.0	331.0	579.0	2147.0
	20.0	21.0	22.0	23.0	24.0	25.0	26.0	27.0	28.0	29.0	30.0	31.0	32.0	33.0	34.0	35.0	36.0	37.0	38.0	39.0	40.0
Sde-CMal_006-Ex1-4B-lcwgs-1-1.clmp.r2	1.0	1.0	13.0	41.0	69.0	44.0	72.0	70.0	84.0	95.0	94.0	106.0	113.0	122.0	166.0	166.0	164.0	265.0	313.0	555.0	1922.0
	21.0	22.0	23.0	24.0	25.0	26.0	27.0	28.0	29.0	30.0	31.0	32.0	33.0	34.0	35.0	36.0	37.0	38.0	39.0	40.0
Sde-CMal_009-Ex1-3G-lcwgs-1-1.clmp.r1	1.0	4.0	32.0	92.0	171.0	255.0	392.0	497.0	651.0	844.0	991.0	1222.0	1497.0	1693.0	2086.0	2462.0	3080.0	4247.0	7214.0	29886.0
	21.0	22.0	23.0	24.0	25.0	26.0	27.0	28.0	29.0	30.0	31.0	32.0	33.0	34.0	35.0	36.0	37.0	38.0	39.0	40.0
Sde-CMal_009-Ex1-3G-lcwgs-1-1.clmp.r2	14.0	174.0	506.0	645.0	740.0	832.0	912.0	955.0	1062.0	1184.0	1261.0	1415.0	1591.0	1835.0	2018.0	2471.0	2885.0	3927.0	7027.0	25863.0
	22.0	23.0	24.0	25.0	26.0	27.0	28.0	29.0	30.0	31.0	32.0	33.0	34.0	35.0	36.0	37.0	38.0	39.0	40.0
Sde-CMal_010-Ex1-1D-lcwgs-1-1.clmp.r1	10.0	39.0	95.0	149.0	236.0	328.0	420.0	544.0	706.0	853.0	1041.0	1229.0	1542.0	1809.0	2146.0	2619.0	3656.0	6334.0	25799.0
	20.0	21.0	22.0	23.0	24.0	25.0	26.0	27.0	28.0	29.0	30.0	31.0	32.0	33.0	34.0	35.0	36.0	37.0	38.0	39.0	40.0
Sde-CMal_010-Ex1-1D-lcwgs-1-1.clmp.r2	3.0	19.0	146.0	436.0	645.0	684.0	779.0	820.0	929.0	934.0	1054.0	1061.0	1235.0	1405.0	1544.0	1835.0	2053.0	2465.0	3306.0	6009.0	22193.0
	22.0	23.0	24.0	25.0	26.0	27.0	28.0	29.0	30.0	31.0	32.0	33.0	34.0	35.0	36.0	37.0	38.0	39.0	40.0
Sde-CMal_011-Ex1-4G-lcwgs-1-1.clmp.r1	9.0	30.0	85.0	124.0	227.0	270.0	404.0	503.0	622.0	760.0	920.0	1114.0	1293.0	1461.0	1795.0	2137.0	2833.0	5193.0	19929.0
	20.0	21.0	22.0	23.0	24.0	25.0	26.0	27.0	28.0	29.0	30.0	31.0	32.0	33.0	34.0	35.0	36.0	37.0	38.0	39.0	40.0
Sde-CMal_011-Ex1-4G-lcwgs-1-1.clmp.r2	1.0	10.0	115.0	364.0	462.0	563.0	597.0	660.0	745.0	750.0	880.0	925.0	1008.0	1098.0	1232.0	1403.0	1629.0	2025.0	2825.0	4848.0	17569.0
	20.0	21.0	22.0	23.0	24.0	25.0	26.0	27.0	28.0	29.0	30.0	31.0	32.0	33.0	34.0	35.0	36.0	37.0	38.0	39.0	40.0
Sde-CMal_013-Ex1-3H-lcwgs-1-1.clmp.r1	1.0	0.0	5.0	37.0	67.0	130.0	182.0	281.0	336.0	432.0	506.0	643.0	824.0	1013.0	1182.0	1353.0	1683.0	1987.0	2648.0	4809.0	19520.0
	21.0	22.0	23.0	24.0	25.0	26.0	27.0	28.0	29.0	30.0	31.0	32.0	33.0	34.0	35.0	36.0	37.0	38.0	39.0	40.0
Sde-CMal_013-Ex1-3H-lcwgs-1-1.clmp.r2	17.0	116.0	341.0	485.0	554.0	593.0	645.0	675.0	749.0	803.0	905.0	976.0	1055.0	1222.0	1296.0	1491.0	1812.0	2513.0	4617.0	16774.0
	22.0	23.0	24.0	25.0	26.0	27.0	28.0	29.0	30.0	31.0	32.0	33.0	34.0	35.0	36.0	37.0	38.0	39.0	40.0
Sde-CMal_015-Ex1-1B-lcwgs-1-1.clmp.r1	1.0	9.0	15.0	26.0	42.0	48.0	73.0	103.0	128.0	171.0	151.0	216.0	275.0	275.0	344.0	418.0	580.0	1013.0	4120.0
	21.0	22.0	23.0	24.0	25.0	26.0	27.0	28.0	29.0	30.0	31.0	32.0	33.0	34.0	35.0	36.0	37.0	38.0	39.0	40.0
Sde-CMal_015-Ex1-1B-lcwgs-1-1.clmp.r2	1.0	17.0	71.0	87.0	102.0	121.0	154.0	130.0	161.0	167.0	198.0	219.0	206.0	271.0	280.0	348.0	420.0	552.0	959.0	3544.0
	27.0	28.0	29.0	30.0	31.0	32.0	33.0	34.0	35.0	36.0	37.0	38.0	39.0	40.0
Sde-CMal_016-Ex1-8A-lcwgs-1-1.clmp.r1	1.0	4.0	1.0	6.0	8.0	8.0	5.0	8.0	8.0	16.0	14.0	14.0	31.0	95.0
	22.0	23.0	24.0	25.0	26.0	27.0	28.0	29.0	30.0	31.0	32.0	33.0	34.0	35.0	36.0	37.0	38.0	39.0	40.0
Sde-CMal_016-Ex1-8A-lcwgs-1-1.clmp.r2	4.0	5.0	9.0	4.0	4.0	10.0	6.0	13.0	7.0	9.0	12.0	8.0	7.0	12.0	9.0	11.0	19.0	17.0	53.0
	22.0	23.0	24.0	25.0	26.0	27.0	28.0	29.0	30.0	31.0	32.0	33.0	34.0	35.0	36.0	37.0	38.0	39.0	40.0
Sde-CMal_017-Ex1-1F-lcwgs-1-1.clmp.r1	3.0	14.0	61.0	88.0	123.0	188.0	246.0	350.0	385.0	476.0	635.0	754.0	848.0	1031.0	1231.0	1428.0	2076.0	3606.0	15183.0
	21.0	22.0	23.0	24.0	25.0	26.0	27.0	28.0	29.0	30.0	31.0	32.0	33.0	34.0	35.0	36.0	37.0	38.0	39.0	40.0
Sde-CMal_017-Ex1-1F-lcwgs-1-1.clmp.r2	16.0	69.0	211.0	339.0	383.0	428.0	474.0	473.0	563.0	630.0	633.0	731.0	804.0	915.0	1014.0	1140.0	1434.0	1876.0	3596.0	12997.0
	22.0	23.0	24.0	25.0	26.0	27.0	28.0	29.0	30.0	31.0	32.0	33.0	34.0	35.0	36.0	37.0	38.0	39.0	40.0
Sde-CMal_018-Ex1-6G-lcwgs-1-1.clmp.r1	8.0	36.0	88.0	146.0	259.0	307.0	429.0	513.0	683.0	832.0	992.0	1128.0	1348.0	1621.0	2028.0	2381.0	3152.0	5658.0	23118.0
	20.0	21.0	22.0	23.0	24.0	25.0	26.0	27.0	28.0	29.0	30.0	31.0	32.0	33.0	34.0	35.0	36.0	37.0	38.0	39.0	40.0
Sde-CMal_018-Ex1-6G-lcwgs-1-1.clmp.r2	1.0	9.0	116.0	382.0	485.0	605.0	646.0	654.0	719.0	848.0	944.0	1007.0	1172.0	1195.0	1456.0	1608.0	1867.0	2249.0	3021.0	5458.0	20285.0
	27.0	28.0	29.0	30.0	31.0	32.0	33.0	34.0	35.0	36.0	37.0	38.0	39.0	40.0
Sde-CMal_019-Ex1-5A-lcwgs-1-1.clmp.r1	1.0	1.0	2.0	1.0	0.0	3.0	1.0	0.0	1.0	2.0	3.0	2.0	8.0	16.0
	24.0	25.0	26.0	27.0	28.0	29.0	30.0	31.0	32.0	33.0	34.0	35.0	36.0	37.0	38.0	39.0	40.0
Sde-CMal_019-Ex1-5A-lcwgs-1-1.clmp.r2	1.0	2.0	0.0	1.0	0.0	0.0	2.0	0.0	1.0	0.0	3.0	1.0	4.0	3.0	4.0	6.0	13.0
	22.0	23.0	24.0	25.0	26.0	27.0	28.0	29.0	30.0	31.0	32.0	33.0	34.0	35.0	36.0	37.0	38.0	39.0	40.0
Sde-CMal_020-Ex1-1C-lcwgs-1-1.clmp.r1	1.0	27.0	44.0	83.0	132.0	186.0	259.0	301.0	411.0	534.0	618.0	740.0	896.0	1076.0	1282.0	1560.0	2163.0	3658.0	14136.0
	21.0	22.0	23.0	24.0	25.0	26.0	27.0	28.0	29.0	30.0	31.0	32.0	33.0	34.0	35.0	36.0	37.0	38.0	39.0	40.0
Sde-CMal_020-Ex1-1C-lcwgs-1-1.clmp.r2	20.0	102.0	325.0	457.0	464.0	508.0	504.0	589.0	603.0	618.0	712.0	720.0	825.0	918.0	1029.0	1247.0	1420.0	1880.0	3320.0	11846.0
	24.0	25.0	26.0	27.0	28.0	29.0	30.0	31.0	32.0	33.0	34.0	35.0	36.0	37.0	38.0	39.0	40.0
Sde-CMal_021-Ex1-4A-lcwgs-1-1.clmp.r1	2.0	0.0	0.0	2.0	3.0	3.0	4.0	3.0	8.0	5.0	8.0	20.0	11.0	12.0	16.0	33.0	108.0
	21.0	22.0	23.0	24.0	25.0	26.0	27.0	28.0	29.0	30.0	31.0	32.0	33.0	34.0	35.0	36.0	37.0	38.0	39.0	40.0
Sde-CMal_021-Ex1-4A-lcwgs-1-1.clmp.r2	3.0	3.0	4.0	9.0	9.0	7.0	11.0	10.0	11.0	9.0	10.0	9.0	13.0	9.0	9.0	8.0	10.0	20.0	27.0	47.0
	22.0	23.0	24.0	25.0	26.0	27.0	28.0	29.0	30.0	31.0	32.0	33.0	34.0	35.0	36.0	37.0	38.0	39.0	40.0
Sde-CMal_022-Ex1-5G-lcwgs-1-1.clmp.r1	4.0	40.0	77.0	148.0	206.0	283.0	387.0	452.0	538.0	682.0	798.0	997.0	1193.0	1425.0	1608.0	2031.0	2646.0	4768.0	19340.0
	21.0	22.0	23.0	24.0	25.0	26.0	27.0	28.0	29.0	30.0	31.0	32.0	33.0	34.0	35.0	36.0	37.0	38.0	39.0	40.0
Sde-CMal_022-Ex1-5G-lcwgs-1-1.clmp.r2	9.0	108.0	273.0	410.0	487.0	579.0	567.0	590.0	639.0	780.0	850.0	958.0	995.0	1196.0	1323.0	1565.0	1854.0	2575.0	4741.0	17124.0
	22.0	23.0	24.0	25.0	26.0	27.0	28.0	29.0	30.0	31.0	32.0	33.0	34.0	35.0	36.0	37.0	38.0	39.0	40.0
Sde-CMal_023-Ex1-7E-lcwgs-1-1.clmp.r1	3.0	16.0	15.0	34.0	41.0	62.0	82.0	89.0	127.0	137.0	147.0	181.0	218.0	258.0	284.0	368.0	418.0	733.0	2494.0
	22.0	23.0	24.0	25.0	26.0	27.0	28.0	29.0	30.0	31.0	32.0	33.0	34.0	35.0	36.0	37.0	38.0	39.0	40.0
Sde-CMal_023-Ex1-7E-lcwgs-1-1.clmp.r2	10.0	32.0	47.0	72.0	102.0	90.0	108.0	110.0	127.0	164.0	171.0	193.0	238.0	246.0	276.0	336.0	447.0	719.0	2219.0
	22.0	23.0	24.0	25.0	26.0	27.0	28.0	29.0	30.0	31.0	32.0	33.0	34.0	35.0	36.0	37.0	38.0	39.0	40.0
Sde-CMal_024-Ex1-4C-lcwgs-1-1.clmp.r1	3.0	16.0	33.0	57.0	110.0	127.0	180.0	218.0	315.0	325.0	390.0	513.0	603.0	675.0	793.0	930.0	1301.0	2096.0	7585.0
	20.0	21.0	22.0	23.0	24.0	25.0	26.0	27.0	28.0	29.0	30.0	31.0	32.0	33.0	34.0	35.0	36.0	37.0	38.0	39.0	40.0
Sde-CMal_024-Ex1-4C-lcwgs-1-1.clmp.r2	1.0	17.0	87.0	270.0	355.0	361.0	358.0	387.0	442.0	411.0	418.0	474.0	485.0	513.0	572.0	602.0	679.0	885.0	1080.0	1804.0	6069.0
	22.0	23.0	24.0	25.0	26.0	27.0	28.0	29.0	30.0	31.0	32.0	33.0	34.0	35.0	36.0	37.0	38.0	39.0	40.0
Sde-CMal_025-Ex1-3C-lcwgs-1-1.clmp.r1	5.0	22.0	45.0	92.0	118.0	190.0	274.0	346.0	393.0	596.0	629.0	753.0	1014.0	1086.0	1312.0	1597.0	2095.0	3446.0	12188.0
	20.0	21.0	22.0	23.0	24.0	25.0	26.0	27.0	28.0	29.0	30.0	31.0	32.0	33.0	34.0	35.0	36.0	37.0	38.0	39.0	40.0
Sde-CMal_025-Ex1-3C-lcwgs-1-1.clmp.r2	3.0	18.0	147.0	421.0	537.0	570.0	597.0	614.0	652.0	723.0	699.0	750.0	802.0	901.0	977.0	1103.0	1242.0	1369.0	1752.0	2942.0	9382.0
	22.0	23.0	24.0	25.0	26.0	27.0	28.0	29.0	30.0	31.0	32.0	33.0	34.0	35.0	36.0	37.0	38.0	39.0	40.0
Sde-CMal_026-Ex1-5E-lcwgs-1-1.clmp.r1	1.0	3.0	13.0	28.0	33.0	47.0	67.0	73.0	90.0	107.0	117.0	153.0	185.0	195.0	221.0	296.0	371.0	644.0	2051.0
	21.0	22.0	23.0	24.0	25.0	26.0	27.0	28.0	29.0	30.0	31.0	32.0	33.0	34.0	35.0	36.0	37.0	38.0	39.0	40.0
Sde-CMal_026-Ex1-5E-lcwgs-1-1.clmp.r2	1.0	5.0	32.0	58.0	66.0	67.0	76.0	97.0	102.0	101.0	134.0	130.0	179.0	176.0	221.0	217.0	265.0	345.0	596.0	1827.0
	21.0	22.0	23.0	24.0	25.0	26.0	27.0	28.0	29.0	30.0	31.0	32.0	33.0	34.0	35.0	36.0	37.0	38.0	39.0	40.0
Sde-CMal_027-Ex1-8H-lcwgs-1-1.clmp.r1	1.0	9.0	27.0	54.0	102.0	178.0	236.0	286.0	397.0	495.0	564.0	742.0	801.0	968.0	1177.0	1399.0	1764.0	2302.0	4124.0	16146.0
	20.0	21.0	22.0	23.0	24.0	25.0	26.0	27.0	28.0	29.0	30.0	31.0	32.0	33.0	34.0	35.0	36.0	37.0	38.0	39.0	40.0
Sde-CMal_027-Ex1-8H-lcwgs-1-1.clmp.r2	1.0	13.0	113.0	339.0	446.0	501.0	524.0	589.0	593.0	602.0	751.0	762.0	841.0	939.0	997.0	1157.0	1312.0	1620.0	2079.0	3836.0	13757.0
	22.0	23.0	24.0	25.0	26.0	27.0	28.0	29.0	30.0	31.0	32.0	33.0	34.0	35.0	36.0	37.0	38.0	39.0	40.0
Sde-CMal_028-Ex1-6H-lcwgs-1-1.clmp.r1	9.0	17.0	75.0	106.0	166.0	201.0	286.0	342.0	449.0	515.0	651.0	793.0	874.0	1016.0	1269.0	1486.0	2002.0	3498.0	14166.0
	21.0	22.0	23.0	24.0	25.0	26.0	27.0	28.0	29.0	30.0	31.0	32.0	33.0	34.0	35.0	36.0	37.0	38.0	39.0	40.0
Sde-CMal_028-Ex1-6H-lcwgs-1-1.clmp.r2	15.0	76.0	251.0	372.0	449.0	468.0	528.0	522.0	562.0	627.0	701.0	721.0	825.0	865.0	1033.0	1143.0	1395.0	1877.0	3369.0	12122.0
	21.0	22.0	23.0	24.0	25.0	26.0	27.0	28.0	29.0	30.0	31.0	32.0	33.0	34.0	35.0	36.0	37.0	38.0	39.0	40.0
Sde-CMal_029-Ex1-7F-lcwgs-1-1.clmp.r1	1.0	1.0	10.0	44.0	62.0	80.0	138.0	171.0	197.0	227.0	307.0	345.0	441.0	516.0	569.0	785.0	923.0	1219.0	1972.0	7968.0
	20.0	21.0	22.0	23.0	24.0	25.0	26.0	27.0	28.0	29.0	30.0	31.0	32.0	33.0	34.0	35.0	36.0	37.0	38.0	39.0	40.0
Sde-CMal_029-Ex1-7F-lcwgs-1-1.clmp.r2	1.0	3.0	50.0	142.0	205.0	205.0	241.0	288.0	305.0	308.0	350.0	366.0	416.0	458.0	510.0	581.0	670.0	794.0	1169.0	1992.0	6922.0
	22.0	23.0	24.0	25.0	26.0	27.0	28.0	29.0	30.0	31.0	32.0	33.0	34.0	35.0	36.0	37.0	38.0	39.0	40.0
Sde-CMal_030-Ex1-5F-lcwgs-1-1.clmp.r1	1.0	15.0	20.0	45.0	75.0	99.0	119.0	165.0	163.0	225.0	276.0	323.0	415.0	456.0	600.0	683.0	888.0	1601.0	6484.0
	21.0	22.0	23.0	24.0	25.0	26.0	27.0	28.0	29.0	30.0	31.0	32.0	33.0	34.0	35.0	36.0	37.0	38.0	39.0	40.0
Sde-CMal_030-Ex1-5F-lcwgs-1-1.clmp.r2	5.0	35.0	107.0	167.0	167.0	178.0	209.0	209.0	233.0	278.0	291.0	310.0	370.0	391.0	423.0	559.0	659.0	862.0	1536.0	5664.0
	22.0	23.0	24.0	25.0	26.0	27.0	28.0	29.0	30.0	31.0	32.0	33.0	34.0	35.0	36.0	37.0	38.0	39.0	40.0
Sde-CMal_031-Ex1-5D-lcwgs-1-1.clmp.r1	3.0	22.0	38.0	84.0	114.0	142.0	231.0	250.0	354.0	371.0	448.0	615.0	672.0	847.0	986.0	1149.0	1571.0	2774.0	10889.0
	20.0	21.0	22.0	23.0	24.0	25.0	26.0	27.0	28.0	29.0	30.0	31.0	32.0	33.0	34.0	35.0	36.0	37.0	38.0	39.0	40.0
Sde-CMal_031-Ex1-5D-lcwgs-1-1.clmp.r2	1.0	9.0	55.0	215.0	303.0	303.0	339.0	359.0	387.0	422.0	481.0	542.0	549.0	603.0	683.0	825.0	954.0	1091.0	1462.0	2577.0	9400.0
	22.0	23.0	24.0	25.0	26.0	27.0	28.0	29.0	30.0	31.0	32.0	33.0	34.0	35.0	36.0	37.0	38.0	39.0	40.0
Sde-CMal_032-Ex1-8C-lcwgs-1-1.clmp.r1	4.0	22.0	42.0	76.0	123.0	145.0	185.0	315.0	345.0	441.0	518.0	611.0	735.0	856.0	1013.0	1208.0	1636.0	2742.0	10152.0
	20.0	21.0	22.0	23.0	24.0	25.0	26.0	27.0	28.0	29.0	30.0	31.0	32.0	33.0	34.0	35.0	36.0	37.0	38.0	39.0	40.0
Sde-CMal_032-Ex1-8C-lcwgs-1-1.clmp.r2	2.0	22.0	118.0	336.0	434.0	449.0	470.0	447.0	477.0	501.0	523.0	551.0	586.0	689.0	732.0	806.0	917.0	1105.0	1406.0	2468.0	8130.0
	22.0	23.0	24.0	25.0	26.0	27.0	28.0	29.0	30.0	31.0	32.0	33.0	34.0	35.0	36.0	37.0	38.0	39.0	40.0
Sde-CMal_033-Ex1-7B-lcwgs-1-1.clmp.r1	2.0	4.0	12.0	20.0	39.0	34.0	47.0	74.0	69.0	80.0	101.0	144.0	182.0	190.0	208.0	247.0	327.0	530.0	2039.0
	22.0	23.0	24.0	25.0	26.0	27.0	28.0	29.0	30.0	31.0	32.0	33.0	34.0	35.0	36.0	37.0	38.0	39.0	40.0
Sde-CMal_033-Ex1-7B-lcwgs-1-1.clmp.r2	10.0	45.0	60.0	74.0	70.0	77.0	83.0	76.0	118.0	110.0	106.0	133.0	169.0	160.0	207.0	228.0	328.0	490.0	1805.0
	24.0	25.0	26.0	27.0	28.0	29.0	30.0	31.0	32.0	33.0	34.0	35.0	36.0	37.0	38.0	39.0	40.0
Sde-CMal_034-Ex1-1A-lcwgs-1-1.clmp.r1	1.0	0.0	2.0	1.0	1.0	5.0	6.0	5.0	7.0	6.0	4.0	8.0	12.0	13.0	10.0	33.0	158.0
	22.0	23.0	24.0	25.0	26.0	27.0	28.0	29.0	30.0	31.0	32.0	33.0	34.0	35.0	36.0	37.0	38.0	39.0	40.0
Sde-CMal_034-Ex1-1A-lcwgs-1-1.clmp.r2	1.0	3.0	4.0	2.0	7.0	11.0	8.0	5.0	13.0	4.0	4.0	7.0	14.0	9.0	9.0	16.0	23.0	31.0	101.0
	24.0	25.0	26.0	27.0	28.0	29.0	30.0	31.0	32.0	33.0	34.0	35.0	36.0	37.0	38.0	39.0	40.0
Sde-CMal_035-Ex1-3A-lcwgs-1-1.clmp.r1	1.0	0.0	0.0	0.0	0.0	3.0	1.0	3.0	1.0	2.0	6.0	2.0	6.0	6.0	15.0	20.0	89.0
	21.0	22.0	23.0	24.0	25.0	26.0	27.0	28.0	29.0	30.0	31.0	32.0	33.0	34.0	35.0	36.0	37.0	38.0	39.0	40.0
Sde-CMal_035-Ex1-3A-lcwgs-1-1.clmp.r2	2.0	0.0	1.0	1.0	4.0	3.0	5.0	6.0	9.0	3.0	2.0	1.0	1.0	4.0	4.0	3.0	6.0	11.0	25.0	64.0
	22.0	23.0	24.0	25.0	26.0	27.0	28.0	29.0	30.0	31.0	32.0	33.0	34.0	35.0	36.0	37.0	38.0	39.0	40.0
Sde-CMal_036-Ex1-8F-lcwgs-1-1.clmp.r1	4.0	15.0	54.0	87.0	113.0	137.0	195.0	241.0	336.0	376.0	477.0	565.0	652.0	748.0	920.0	1202.0	1484.0	2613.0	10040.0
	21.0	22.0	23.0	24.0	25.0	26.0	27.0	28.0	29.0	30.0	31.0	32.0	33.0	34.0	35.0	36.0	37.0	38.0	39.0	40.0
Sde-CMal_036-Ex1-8F-lcwgs-1-1.clmp.r2	14.0	76.0	246.0	312.0	341.0	365.0	389.0	459.0	459.0	506.0	516.0	531.0	617.0	669.0	792.0	852.0	1111.0	1389.0	2387.0	8228.0
	21.0	22.0	23.0	24.0	25.0	26.0	27.0	28.0	29.0	30.0	31.0	32.0	33.0	34.0	35.0	36.0	37.0	38.0	39.0	40.0
Sde-CMal_037-Ex1-8G-lcwgs-1-1.clmp.r1	1.0	9.0	39.0	98.0	163.0	266.0	376.0	486.0	617.0	750.0	885.0	1099.0	1366.0	1551.0	1791.0	2154.0	2671.0	3598.0	6264.0	24998.0
	20.0	21.0	22.0	23.0	24.0	25.0	26.0	27.0	28.0	29.0	30.0	31.0	32.0	33.0	34.0	35.0	36.0	37.0	38.0	39.0	40.0
Sde-CMal_037-Ex1-8G-lcwgs-1-1.clmp.r2	1.0	18.0	148.0	471.0	590.0	713.0	782.0	815.0	847.0	944.0	1043.0	1127.0	1247.0	1347.0	1525.0	1734.0	2058.0	2572.0	3386.0	6101.0	21713.0
	22.0	23.0	24.0	25.0	26.0	27.0	28.0	29.0	30.0	31.0	32.0	33.0	34.0	35.0	36.0	37.0	38.0	39.0	40.0
Sde-CMal_038-Ex1-2H-lcwgs-1-1.clmp.r1	2.0	46.0	71.0	156.0	209.0	269.0	336.0	456.0	647.0	795.0	938.0	1135.0	1383.0	1605.0	1934.0	2321.0	3196.0	5718.0	23941.0
	21.0	22.0	23.0	24.0	25.0	26.0	27.0	28.0	29.0	30.0	31.0	32.0	33.0	34.0	35.0	36.0	37.0	38.0	39.0	40.0
Sde-CMal_038-Ex1-2H-lcwgs-1-1.clmp.r2	10.0	140.0	381.0	566.0	626.0	682.0	730.0	805.0	864.0	957.0	1020.0	1060.0	1195.0	1329.0	1517.0	1772.0	2175.0	3067.0	5614.0	20648.0
	22.0	23.0	24.0	25.0	26.0	27.0	28.0	29.0	30.0	31.0	32.0	33.0	34.0	35.0	36.0	37.0	38.0	39.0	40.0
Sde-CMal_039-Ex1-6F-lcwgs-1-1.clmp.r1	6.0	14.0	35.0	73.0	101.0	108.0	175.0	232.0	269.0	332.0	398.0	482.0	549.0	684.0	698.0	961.0	1174.0	2237.0	8779.0
	21.0	22.0	23.0	24.0	25.0	26.0	27.0	28.0	29.0	30.0	31.0	32.0	33.0	34.0	35.0	36.0	37.0	38.0	39.0	40.0
Sde-CMal_039-Ex1-6F-lcwgs-1-1.clmp.r2	6.0	42.0	169.0	222.0	264.0	274.0	299.0	293.0	380.0	359.0	430.0	429.0	535.0	545.0	633.0	743.0	910.0	1216.0	2085.0	7473.0
	21.0	22.0	23.0	24.0	25.0	26.0	27.0	28.0	29.0	30.0	31.0	32.0	33.0	34.0	35.0	36.0	37.0	38.0	39.0	40.0
Sde-CMal_040-Ex1-6E-lcwgs-1-1.clmp.r1	1.0	1.0	5.0	18.0	26.0	45.0	60.0	71.0	83.0	136.0	140.0	189.0	219.0	236.0	269.0	343.0	404.0	472.0	850.0	2882.0
	21.0	22.0	23.0	24.0	25.0	26.0	27.0	28.0	29.0	30.0	31.0	32.0	33.0	34.0	35.0	36.0	37.0	38.0	39.0	40.0
Sde-CMal_040-Ex1-6E-lcwgs-1-1.clmp.r2	1.0	7.0	66.0	64.0	81.0	108.0	107.0	138.0	149.0	169.0	177.0	185.0	230.0	249.0	283.0	354.0	395.0	506.0	768.0	2413.0
	22.0	23.0	24.0	25.0	26.0	27.0	28.0	29.0	30.0	31.0	32.0	33.0	34.0	35.0	36.0	37.0	38.0	39.0	40.0
Sde-CMal_041-Ex1-7H-lcwgs-1-1.clmp.r1	3.0	30.0	46.0	93.0	153.0	212.0	262.0	316.0	472.0	546.0	632.0	698.0	840.0	1020.0	1207.0	1395.0	1848.0	3321.0	13232.0
	21.0	22.0	23.0	24.0	25.0	26.0	27.0	28.0	29.0	30.0	31.0	32.0	33.0	34.0	35.0	36.0	37.0	38.0	39.0	40.0
Sde-CMal_041-Ex1-7H-lcwgs-1-1.clmp.r2	9.0	88.0	223.0	361.0	379.0	406.0	469.0	496.0	526.0	607.0	620.0	702.0	737.0	820.0	937.0	1066.0	1254.0	1783.0	3076.0	11767.0
	27.0	28.0	29.0	30.0	31.0	32.0	33.0	34.0	35.0	36.0	37.0	38.0	39.0	40.0
Sde-CMal_042-Ex1-7A-lcwgs-1-1.clmp.r1	1.0	1.0	0.0	1.0	2.0	0.0	2.0	2.0	2.0	4.0	1.0	5.0	8.0	31.0
	22.0	23.0	24.0	25.0	26.0	27.0	28.0	29.0	30.0	31.0	32.0	33.0	34.0	35.0	36.0	37.0	38.0	39.0	40.0
Sde-CMal_042-Ex1-7A-lcwgs-1-1.clmp.r2	2.0	0.0	3.0	1.0	0.0	2.0	1.0	1.0	1.0	3.0	1.0	2.0	1.0	4.0	4.0	2.0	3.0	13.0	16.0
	21.0	22.0	23.0	24.0	25.0	26.0	27.0	28.0	29.0	30.0	31.0	32.0	33.0	34.0	35.0	36.0	37.0	38.0	39.0	40.0
Sde-CMal_043-Ex1-1E-lcwgs-1-1.clmp.r1	1.0	5.0	3.0	17.0	39.0	49.0	80.0	110.0	130.0	140.0	166.0	228.0	278.0	312.0	369.0	441.0	540.0	714.0	1214.0	4795.0
	21.0	22.0	23.0	24.0	25.0	26.0	27.0	28.0	29.0	30.0	31.0	32.0	33.0	34.0	35.0	36.0	37.0	38.0	39.0	40.0
Sde-CMal_043-Ex1-1E-lcwgs-1-1.clmp.r2	1.0	7.0	70.0	90.0	120.0	132.0	140.0	175.0	183.0	196.0	239.0	246.0	284.0	346.0	354.0	459.0	531.0	681.0	1173.0	4204.0
	22.0	23.0	24.0	25.0	26.0	27.0	28.0	29.0	30.0	31.0	32.0	33.0	34.0	35.0	36.0	37.0	38.0	39.0	40.0
Sde-CMal_044-Ex1-2D-lcwgs-1-1.clmp.r1	7.0	33.0	77.0	151.0	229.0	312.0	362.0	527.0	650.0	829.0	989.0	1228.0	1414.0	1684.0	1977.0	2476.0	3452.0	5909.0	23725.0
	20.0	21.0	22.0	23.0	24.0	25.0	26.0	27.0	28.0	29.0	30.0	31.0	32.0	33.0	34.0	35.0	36.0	37.0	38.0	39.0	40.0
Sde-CMal_044-Ex1-2D-lcwgs-1-1.clmp.r2	2.0	16.0	136.0	487.0	614.0	705.0	779.0	821.0	856.0	904.0	1015.0	1094.0	1240.0	1357.0	1468.0	1667.0	1923.0	2355.0	3048.0	5470.0	20074.0
	23.0	24.0	25.0	26.0	27.0	28.0	29.0	30.0	31.0	32.0	33.0	34.0	35.0	36.0	37.0	38.0	39.0	40.0
Sde-CMal_045-Ex1-6C-lcwgs-1-1.clmp.r1	18.0	32.0	58.0	110.0	138.0	144.0	206.0	273.0	341.0	390.0	472.0	526.0	626.0	756.0	1009.0	1226.0	2260.0	8677.0
	20.0	21.0	22.0	23.0	24.0	25.0	26.0	27.0	28.0	29.0	30.0	31.0	32.0	33.0	34.0	35.0	36.0	37.0	38.0	39.0	40.0
Sde-CMal_045-Ex1-6C-lcwgs-1-1.clmp.r2	2.0	9.0	75.0	195.0	256.0	262.0	309.0	342.0	367.0	385.0	410.0	449.0	492.0	523.0	572.0	641.0	702.0	820.0	1106.0	2021.0	7324.0
	21.0	22.0	23.0	24.0	25.0	26.0	27.0	28.0	29.0	30.0	31.0	32.0	33.0	34.0	35.0	36.0	37.0	38.0	39.0	40.0
Sde-CMal_046-Ex1-1H-lcwgs-1-1.clmp.r1	1.0	14.0	31.0	78.0	151.0	217.0	299.0	427.0	558.0	644.0	798.0	964.0	1221.0	1428.0	1758.0	2000.0	2492.0	3402.0	6190.0	25028.0
	20.0	21.0	22.0	23.0	24.0	25.0	26.0	27.0	28.0	29.0	30.0	31.0	32.0	33.0	34.0	35.0	36.0	37.0	38.0	39.0	40.0
Sde-CMal_046-Ex1-1H-lcwgs-1-1.clmp.r2	2.0	11.0	129.0	459.0	610.0	659.0	688.0	748.0	819.0	864.0	960.0	1062.0	1164.0	1314.0	1463.0	1652.0	1967.0	2321.0	3133.0	5698.0	21978.0
	21.0	22.0	23.0	24.0	25.0	26.0	27.0	28.0	29.0	30.0	31.0	32.0	33.0	34.0	35.0	36.0	37.0	38.0	39.0	40.0
Sde-CMal_047-Ex1-2F-lcwgs-1-1.clmp.r1	1.0	4.0	25.0	52.0	88.0	125.0	175.0	234.0	313.0	351.0	410.0	570.0	689.0	806.0	970.0	1151.0	1500.0	2017.0	3306.0	14284.0
	21.0	22.0	23.0	24.0	25.0	26.0	27.0	28.0	29.0	30.0	31.0	32.0	33.0	34.0	35.0	36.0	37.0	38.0	39.0	40.0
Sde-CMal_047-Ex1-2F-lcwgs-1-1.clmp.r2	10.0	100.0	256.0	395.0	422.0	407.0	487.0	472.0	536.0	580.0	611.0	697.0	774.0	816.0	965.0	1099.0	1337.0	1760.0	3229.0	12118.0
	22.0	23.0	24.0	25.0	26.0	27.0	28.0	29.0	30.0	31.0	32.0	33.0	34.0	35.0	36.0	37.0	38.0	39.0	40.0
Sde-CMal_048-Ex1-4F-lcwgs-1-1.clmp.r1	2.0	13.0	39.0	73.0	83.0	122.0	188.0	211.0	247.0	325.0	411.0	426.0	499.0	650.0	701.0	885.0	1135.0	1982.0	8030.0
	20.0	21.0	22.0	23.0	24.0	25.0	26.0	27.0	28.0	29.0	30.0	31.0	32.0	33.0	34.0	35.0	36.0	37.0	38.0	39.0	40.0
Sde-CMal_048-Ex1-4F-lcwgs-1-1.clmp.r2	1.0	4.0	45.0	164.0	227.0	222.0	282.0	271.0	289.0	310.0	355.0	374.0	390.0	464.0	534.0	577.0	718.0	858.0	1094.0	1831.0	7012.0
	26.0	27.0	28.0	29.0	30.0	31.0	32.0	33.0	34.0	35.0	36.0	37.0	38.0	39.0	40.0
Sde-CMal_049-Ex1-6A-lcwgs-1-1.clmp.r1	1.0	1.0	2.0	1.0	2.0	0.0	2.0	1.0	2.0	5.0	1.0	3.0	2.0	8.0	30.0
	21.0	22.0	23.0	24.0	25.0	26.0	27.0	28.0	29.0	30.0	31.0	32.0	33.0	34.0	35.0	36.0	37.0	38.0	39.0	40.0
Sde-CMal_049-Ex1-6A-lcwgs-1-1.clmp.r2	1.0	1.0	2.0	2.0	2.0	1.0	1.0	3.0	1.0	1.0	1.0	2.0	2.0	1.0	4.0	1.0	3.0	6.0	6.0	20.0
	22.0	23.0	24.0	25.0	26.0	27.0	28.0	29.0	30.0	31.0	32.0	33.0	34.0	35.0	36.0	37.0	38.0	39.0	40.0
Sde-CMal_050-Ex1-3D-lcwgs-1-1.clmp.r1	3.0	25.0	73.0	120.0	196.0	242.0	338.0	395.0	529.0	660.0	787.0	971.0	1087.0	1308.0	1569.0	1957.0	2546.0	4566.0	18744.0
	20.0	21.0	22.0	23.0	24.0	25.0	26.0	27.0	28.0	29.0	30.0	31.0	32.0	33.0	34.0	35.0	36.0	37.0	38.0	39.0	40.0
Sde-CMal_050-Ex1-3D-lcwgs-1-1.clmp.r2	2.0	10.0	91.0	355.0	468.0	559.0	535.0	601.0	672.0	776.0	813.0	842.0	1007.0	1014.0	1095.0	1292.0	1494.0	1757.0	2385.0	4372.0	15976.0
	22.0	23.0	24.0	25.0	26.0	27.0	28.0	29.0	30.0	31.0	32.0	33.0	34.0	35.0	36.0	37.0	38.0	39.0	40.0
Sde-CMal_051-Ex1-5H-lcwgs-1-1.clmp.r1	8.0	14.0	45.0	62.0	102.0	127.0	167.0	234.0	323.0	376.0	423.0	561.0	639.0	795.0	914.0	1058.0	1428.0	2526.0	10086.0
	21.0	22.0	23.0	24.0	25.0	26.0	27.0	28.0	29.0	30.0	31.0	32.0	33.0	34.0	35.0	36.0	37.0	38.0	39.0	40.0
Sde-CMal_051-Ex1-5H-lcwgs-1-1.clmp.r2	7.0	54.0	180.0	242.0	242.0	308.0	324.0	370.0	412.0	450.0	439.0	518.0	534.0	616.0	737.0	818.0	1021.0	1377.0	2473.0	8766.0
	22.0	23.0	24.0	25.0	26.0	27.0	28.0	29.0	30.0	31.0	32.0	33.0	34.0	35.0	36.0	37.0	38.0	39.0	40.0
Sde-CMal_052-Ex1-8E-lcwgs-1-1.clmp.r1	1.0	11.0	15.0	29.0	43.0	49.0	81.0	98.0	126.0	160.0	179.0	176.0	245.0	292.0	315.0	382.0	497.0	852.0	3077.0
	22.0	23.0	24.0	25.0	26.0	27.0	28.0	29.0	30.0	31.0	32.0	33.0	34.0	35.0	36.0	37.0	38.0	39.0	40.0
Sde-CMal_052-Ex1-8E-lcwgs-1-1.clmp.r2	19.0	37.0	82.0	96.0	86.0	110.0	146.0	150.0	155.0	176.0	187.0	221.0	243.0	278.0	323.0	399.0	514.0	851.0	2555.0
	22.0	23.0	24.0	25.0	26.0	27.0	28.0	29.0	30.0	31.0	32.0	33.0	34.0	35.0	36.0	37.0	38.0	39.0	40.0
Sde-CMal_053-Ex1-7D-lcwgs-1-1.clmp.r1	4.0	25.0	60.0	91.0	173.0	200.0	231.0	339.0	444.0	525.0	621.0	694.0	883.0	1049.0	1234.0	1441.0	1939.0	3327.0	13216.0
	20.0	21.0	22.0	23.0	24.0	25.0	26.0	27.0	28.0	29.0	30.0	31.0	32.0	33.0	34.0	35.0	36.0	37.0	38.0	39.0	40.0
Sde-CMal_053-Ex1-7D-lcwgs-1-1.clmp.r2	1.0	15.0	93.0	269.0	339.0	380.0	448.0	471.0	530.0	559.0	579.0	677.0	702.0	776.0	813.0	1006.0	1157.0	1370.0	1735.0	3112.0	11464.0
	23.0	24.0	25.0	26.0	27.0	28.0	29.0	30.0	31.0	32.0	33.0	34.0	35.0	36.0	37.0	38.0	39.0	40.0
Sde-CMal_054-Ex1-5B-lcwgs-1-1.clmp.r1	2.0	5.0	16.0	21.0	29.0	48.0	54.0	61.0	64.0	82.0	122.0	123.0	154.0	178.0	192.0	259.0	431.0	1748.0
	22.0	23.0	24.0	25.0	26.0	27.0	28.0	29.0	30.0	31.0	32.0	33.0	34.0	35.0	36.0	37.0	38.0	39.0	40.0
Sde-CMal_054-Ex1-5B-lcwgs-1-1.clmp.r2	10.0	28.0	44.0	47.0	68.0	67.0	81.0	87.0	72.0	92.0	104.0	99.0	116.0	150.0	159.0	180.0	224.0	443.0	1518.0
	22.0	23.0	24.0	25.0	26.0	27.0	28.0	29.0	30.0	31.0	32.0	33.0	34.0	35.0	36.0	37.0	38.0	39.0	40.0
Sde-CMal_055-Ex1-8D-lcwgs-1-1.clmp.r1	3.0	24.0	68.0	118.0	172.0	247.0	344.0	446.0	602.0	671.0	841.0	926.0	1128.0	1306.0	1553.0	1901.0	2586.0	4432.0	16965.0
	20.0	21.0	22.0	23.0	24.0	25.0	26.0	27.0	28.0	29.0	30.0	31.0	32.0	33.0	34.0	35.0	36.0	37.0	38.0	39.0	40.0
Sde-CMal_055-Ex1-8D-lcwgs-1-1.clmp.r2	1.0	20.0	156.0	436.0	546.0	579.0	641.0	682.0	712.0	797.0	784.0	801.0	973.0	1047.0	1196.0	1310.0	1471.0	1740.0	2318.0	4093.0	14030.0
	22.0	23.0	24.0	25.0	26.0	27.0	28.0	29.0	30.0	31.0	32.0	33.0	34.0	35.0	36.0	37.0	38.0	39.0	40.0
Sde-CMal_056-Ex1-5C-lcwgs-1-1.clmp.r1	4.0	6.0	34.0	50.0	46.0	83.0	125.0	143.0	184.0	249.0	291.0	305.0	422.0	433.0	539.0	682.0	885.0	1534.0	5906.0
	21.0	22.0	23.0	24.0	25.0	26.0	27.0	28.0	29.0	30.0	31.0	32.0	33.0	34.0	35.0	36.0	37.0	38.0	39.0	40.0
Sde-CMal_056-Ex1-5C-lcwgs-1-1.clmp.r2	5.0	65.0	167.0	185.0	202.0	221.0	243.0	271.0	249.0	261.0	320.0	296.0	369.0	374.0	433.0	526.0	619.0	779.0	1313.0	5023.0
	22.0	23.0	24.0	25.0	26.0	27.0	28.0	29.0	30.0	31.0	32.0	33.0	34.0	35.0	36.0	37.0	38.0	39.0	40.0
Sde-CMal_057-Ex1-7C-lcwgs-1-1.clmp.r1	4.0	10.0	42.0	60.0	92.0	135.0	158.0	206.0	275.0	334.0	408.0	476.0	544.0	575.0	754.0	921.0	1165.0	2118.0	8027.0
	20.0	21.0	22.0	23.0	24.0	25.0	26.0	27.0	28.0	29.0	30.0	31.0	32.0	33.0	34.0	35.0	36.0	37.0	38.0	39.0	40.0
Sde-CMal_057-Ex1-7C-lcwgs-1-1.clmp.r2	1.0	9.0	76.0	185.0	256.0	289.0	311.0	297.0	318.0	376.0	411.0	413.0	405.0	463.0	543.0	629.0	677.0	827.0	1069.0	1867.0	6882.0
	22.0	23.0	24.0	25.0	26.0	27.0	28.0	29.0	30.0	31.0	32.0	33.0	34.0	35.0	36.0	37.0	38.0	39.0	40.0
Sde-CMal_058-Ex1-7G-lcwgs-1-1.clmp.r1	15.0	33.0	91.0	180.0	237.0	307.0	386.0	523.0	658.0	790.0	949.0	1111.0	1340.0	1574.0	1830.0	2242.0	2946.0	5265.0	20506.0
	21.0	22.0	23.0	24.0	25.0	26.0	27.0	28.0	29.0	30.0	31.0	32.0	33.0	34.0	35.0	36.0	37.0	38.0	39.0	40.0
Sde-CMal_058-Ex1-7G-lcwgs-1-1.clmp.r2	13.0	102.0	314.0	431.0	556.0	541.0	663.0	713.0	773.0	858.0	908.0	1039.0	1124.0	1316.0	1505.0	1741.0	2142.0	2865.0	5071.0	18308.0
	23.0	24.0	25.0	26.0	27.0	28.0	29.0	30.0	31.0	32.0	33.0	34.0	35.0	36.0	37.0	38.0	39.0	40.0
Sde-CMal_059-Ex1-3B-lcwgs-1-1.clmp.r1	6.0	10.0	23.0	27.0	45.0	70.0	70.0	104.0	122.0	141.0	151.0	193.0	228.0	282.0	368.0	447.0	762.0	2959.0
	21.0	22.0	23.0	24.0	25.0	26.0	27.0	28.0	29.0	30.0	31.0	32.0	33.0	34.0	35.0	36.0	37.0	38.0	39.0	40.0
Sde-CMal_059-Ex1-3B-lcwgs-1-1.clmp.r2	4.0	18.0	58.0	69.0	82.0	91.0	105.0	120.0	127.0	146.0	183.0	172.0	170.0	194.0	238.0	256.0	347.0	392.0	732.0	2504.0
	21.0	22.0	23.0	24.0	25.0	26.0	27.0	28.0	29.0	30.0	31.0	32.0	33.0	34.0	35.0	36.0	37.0	38.0	39.0	40.0
Sde-CMal_060-Ex1-4H-lcwgs-1-1.clmp.r1	1.0	3.0	27.0	53.0	89.0	138.0	188.0	230.0	310.0	395.0	444.0	581.0	677.0	787.0	908.0	1172.0	1352.0	1717.0	3231.0	12637.0
	21.0	22.0	23.0	24.0	25.0	26.0	27.0	28.0	29.0	30.0	31.0	32.0	33.0	34.0	35.0	36.0	37.0	38.0	39.0	40.0
Sde-CMal_060-Ex1-4H-lcwgs-1-1.clmp.r2	6.0	92.0	246.0	335.0	365.0	378.0	415.0	474.0	489.0	546.0	552.0	649.0	697.0	783.0	853.0	1024.0	1246.0	1651.0	2997.0	11142.0
	22.0	23.0	24.0	25.0	26.0	27.0	28.0	29.0	30.0	31.0	32.0	33.0	34.0	35.0	36.0	37.0	38.0	39.0	40.0
Sde-CMal_061-Ex1-8B-lcwgs-1-1.clmp.r1	1.0	3.0	12.0	23.0	32.0	50.0	51.0	82.0	85.0	112.0	124.0	149.0	205.0	239.0	257.0	304.0	371.0	652.0	2564.0
	21.0	22.0	23.0	24.0	25.0	26.0	27.0	28.0	29.0	30.0	31.0	32.0	33.0	34.0	35.0	36.0	37.0	38.0	39.0	40.0
Sde-CMal_061-Ex1-8B-lcwgs-1-1.clmp.r2	2.0	15.0	68.0	72.0	79.0	88.0	102.0	89.0	114.0	120.0	138.0	157.0	165.0	160.0	180.0	236.0	284.0	380.0	639.0	2228.0
	22.0	23.0	24.0	25.0	26.0	27.0	28.0	29.0	30.0	31.0	32.0	33.0	34.0	35.0	36.0	37.0	38.0	39.0	40.0
Sde-CMal_062-Ex1-2B-lcwgs-1-1.clmp.r1	1.0	7.0	10.0	25.0	40.0	45.0	58.0	80.0	121.0	153.0	170.0	217.0	251.0	261.0	287.0	402.0	499.0	910.0	3836.0
	21.0	22.0	23.0	24.0	25.0	26.0	27.0	28.0	29.0	30.0	31.0	32.0	33.0	34.0	35.0	36.0	37.0	38.0	39.0	40.0
Sde-CMal_062-Ex1-2B-lcwgs-1-1.clmp.r2	2.0	21.0	66.0	89.0	102.0	108.0	123.0	107.0	173.0	153.0	170.0	185.0	179.0	215.0	288.0	328.0	393.0	455.0	854.0	3362.0
	23.0	24.0	25.0	26.0	27.0	28.0	29.0	30.0	31.0	32.0	33.0	34.0	35.0	36.0	37.0	38.0	39.0	40.0
Sde-CMal_063-Ex1-6B-lcwgs-1-1.clmp.r1	3.0	15.0	24.0	30.0	54.0	58.0	76.0	96.0	102.0	136.0	144.0	202.0	208.0	246.0	290.0	382.0	669.0	2456.0
	21.0	22.0	23.0	24.0	25.0	26.0	27.0	28.0	29.0	30.0	31.0	32.0	33.0	34.0	35.0	36.0	37.0	38.0	39.0	40.0
Sde-CMal_063-Ex1-6B-lcwgs-1-1.clmp.r2	2.0	28.0	49.0	76.0	67.0	82.0	92.0	104.0	112.0	128.0	130.0	166.0	146.0	199.0	198.0	209.0	282.0	370.0	648.0	2103.0
	22.0	23.0	24.0	25.0	26.0	27.0	28.0	29.0	30.0	31.0	32.0	33.0	34.0	35.0	36.0	37.0	38.0	39.0	40.0
Sde-CMal_064-Ex1-6D-lcwgs-1-1.clmp.r1	8.0	21.0	61.0	112.0	160.0	231.0	297.0	375.0	470.0	583.0	734.0	824.0	957.0	1150.0	1382.0	1723.0	2180.0	3914.0	14757.0
	20.0	21.0	22.0	23.0	24.0	25.0	26.0	27.0	28.0	29.0	30.0	31.0	32.0	33.0	34.0	35.0	36.0	37.0	38.0	39.0	40.0
Sde-CMal_064-Ex1-6D-lcwgs-1-1.clmp.r2	1.0	14.0	101.0	348.0	451.0	515.0	551.0	607.0	604.0	681.0	703.0	788.0	840.0	911.0	923.0	1066.0	1302.0	1556.0	2055.0	3546.0	12376.0
	22.0	23.0	24.0	25.0	26.0	27.0	28.0	29.0	30.0	31.0	32.0	33.0	34.0	35.0	36.0	37.0	38.0	39.0	40.0
Sde-CMal_065-Ex1-2C-lcwgs-1-1.clmp.r1	4.0	22.0	51.0	80.0	124.0	186.0	263.0	332.0	386.0	492.0	640.0	783.0	869.0	1138.0	1263.0	1568.0	2244.0	3981.0	15035.0
	20.0	21.0	22.0	23.0	24.0	25.0	26.0	27.0	28.0	29.0	30.0	31.0	32.0	33.0	34.0	35.0	36.0	37.0	38.0	39.0	40.0
Sde-CMal_065-Ex1-2C-lcwgs-1-1.clmp.r2	2.0	17.0	118.0	322.0	447.0	485.0	530.0	554.0	588.0	593.0	668.0	748.0	771.0	829.0	962.0	1090.0	1267.0	1446.0	1977.0	3536.0	12511.0
	21.0	22.0	23.0	24.0	25.0	26.0	27.0	28.0	29.0	30.0	31.0	32.0	33.0	34.0	35.0	36.0	37.0	38.0	39.0	40.0
Sde-CMal_066-Ex1-1G-lcwgs-1-1.clmp.r1	1.0	12.0	50.0	125.0	212.0	338.0	456.0	609.0	828.0	1037.0	1232.0	1555.0	1771.0	2132.0	2590.0	3025.0	3734.0	5040.0	9080.0	39159.0
	21.0	22.0	23.0	24.0	25.0	26.0	27.0	28.0	29.0	30.0	31.0	32.0	33.0	34.0	35.0	36.0	37.0	38.0	39.0	40.0
Sde-CMal_066-Ex1-1G-lcwgs-1-1.clmp.r2	19.0	183.0	568.0	758.0	892.0	1009.0	1041.0	1160.0	1307.0	1422.0	1572.0	1663.0	1953.0	2149.0	2431.0	2997.0	3565.0	4801.0	9029.0	34467.0
	22.0	23.0	24.0	25.0	26.0	27.0	28.0	29.0	30.0	31.0	32.0	33.0	34.0	35.0	36.0	37.0	38.0	39.0	40.0
Sde-CMal_067-Ex1-3F-lcwgs-1-1.clmp.r1	6.0	24.0	35.0	63.0	107.0	153.0	182.0	262.0	318.0	402.0	486.0	551.0	659.0	794.0	891.0	1160.0	1514.0	2761.0	11632.0
	20.0	21.0	22.0	23.0	24.0	25.0	26.0	27.0	28.0	29.0	30.0	31.0	32.0	33.0	34.0	35.0	36.0	37.0	38.0	39.0	40.0
Sde-CMal_067-Ex1-3F-lcwgs-1-1.clmp.r2	1.0	8.0	59.0	180.0	274.0	290.0	308.0	361.0	373.0	428.0	424.0	505.0	599.0	584.0	686.0	750.0	962.0	1111.0	1524.0	2620.0	9953.0
	26.0	27.0	28.0	29.0	30.0	31.0	32.0	33.0	34.0	35.0	36.0	37.0	38.0	39.0	40.0
Sde-CMal_068-Ex1-2A-lcwgs-1-1.clmp.r1	1.0	4.0	3.0	0.0	4.0	4.0	7.0	9.0	6.0	9.0	12.0	15.0	30.0	36.0	136.0
	21.0	22.0	23.0	24.0	25.0	26.0	27.0	28.0	29.0	30.0	31.0	32.0	33.0	34.0	35.0	36.0	37.0	38.0	39.0	40.0
Sde-CMal_068-Ex1-2A-lcwgs-1-1.clmp.r2	1.0	1.0	11.0	9.0	2.0	8.0	7.0	10.0	8.0	6.0	4.0	10.0	8.0	9.0	13.0	18.0	20.0	26.0	28.0	77.0
	21.0	22.0	23.0	24.0	25.0	26.0	27.0	28.0	29.0	30.0	31.0	32.0	33.0	34.0	35.0	36.0	37.0	38.0	39.0	40.0
Sde-CMal_069-Ex1-4E-lcwgs-1-1.clmp.r1	1.0	0.0	8.0	7.0	30.0	42.0	48.0	67.0	82.0	99.0	133.0	153.0	171.0	205.0	242.0	241.0	301.0	385.0	656.0	2240.0
	21.0	22.0	23.0	24.0	25.0	26.0	27.0	28.0	29.0	30.0	31.0	32.0	33.0	34.0	35.0	36.0	37.0	38.0	39.0	40.0
Sde-CMal_069-Ex1-4E-lcwgs-1-1.clmp.r2	2.0	12.0	34.0	60.0	68.0	91.0	93.0	107.0	79.0	122.0	138.0	156.0	189.0	197.0	233.0	262.0	294.0	372.0	610.0	1992.0

