	24.0	25.0	26.0	27.0	28.0	29.0	30.0	31.0	32.0	33.0	34.0	35.0	36.0	37.0	38.0	39.0	40.0
Goy-APnd_001-Ex1-1A-lcwgs-1-T.clmp.fp2_repr.R1	2.0	15.0	67.0	256.0	749.0	1544.0	2828.0	4601.0	6834.0	10392.0	14812.0	21099.0	28148.0	36112.0	47625.0	87034.0	220165.0
	23.0	24.0	25.0	26.0	27.0	28.0	29.0	30.0	31.0	32.0	33.0	34.0	35.0	36.0	37.0	38.0	39.0	40.0
Goy-APnd_001-Ex1-1A-lcwgs-1-T.clmp.fp2_repr.R2	7.0	27.0	149.0	384.0	859.0	1546.0	2469.0	3414.0	4699.0	5717.0	7197.0	8719.0	11182.0	14648.0	20884.0	33825.0	75501.0	291056.0
	24.0	25.0	26.0	27.0	28.0	29.0	30.0	31.0	32.0	33.0	34.0	35.0	36.0	37.0	38.0	39.0	40.0
Goy-APnd_002-Ex1-1B-lcwgs-1-T.clmp.fp2_repr.R1	3.0	22.0	158.0	616.0	1724.0	3949.0	7432.0	12317.0	19434.0	29682.0	43609.0	63154.0	86319.0	109872.0	141951.0	245702.0	605180.0
	23.0	24.0	25.0	26.0	27.0	28.0	29.0	30.0	31.0	32.0	33.0	34.0	35.0	36.0	37.0	38.0	39.0	40.0
Goy-APnd_002-Ex1-1B-lcwgs-1-T.clmp.fp2_repr.R2	14.0	92.0	387.0	1101.0	2314.0	4253.0	6861.0	9677.0	12501.0	15946.0	19810.0	25146.0	31938.0	43100.0	61253.0	97979.0	217610.0	821142.0
	23.0	24.0	25.0	26.0	27.0	28.0	29.0	30.0	31.0	32.0	33.0	34.0	35.0	36.0	37.0	38.0	39.0	40.0
Goy-APnd_003-Ex1-1C-lcwgs-1-T.clmp.fp2_repr.R1	1.0	7.0	40.0	266.0	1092.0	2875.0	6478.0	11931.0	19436.0	31106.0	46434.0	69671.0	99616.0	135698.0	172686.0	223883.0	392743.0	986383.0
	22.0	23.0	24.0	25.0	26.0	27.0	28.0	29.0	30.0	31.0	32.0	33.0	34.0	35.0	36.0	37.0	38.0	39.0	40.0
Goy-APnd_003-Ex1-1C-lcwgs-1-T.clmp.fp2_repr.R2	1.0	27.0	168.0	636.0	1755.0	3752.0	6812.0	10616.0	15156.0	20100.0	25645.0	32120.0	40066.0	51755.0	68954.0	97362.0	156282.0	348918.0	1320221.0
	23.0	24.0	25.0	26.0	27.0	28.0	29.0	30.0	31.0	32.0	33.0	34.0	35.0	36.0	37.0	38.0	39.0	40.0
Goy-APnd_004-Ex1-1D-lcwgs-1-T.clmp.fp2_repr.R1	1.0	10.0	55.0	246.0	805.0	2337.0	4916.0	9037.0	14422.0	22249.0	33138.0	47796.0	68088.0	91362.0	119478.0	165228.0	326132.0	932066.0
	23.0	24.0	25.0	26.0	27.0	28.0	29.0	30.0	31.0	32.0	33.0	34.0	35.0	36.0	37.0	38.0	39.0	40.0
Goy-APnd_004-Ex1-1D-lcwgs-1-T.clmp.fp2_repr.R2	13.0	104.0	411.0	1197.0	2438.0	4594.0	7207.0	10199.0	13556.0	17503.0	21949.0	27108.0	35410.0	47569.0	68212.0	112903.0	272230.0	1194763.0
	24.0	25.0	26.0	27.0	28.0	29.0	30.0	31.0	32.0	33.0	34.0	35.0	36.0	37.0	38.0	39.0	40.0
Goy-APnd_005-Ex1-1E-lcwgs-1-T.clmp.fp2_repr.R1	2.0	22.0	96.0	360.0	1124.0	2589.0	4768.0	8260.0	13176.0	20026.0	30490.0	44123.0	59729.0	75138.0	92694.0	147798.0	319362.0
	22.0	23.0	24.0	25.0	26.0	27.0	28.0	29.0	30.0	31.0	32.0	33.0	34.0	35.0	36.0	37.0	38.0	39.0	40.0
Goy-APnd_005-Ex1-1E-lcwgs-1-T.clmp.fp2_repr.R2	2.0	14.0	78.0	273.0	750.0	1630.0	2721.0	4515.0	6114.0	8473.0	10554.0	13370.0	16708.0	21585.0	28774.0	40914.0	64236.0	138294.0	460752.0
	24.0	25.0	26.0	27.0	28.0	29.0	30.0	31.0	32.0	33.0	34.0	35.0	36.0	37.0	38.0	39.0	40.0
Goy-APnd_006-Ex1-1F-lcwgs-1-T.clmp.fp2_repr.R1	6.0	57.0	198.0	664.0	1797.0	3692.0	6803.0	10777.0	16074.0	23388.0	33252.0	46560.0	62698.0	82665.0	116350.0	235825.0	700105.0
	22.0	23.0	24.0	25.0	26.0	27.0	28.0	29.0	30.0	31.0	32.0	33.0	34.0	35.0	36.0	37.0	38.0	39.0	40.0
Goy-APnd_006-Ex1-1F-lcwgs-1-T.clmp.fp2_repr.R2	1.0	16.0	90.0	331.0	906.0	1900.0	3483.0	5471.0	7542.0	9901.0	12582.0	15789.0	19629.0	24977.0	33960.0	49121.0	80023.0	195912.0	879277.0
	24.0	25.0	26.0	27.0	28.0	29.0	30.0	31.0	32.0	33.0	34.0	35.0	36.0	37.0	38.0	39.0	40.0
Goy-APnd_007-Ex1-1G-lcwgs-1-T.clmp.fp2_repr.R1	2.0	43.0	152.0	537.0	1496.0	3088.0	5563.0	8768.0	13202.0	18798.0	27060.0	37972.0	51031.0	67046.0	95653.0	203356.0	618318.0
	23.0	24.0	25.0	26.0	27.0	28.0	29.0	30.0	31.0	32.0	33.0	34.0	35.0	36.0	37.0	38.0	39.0	40.0
Goy-APnd_007-Ex1-1G-lcwgs-1-T.clmp.fp2_repr.R2	15.0	68.0	254.0	765.0	1647.0	2834.0	4364.0	6259.0	8106.0	10372.0	12995.0	16017.0	20596.0	28240.0	40440.0	67692.0	169616.0	761805.0
	24.0	25.0	26.0	27.0	28.0	29.0	30.0	31.0	32.0	33.0	34.0	35.0	36.0	37.0	38.0	39.0	40.0
Goy-APnd_008-Ex1-1H-lcwgs-1-T.clmp.fp2_repr.R1	2.0	22.0	93.0	257.0	608.0	1320.0	2285.0	3651.0	5322.0	7580.0	10915.0	15308.0	20211.0	27330.0	39393.0	84989.0	261957.0
	23.0	24.0	25.0	26.0	27.0	28.0	29.0	30.0	31.0	32.0	33.0	34.0	35.0	36.0	37.0	38.0	39.0	40.0
Goy-APnd_008-Ex1-1H-lcwgs-1-T.clmp.fp2_repr.R2	6.0	26.0	125.0	292.0	616.0	1122.0	1775.0	2389.0	3248.0	4144.0	5163.0	6326.0	8300.0	11178.0	16122.0	27023.0	68822.0	324566.0
	24.0	25.0	26.0	27.0	28.0	29.0	30.0	31.0	32.0	33.0	34.0	35.0	36.0	37.0	38.0	39.0	40.0
Goy-APnd_009-Ex1-2A-lcwgs-1-T.clmp.fp2_repr.R1	3.0	15.0	50.0	195.0	547.0	1052.0	1957.0	3222.0	4770.0	7125.0	9935.0	14219.0	19357.0	25033.0	34408.0	65466.0	188298.0
	23.0	24.0	25.0	26.0	27.0	28.0	29.0	30.0	31.0	32.0	33.0	34.0	35.0	36.0	37.0	38.0	39.0	40.0
Goy-APnd_009-Ex1-2A-lcwgs-1-T.clmp.fp2_repr.R2	2.0	31.0	107.0	320.0	571.0	1084.0	1707.0	2353.0	3096.0	3902.0	4810.0	6091.0	7895.0	10485.0	14945.0	24211.0	56108.0	237934.0
	23.0	24.0	25.0	26.0	27.0	28.0	29.0	30.0	31.0	32.0	33.0	34.0	35.0	36.0	37.0	38.0	39.0	40.0
Goy-APnd_010-Ex1-2B-lcwgs-1-T.clmp.fp2_repr.R1	1.0	5.0	60.0	240.0	734.0	1933.0	4052.0	7013.0	11281.0	16308.0	23797.0	33920.0	47848.0	65297.0	88113.0	128356.0	272667.0	889252.0
	22.0	23.0	24.0	25.0	26.0	27.0	28.0	29.0	30.0	31.0	32.0	33.0	34.0	35.0	36.0	37.0	38.0	39.0	40.0
Goy-APnd_010-Ex1-2B-lcwgs-1-T.clmp.fp2_repr.R2	2.0	16.0	114.0	338.0	935.0	1953.0	3615.0	5586.0	7806.0	10363.0	13190.0	16449.0	20974.0	27209.0	36694.0	53072.0	89402.0	227731.0	1075428.0
	24.0	25.0	26.0	27.0	28.0	29.0	30.0	31.0	32.0	33.0	34.0	35.0	36.0	37.0	38.0	39.0	40.0
Goy-APnd_011-Ex1-2C-lcwgs-1-T.clmp.fp2_repr.R1	7.0	58.0	197.0	722.0	1807.0	3749.0	6758.0	10811.0	16142.0	23659.0	34645.0	48948.0	66835.0	88978.0	124085.0	251952.0	793212.0
	22.0	23.0	24.0	25.0	26.0	27.0	28.0	29.0	30.0	31.0	32.0	33.0	34.0	35.0	36.0	37.0	38.0	39.0	40.0
Goy-APnd_011-Ex1-2C-lcwgs-1-T.clmp.fp2_repr.R2	1.0	23.0	94.0	345.0	945.0	1995.0	3541.0	5618.0	7682.0	10222.0	13316.0	16481.0	20751.0	26743.0	36679.0	53022.0	87296.0	215521.0	972290.0
	23.0	24.0	25.0	26.0	27.0	28.0	29.0	30.0	31.0	32.0	33.0	34.0	35.0	36.0	37.0	38.0	39.0	40.0
Goy-APnd_012-Ex1-2D-lcwgs-1-T.clmp.fp2_repr.R1	1.0	4.0	57.0	226.0	849.0	2072.0	4410.0	7830.0	12434.0	18860.0	27614.0	39806.0	56320.0	77356.0	102172.0	145682.0	297848.0	927120.0
	23.0	24.0	25.0	26.0	27.0	28.0	29.0	30.0	31.0	32.0	33.0	34.0	35.0	36.0	37.0	38.0	39.0	40.0
Goy-APnd_012-Ex1-2D-lcwgs-1-T.clmp.fp2_repr.R2	19.0	91.0	317.0	985.0	2125.0	3869.0	5893.0	8466.0	11110.0	14263.0	18090.0	22644.0	29504.0	40298.0	58753.0	98978.0	244948.0	1160308.0
	23.0	24.0	25.0	26.0	27.0	28.0	29.0	30.0	31.0	32.0	33.0	34.0	35.0	36.0	37.0	38.0	39.0	40.0
Goy-APnd_013-Ex1-2E-lcwgs-1-T.clmp.fp2_repr.R1	1.0	1.0	17.0	79.0	256.0	610.0	1256.0	2284.0	3502.0	5030.0	6984.0	9781.0	13590.0	18409.0	24866.0	37420.0	84299.0	285540.0
	23.0	24.0	25.0	26.0	27.0	28.0	29.0	30.0	31.0	32.0	33.0	34.0	35.0	36.0	37.0	38.0	39.0	40.0
Goy-APnd_013-Ex1-2E-lcwgs-1-T.clmp.fp2_repr.R2	2.0	27.0	102.0	263.0	578.0	1078.0	1566.0	2120.0	3005.0	3664.0	4643.0	5794.0	7585.0	10244.0	15091.0	25715.0	67175.0	345273.0
	22.0	23.0	24.0	25.0	26.0	27.0	28.0	29.0	30.0	31.0	32.0	33.0	34.0	35.0	36.0	37.0	38.0	39.0	40.0
Goy-APnd_014-Ex1-2F-lcwgs-1-T.clmp.fp2_repr.R1	1.0	0.0	12.0	64.0	256.0	889.0	2246.0	4584.0	8048.0	12717.0	18897.0	26361.0	37407.0	52203.0	71633.0	95691.0	139241.0	301746.0	984710.0
	23.0	24.0	25.0	26.0	27.0	28.0	29.0	30.0	31.0	32.0	33.0	34.0	35.0	36.0	37.0	38.0	39.0	40.0
Goy-APnd_014-Ex1-2F-lcwgs-1-T.clmp.fp2_repr.R2	17.0	105.0	429.0	1124.0	2348.0	4144.0	6365.0	8971.0	11621.0	14436.0	18134.0	23069.0	29508.0	40346.0	58554.0	98260.0	251275.0	1188000.0
	24.0	25.0	26.0	27.0	28.0	29.0	30.0	31.0	32.0	33.0	34.0	35.0	36.0	37.0	38.0	39.0	40.0
Goy-APnd_015-Ex1-2G-lcwgs-1-T.clmp.fp2_repr.R1	4.0	44.0	190.0	690.0	1751.0	3436.0	6089.0	9551.0	14031.0	20350.0	28610.0	39604.0	53786.0	73185.0	108592.0	239719.0	795856.0
	23.0	24.0	25.0	26.0	27.0	28.0	29.0	30.0	31.0	32.0	33.0	34.0	35.0	36.0	37.0	38.0	39.0	40.0
Goy-APnd_015-Ex1-2G-lcwgs-1-T.clmp.fp2_repr.R2	18.0	89.0	310.0	815.0	1693.0	3097.0	4809.0	6673.0	9068.0	11061.0	13820.0	17390.0	22651.0	31290.0	45262.0	77223.0	199928.0	950291.0
	23.0	24.0	25.0	26.0	27.0	28.0	29.0	30.0	31.0	32.0	33.0	34.0	35.0	36.0	37.0	38.0	39.0	40.0
Goy-APnd_016-Ex1-2H-lcwgs-1-T.clmp.fp2_repr.R1	3.0	10.0	42.0	258.0	767.0	1907.0	3849.0	6365.0	9962.0	14237.0	20504.0	28531.0	39594.0	54189.0	74499.0	112495.0	258535.0	879533.0
	22.0	23.0	24.0	25.0	26.0	27.0	28.0	29.0	30.0	31.0	32.0	33.0	34.0	35.0	36.0	37.0	38.0	39.0	40.0
Goy-APnd_016-Ex1-2H-lcwgs-1-T.clmp.fp2_repr.R2	2.0	15.0	96.0	328.0	911.0	1870.0	3126.0	4832.0	6764.0	8750.0	11137.0	14020.0	17571.0	22923.0	31302.0	46300.0	79202.0	210151.0	1045980.0
	24.0	25.0	26.0	27.0	28.0	29.0	30.0	31.0	32.0	33.0	34.0	35.0	36.0	37.0	38.0	39.0	40.0
Goy-APnd_017-Ex1-3A-lcwgs-1-T.clmp.fp2_repr.R1	3.0	16.0	114.0	336.0	1021.0	2149.0	3902.0	6414.0	9764.0	14559.0	20982.0	29845.0	40093.0	51725.0	70485.0	133087.0	377030.0
	23.0	24.0	25.0	26.0	27.0	28.0	29.0	30.0	31.0	32.0	33.0	34.0	35.0	36.0	37.0	38.0	39.0	40.0
Goy-APnd_017-Ex1-3A-lcwgs-1-T.clmp.fp2_repr.R2	7.0	66.0	253.0	710.0	1444.0	2539.0	3737.0	5205.0	6802.0	8528.0	10363.0	12639.0	16306.0	21563.0	31140.0	49825.0	116186.0	474212.0
	24.0	25.0	26.0	27.0	28.0	29.0	30.0	31.0	32.0	33.0	34.0	35.0	36.0	37.0	38.0	39.0	40.0
Goy-APnd_018-Ex1-3B-lcwgs-1-T.clmp.fp2_repr.R1	2.0	9.0	57.0	236.0	594.0	1472.0	2657.0	4357.0	6785.0	10503.0	15465.0	22200.0	30196.0	39511.0	51732.0	91417.0	236517.0
	22.0	23.0	24.0	25.0	26.0	27.0	28.0	29.0	30.0	31.0	32.0	33.0	34.0	35.0	36.0	37.0	38.0	39.0	40.0
Goy-APnd_018-Ex1-3B-lcwgs-1-T.clmp.fp2_repr.R2	1.0	7.0	32.0	129.0	396.0	872.0	1484.0	2423.0	3395.0	4522.0	5972.0	7424.0	9143.0	11871.0	15872.0	22771.0	36471.0	81670.0	309255.0
	24.0	25.0	26.0	27.0	28.0	29.0	30.0	31.0	32.0	33.0	34.0	35.0	36.0	37.0	38.0	39.0	40.0
Goy-APnd_019-Ex1-3C-lcwgs-1-T.clmp.fp2_repr.R1	4.0	37.0	229.0	834.0	2151.0	4764.0	8866.0	14437.0	22217.0	33569.0	49826.0	71680.0	97776.0	127002.0	168881.0	309206.0	846276.0
	22.0	23.0	24.0	25.0	26.0	27.0	28.0	29.0	30.0	31.0	32.0	33.0	34.0	35.0	36.0	37.0	38.0	39.0	40.0
Goy-APnd_019-Ex1-3C-lcwgs-1-T.clmp.fp2_repr.R2	2.0	19.0	122.0	449.0	1328.0	2694.0	5009.0	7940.0	11257.0	15057.0	18863.0	23958.0	30269.0	38717.0	51536.0	73427.0	119795.0	276237.0	1081076.0
	24.0	25.0	26.0	27.0	28.0	29.0	30.0	31.0	32.0	33.0	34.0	35.0	36.0	37.0	38.0	39.0	40.0
Goy-APnd_020-Ex1-3D-lcwgs-1-T.clmp.fp2_repr.R1	1.0	42.0	208.0	780.0	2156.0	4794.0	8672.0	14574.0	22588.0	33960.0	50899.0	72706.0	98976.0	129583.0	174103.0	317929.0	859521.0
	23.0	24.0	25.0	26.0	27.0	28.0	29.0	30.0	31.0	32.0	33.0	34.0	35.0	36.0	37.0	38.0	39.0	40.0
Goy-APnd_020-Ex1-3D-lcwgs-1-T.clmp.fp2_repr.R2	16.0	114.0	493.0	1240.0	2611.0	4796.0	7462.0	10909.0	14320.0	18458.0	23486.0	29436.0	38249.0	51476.0	73566.0	119824.0	273613.0	1121423.0
	23.0	24.0	25.0	26.0	27.0	28.0	29.0	30.0	31.0	32.0	33.0	34.0	35.0	36.0	37.0	38.0	39.0	40.0
Goy-APnd_021-Ex1-3E-lcwgs-1-T.clmp.fp2_repr.R1	2.0	7.0	40.0	219.0	855.0	2317.0	4854.0	8561.0	13957.0	20967.0	31189.0	44782.0	63238.0	86448.0	114451.0	160892.0	322528.0	971290.0
	22.0	23.0	24.0	25.0	26.0	27.0	28.0	29.0	30.0	31.0	32.0	33.0	34.0	35.0	36.0	37.0	38.0	39.0	40.0
Goy-APnd_021-Ex1-3E-lcwgs-1-T.clmp.fp2_repr.R2	1.0	12.0	104.0	389.0	1152.0	2544.0	4459.0	6900.0	10012.0	12897.0	16756.0	21179.0	26594.0	34546.0	46486.0	66854.0	111840.0	269474.0	1214398.0
	24.0	25.0	26.0	27.0	28.0	29.0	30.0	31.0	32.0	33.0	34.0	35.0	36.0	37.0	38.0	39.0	40.0
Goy-APnd_022-Ex1-3F-lcwgs-1-T.clmp.fp2_repr.R1	13.0	65.0	357.0	1186.0	3255.0	6644.0	12208.0	19619.0	29826.0	43993.0	63575.0	89850.0	122400.0	161086.0	225503.0	452762.0	1350035.0
	23.0	24.0	25.0	26.0	27.0	28.0	29.0	30.0	31.0	32.0	33.0	34.0	35.0	36.0	37.0	38.0	39.0	40.0
Goy-APnd_022-Ex1-3F-lcwgs-1-T.clmp.fp2_repr.R2	35.0	178.0	695.0	1777.0	3909.0	6871.0	10704.0	14895.0	19453.0	24976.0	30828.0	39058.0	49606.0	67275.0	97554.0	160995.0	387844.0	1665724.0
	24.0	25.0	26.0	27.0	28.0	29.0	30.0	31.0	32.0	33.0	34.0	35.0	36.0	37.0	38.0	39.0	40.0
Goy-APnd_023-Ex1-3G-lcwgs-1-T.clmp.fp2_repr.R1	7.0	58.0	217.0	670.0	1922.0	3909.0	6987.0	11121.0	16811.0	24761.0	35679.0	49952.0	68065.0	91072.0	127954.0	265941.0	816598.0
	22.0	23.0	24.0	25.0	26.0	27.0	28.0	29.0	30.0	31.0	32.0	33.0	34.0	35.0	36.0	37.0	38.0	39.0	40.0
Goy-APnd_023-Ex1-3G-lcwgs-1-T.clmp.fp2_repr.R2	4.0	13.0	93.0	376.0	1037.0	2162.0	3907.0	5989.0	8523.0	11149.0	14096.0	17546.0	22478.0	28826.0	38992.0	56223.0	92668.0	229576.0	988066.0
	24.0	25.0	26.0	27.0	28.0	29.0	30.0	31.0	32.0	33.0	34.0	35.0	36.0	37.0	38.0	39.0	40.0
Goy-APnd_024-Ex1-3H-lcwgs-1-T.clmp.fp2_repr.R1	6.0	80.0	339.0	1039.0	2759.0	5855.0	10491.0	16520.0	25152.0	36230.0	52585.0	73886.0	101757.0	135552.0	195659.0	409437.0	1288562.0
	22.0	23.0	24.0	25.0	26.0	27.0	28.0	29.0	30.0	31.0	32.0	33.0	34.0	35.0	36.0	37.0	38.0	39.0	40.0
Goy-APnd_024-Ex1-3H-lcwgs-1-T.clmp.fp2_repr.R2	2.0	19.0	123.0	488.0	1365.0	3066.0	5304.0	8191.0	11785.0	15493.0	19843.0	24956.0	31507.0	41103.0	56029.0	80984.0	136240.0	337418.0	1581993.0
	24.0	25.0	26.0	27.0	28.0	29.0	30.0	31.0	32.0	33.0	34.0	35.0	36.0	37.0	38.0	39.0	40.0
Goy-APnd_025-Ex1-4A-lcwgs-1-T.clmp.fp2_repr.R1	1.0	11.0	97.0	369.0	994.0	2149.0	4356.0	6992.0	10968.0	16478.0	24831.0	35759.0	48229.0	61076.0	77948.0	131670.0	300189.0
	23.0	24.0	25.0	26.0	27.0	28.0	29.0	30.0	31.0	32.0	33.0	34.0	35.0	36.0	37.0	38.0	39.0	40.0
Goy-APnd_025-Ex1-4A-lcwgs-1-T.clmp.fp2_repr.R2	7.0	54.0	233.0	608.0	1241.0	2340.0	3846.0	5379.0	7080.0	9080.0	11397.0	14385.0	18254.0	24241.0	34097.0	54404.0	118661.0	416810.0
	25.0	26.0	27.0	28.0	29.0	30.0	31.0	32.0	33.0	34.0	35.0	36.0	37.0	38.0	39.0	40.0
Goy-APnd_026-Ex1-4B-lcwgs-1-T.clmp.fp2_repr.R1	6.0	39.0	192.0	572.0	1336.0	2441.0	4172.0	6905.0	10750.0	16167.0	23636.0	31985.0	41044.0	51247.0	81170.0	175395.0
	22.0	23.0	24.0	25.0	26.0	27.0	28.0	29.0	30.0	31.0	32.0	33.0	34.0	35.0	36.0	37.0	38.0	39.0	40.0
Goy-APnd_026-Ex1-4B-lcwgs-1-T.clmp.fp2_repr.R2	1.0	5.0	33.0	147.0	374.0	868.0	1430.0	2342.0	3387.0	4440.0	5741.0	7283.0	9037.0	11607.0	15515.0	21905.0	35054.0	74874.0	253014.0
	24.0	25.0	26.0	27.0	28.0	29.0	30.0	31.0	32.0	33.0	34.0	35.0	36.0	37.0	38.0	39.0	40.0
Goy-APnd_027-Ex1-4C-lcwgs-1-T.clmp.fp2_repr.R1	4.0	52.0	247.0	851.0	2233.0	4792.0	8438.0	13606.0	20560.0	30004.0	42834.0	61137.0	82121.0	108798.0	154948.0	309761.0	917085.0
	23.0	24.0	25.0	26.0	27.0	28.0	29.0	30.0	31.0	32.0	33.0	34.0	35.0	36.0	37.0	38.0	39.0	40.0
Goy-APnd_027-Ex1-4C-lcwgs-1-T.clmp.fp2_repr.R2	10.0	86.0	370.0	1039.0	2216.0	4167.0	6507.0	9428.0	12232.0	15936.0	19856.0	25031.0	32444.0	43439.0	63071.0	103826.0	249072.0	1168741.0
	24.0	25.0	26.0	27.0	28.0	29.0	30.0	31.0	32.0	33.0	34.0	35.0	36.0	37.0	38.0	39.0	40.0
Goy-APnd_028-Ex1-4D-lcwgs-1-T.clmp.fp2_repr.R1	3.0	48.0	224.0	972.0	2812.0	6441.0	12231.0	21123.0	33500.0	52100.0	79152.0	114808.0	156361.0	197975.0	248144.0	397300.0	848035.0
	22.0	23.0	24.0	25.0	26.0	27.0	28.0	29.0	30.0	31.0	32.0	33.0	34.0	35.0	36.0	37.0	38.0	39.0	40.0
Goy-APnd_028-Ex1-4D-lcwgs-1-T.clmp.fp2_repr.R2	1.0	22.0	169.0	605.0	1748.0	3675.0	6757.0	10722.0	15677.0	21096.0	26655.0	33943.0	42478.0	55113.0	73397.0	104054.0	165247.0	357198.0	1252672.0
	24.0	25.0	26.0	27.0	28.0	29.0	30.0	31.0	32.0	33.0	34.0	35.0	36.0	37.0	38.0	39.0	40.0
Goy-APnd_029-Ex1-4E-lcwgs-1-T.clmp.fp2_repr.R1	4.0	20.0	119.0	460.0	1237.0	2759.0	5234.0	8751.0	13745.0	20680.0	31183.0	44829.0	60217.0	76189.0	97193.0	159941.0	357394.0
	23.0	24.0	25.0	26.0	27.0	28.0	29.0	30.0	31.0	32.0	33.0	34.0	35.0	36.0	37.0	38.0	39.0	40.0
Goy-APnd_029-Ex1-4E-lcwgs-1-T.clmp.fp2_repr.R2	8.0	78.0	249.0	700.0	1533.0	2813.0	4357.0	6510.0	8286.0	10848.0	13395.0	16734.0	21503.0	28811.0	40784.0	64922.0	142382.0	516042.0
	24.0	25.0	26.0	27.0	28.0	29.0	30.0	31.0	32.0	33.0	34.0	35.0	36.0	37.0	38.0	39.0	40.0
Goy-APnd_030-Ex1-4F-lcwgs-1-T.clmp.fp2_repr.R1	3.0	34.0	154.0	558.0	1765.0	4138.0	7504.0	12773.0	20821.0	32428.0	49464.0	71539.0	96649.0	118764.0	142854.0	214013.0	399532.0
	21.0	22.0	23.0	24.0	25.0	26.0	27.0	28.0	29.0	30.0	31.0	32.0	33.0	34.0	35.0	36.0	37.0	38.0	39.0	40.0
Goy-APnd_030-Ex1-4F-lcwgs-1-T.clmp.fp2_repr.R2	1.0	2.0	25.0	139.0	504.0	1381.0	2779.0	5099.0	7930.0	10893.0	14549.0	18354.0	22724.0	28149.0	35882.0	46767.0	65779.0	102528.0	211672.0	597836.0
	24.0	25.0	26.0	27.0	28.0	29.0	30.0	31.0	32.0	33.0	34.0	35.0	36.0	37.0	38.0	39.0	40.0
Goy-APnd_031-Ex1-4G-lcwgs-1-T.clmp.fp2_repr.R1	1.0	7.0	34.0	112.0	282.0	650.0	1218.0	2049.0	3232.0	4939.0	7304.0	10425.0	13964.0	17304.0	21598.0	35745.0	74855.0
	23.0	24.0	25.0	26.0	27.0	28.0	29.0	30.0	31.0	32.0	33.0	34.0	35.0	36.0	37.0	38.0	39.0	40.0
Goy-APnd_031-Ex1-4G-lcwgs-1-T.clmp.fp2_repr.R2	1.0	24.0	92.0	236.0	444.0	806.0	1156.0	1703.0	2209.0	2732.0	3397.0	4090.0	5252.0	7071.0	9622.0	15561.0	32659.0	106664.0
	24.0	25.0	26.0	27.0	28.0	29.0	30.0	31.0	32.0	33.0	34.0	35.0	36.0	37.0	38.0	39.0	40.0
Goy-APnd_032-Ex1-4H-lcwgs-1-T.clmp.fp2_repr.R1	1.0	16.0	51.0	186.0	549.0	1055.0	1887.0	2879.0	4283.0	6237.0	8896.0	12179.0	16310.0	21684.0	31556.0	66854.0	200274.0
	22.0	23.0	24.0	25.0	26.0	27.0	28.0	29.0	30.0	31.0	32.0	33.0	34.0	35.0	36.0	37.0	38.0	39.0	40.0
Goy-APnd_032-Ex1-4H-lcwgs-1-T.clmp.fp2_repr.R2	1.0	4.0	18.0	80.0	184.0	511.0	840.0	1366.0	1882.0	2530.0	3129.0	3948.0	4851.0	6437.0	8642.0	12610.0	21023.0	51490.0	255351.0
	23.0	24.0	25.0	26.0	27.0	28.0	29.0	30.0	31.0	32.0	33.0	34.0	35.0	36.0	37.0	38.0	39.0	40.0
Goy-APnd_033-Ex1-5A-lcwgs-1-T.clmp.fp2_repr.R1	1.0	8.0	48.0	246.0	942.0	2500.0	5614.0	10234.0	17140.0	26462.0	40569.0	60191.0	84986.0	114738.0	146328.0	191558.0	335991.0	813156.0
	23.0	24.0	25.0	26.0	27.0	28.0	29.0	30.0	31.0	32.0	33.0	34.0	35.0	36.0	37.0	38.0	39.0	40.0
Goy-APnd_033-Ex1-5A-lcwgs-1-T.clmp.fp2_repr.R2	30.0	171.0	576.0	1569.0	3392.0	6276.0	9614.0	13723.0	17729.0	22803.0	28196.0	34991.0	45047.0	59675.0	84368.0	134175.0	298154.0	1090223.0
	24.0	25.0	26.0	27.0	28.0	29.0	30.0	31.0	32.0	33.0	34.0	35.0	36.0	37.0	38.0	39.0	40.0
Goy-APnd_034-Ex1-5B-lcwgs-1-T.clmp.fp2_repr.R1	1.0	4.0	41.0	95.0	339.0	683.0	1361.0	2172.0	3651.0	5677.0	8572.0	12395.0	16483.0	19903.0	23469.0	34124.0	58458.0
	23.0	24.0	25.0	26.0	27.0	28.0	29.0	30.0	31.0	32.0	33.0	34.0	35.0	36.0	37.0	38.0	39.0	40.0
Goy-APnd_034-Ex1-5B-lcwgs-1-T.clmp.fp2_repr.R2	6.0	34.0	132.0	377.0	779.0	1143.0	1818.0	2422.0	2943.0	3726.0	4382.0	5375.0	6707.0	8772.0	12206.0	18758.0	36887.0	80961.0
	24.0	25.0	26.0	27.0	28.0	29.0	30.0	31.0	32.0	33.0	34.0	35.0	36.0	37.0	38.0	39.0	40.0
Goy-APnd_035-Ex1-5C-lcwgs-1-T.clmp.fp2_repr.R1	1.0	24.0	107.0	389.0	947.0	2016.0	3515.0	5423.0	8235.0	11722.0	16922.0	23534.0	31239.0	41109.0	57295.0	114139.0	317833.0
	22.0	23.0	24.0	25.0	26.0	27.0	28.0	29.0	30.0	31.0	32.0	33.0	34.0	35.0	36.0	37.0	38.0	39.0	40.0
Goy-APnd_035-Ex1-5C-lcwgs-1-T.clmp.fp2_repr.R2	1.0	3.0	41.0	176.0	471.0	1062.0	1845.0	2907.0	3970.0	5209.0	6304.0	7965.0	9787.0	12647.0	16987.0	24389.0	39767.0	95552.0	405367.0
	24.0	25.0	26.0	27.0	28.0	29.0	30.0	31.0	32.0	33.0	34.0	35.0	36.0	37.0	38.0	39.0	40.0
Goy-APnd_036-Ex1-5D-lcwgs-1-T.clmp.fp2_repr.R1	2.0	13.0	69.0	196.0	552.0	1103.0	2042.0	3274.0	4753.0	6952.0	9770.0	13819.0	18301.0	24478.0	34185.0	67712.0	190726.0
	22.0	23.0	24.0	25.0	26.0	27.0	28.0	29.0	30.0	31.0	32.0	33.0	34.0	35.0	36.0	37.0	38.0	39.0	40.0
Goy-APnd_036-Ex1-5D-lcwgs-1-T.clmp.fp2_repr.R2	1.0	3.0	33.0	103.0	228.0	535.0	990.0	1551.0	2199.0	2895.0	3755.0	4463.0	5597.0	7216.0	9816.0	14196.0	23230.0	55428.0	245708.0
	24.0	25.0	26.0	27.0	28.0	29.0	30.0	31.0	32.0	33.0	34.0	35.0	36.0	37.0	38.0	39.0	40.0
Goy-APnd_037-Ex1-5E-lcwgs-1-T.clmp.fp2_repr.R1	4.0	19.0	90.0	329.0	906.0	2084.0	3740.0	5986.0	9173.0	13947.0	20794.0	29262.0	39217.0	49634.0	63652.0	109384.0	249559.0
	23.0	24.0	25.0	26.0	27.0	28.0	29.0	30.0	31.0	32.0	33.0	34.0	35.0	36.0	37.0	38.0	39.0	40.0
Goy-APnd_037-Ex1-5E-lcwgs-1-T.clmp.fp2_repr.R2	11.0	59.0	187.0	568.0	1167.0	2109.0	3201.0	4452.0	6105.0	7497.0	9304.0	11584.0	14544.0	19453.0	27535.0	43539.0	96526.0	349939.0
	24.0	25.0	26.0	27.0	28.0	29.0	30.0	31.0	32.0	33.0	34.0	35.0	36.0	37.0	38.0	39.0	40.0
Goy-APnd_038-Ex1-5F-lcwgs-1-T.clmp.fp2_repr.R1	5.0	44.0	224.0	784.0	2038.0	4254.0	7373.0	11811.0	17707.0	25445.0	36482.0	50637.0	68034.0	88705.0	123169.0	247112.0	690785.0
	22.0	23.0	24.0	25.0	26.0	27.0	28.0	29.0	30.0	31.0	32.0	33.0	34.0	35.0	36.0	37.0	38.0	39.0	40.0
Goy-APnd_038-Ex1-5F-lcwgs-1-T.clmp.fp2_repr.R2	1.0	13.0	87.0	413.0	1071.0	2392.0	4172.0	6191.0	8811.0	11098.0	14289.0	17681.0	21885.0	27852.0	36628.0	52629.0	85857.0	207175.0	876364.0
	24.0	25.0	26.0	27.0	28.0	29.0	30.0	31.0	32.0	33.0	34.0	35.0	36.0	37.0	38.0	39.0	40.0
Goy-APnd_039-Ex1-5G-lcwgs-1-T.clmp.fp2_repr.R1	3.0	28.0	102.0	300.0	758.0	1608.0	2648.0	4310.0	6131.0	8805.0	12493.0	16849.0	22807.0	30230.0	45116.0	98173.0	299326.0
	23.0	24.0	25.0	26.0	27.0	28.0	29.0	30.0	31.0	32.0	33.0	34.0	35.0	36.0	37.0	38.0	39.0	40.0
Goy-APnd_039-Ex1-5G-lcwgs-1-T.clmp.fp2_repr.R2	8.0	30.0	131.0	364.0	723.0	1341.0	1992.0	2926.0	3978.0	4823.0	5821.0	7408.0	9616.0	13074.0	18683.0	31549.0	79922.0	367298.0
	23.0	24.0	25.0	26.0	27.0	28.0	29.0	30.0	31.0	32.0	33.0	34.0	35.0	36.0	37.0	38.0	39.0	40.0
Goy-APnd_040-Ex1-5H-lcwgs-1-T.clmp.fp2_repr.R1	1.0	6.0	23.0	115.0	412.0	1103.0	2319.0	4123.0	6324.0	9352.0	13750.0	19015.0	27019.0	35928.0	48129.0	68911.0	146411.0	437805.0
	23.0	24.0	25.0	26.0	27.0	28.0	29.0	30.0	31.0	32.0	33.0	34.0	35.0	36.0	37.0	38.0	39.0	40.0
Goy-APnd_040-Ex1-5H-lcwgs-1-T.clmp.fp2_repr.R2	4.0	51.0	179.0	510.0	1138.0	2041.0	3063.0	4344.0	5702.0	7273.0	8841.0	11236.0	14577.0	19436.0	27905.0	47432.0	117172.0	549842.0
	23.0	24.0	25.0	26.0	27.0	28.0	29.0	30.0	31.0	32.0	33.0	34.0	35.0	36.0	37.0	38.0	39.0	40.0
Goy-APnd_041-Ex1-6A-lcwgs-1-T.clmp.fp2_repr.R1	2.0	4.0	51.0	215.0	761.0	2005.0	4110.0	7214.0	11502.0	17263.0	24737.0	34916.0	47740.0	63005.0	81679.0	115124.0	237696.0	528082.0
	22.0	23.0	24.0	25.0	26.0	27.0	28.0	29.0	30.0	31.0	32.0	33.0	34.0	35.0	36.0	37.0	38.0	39.0	40.0
Goy-APnd_041-Ex1-6A-lcwgs-1-T.clmp.fp2_repr.R2	2.0	25.0	118.0	437.0	1189.0	2546.0	4209.0	6377.0	8754.0	11262.0	13905.0	16977.0	21027.0	26460.0	34860.0	49277.0	78779.0	180302.0	719600.0
	24.0	25.0	26.0	27.0	28.0	29.0	30.0	31.0	32.0	33.0	34.0	35.0	36.0	37.0	38.0	39.0	40.0
Goy-APnd_042-Ex1-6B-lcwgs-1-T.clmp.fp2_repr.R1	5.0	16.0	100.0	283.0	874.0	1813.0	3167.0	4994.0	7623.0	11109.0	16051.0	22308.0	29774.0	39338.0	54517.0	108708.0	241617.0
	22.0	23.0	24.0	25.0	26.0	27.0	28.0	29.0	30.0	31.0	32.0	33.0	34.0	35.0	36.0	37.0	38.0	39.0	40.0
Goy-APnd_042-Ex1-6B-lcwgs-1-T.clmp.fp2_repr.R2	1.0	4.0	50.0	143.0	440.0	946.0	1749.0	2418.0	3520.0	4718.0	5835.0	7307.0	8983.0	11531.0	15388.0	21905.0	35582.0	82976.0	338801.0
	24.0	25.0	26.0	27.0	28.0	29.0	30.0	31.0	32.0	33.0	34.0	35.0	36.0	37.0	38.0	39.0	40.0
Goy-APnd_043-Ex1-6C-lcwgs-1-T.clmp.fp2_repr.R1	10.0	58.0	228.0	778.0	2201.0	4696.0	8602.0	14112.0	21614.0	31863.0	46644.0	66165.0	88846.0	114730.0	152737.0	287336.0	596627.0
	22.0	23.0	24.0	25.0	26.0	27.0	28.0	29.0	30.0	31.0	32.0	33.0	34.0	35.0	36.0	37.0	38.0	39.0	40.0
Goy-APnd_043-Ex1-6C-lcwgs-1-T.clmp.fp2_repr.R2	1.0	18.0	127.0	503.0	1368.0	2837.0	5046.0	7682.0	10638.0	13746.0	17289.0	21479.0	26639.0	33964.0	45229.0	63984.0	102274.0	233311.0	851112.0
	24.0	25.0	26.0	27.0	28.0	29.0	30.0	31.0	32.0	33.0	34.0	35.0	36.0	37.0	38.0	39.0	40.0
Goy-APnd_044-Ex1-6D-lcwgs-1-T.clmp.fp2_repr.R1	8.0	45.0	193.0	803.0	2161.0	4711.0	8245.0	13444.0	20836.0	30974.0	45042.0	63550.0	85976.0	111212.0	151215.0	294033.0	626553.0
	23.0	24.0	25.0	26.0	27.0	28.0	29.0	30.0	31.0	32.0	33.0	34.0	35.0	36.0	37.0	38.0	39.0	40.0
Goy-APnd_044-Ex1-6D-lcwgs-1-T.clmp.fp2_repr.R2	17.0	108.0	425.0	1129.0	2444.0	4447.0	6952.0	9612.0	12515.0	15657.0	19985.0	25070.0	31619.0	42221.0	60360.0	98781.0	227079.0	900580.0
	22.0	23.0	24.0	25.0	26.0	27.0	28.0	29.0	30.0	31.0	32.0	33.0	34.0	35.0	36.0	37.0	38.0	39.0	40.0
Goy-APnd_045-Ex1-6E-lcwgs-1-T.clmp.fp2_repr.R1	1.0	4.0	15.0	104.0	490.0	1719.0	4721.0	10319.0	18278.0	29595.0	45314.0	67072.0	97562.0	138645.0	187720.0	243777.0	330693.0	657766.0	1462195.0
	22.0	23.0	24.0	25.0	26.0	27.0	28.0	29.0	30.0	31.0	32.0	33.0	34.0	35.0	36.0	37.0	38.0	39.0	40.0
Goy-APnd_045-Ex1-6E-lcwgs-1-T.clmp.fp2_repr.R2	4.0	41.0	246.0	1037.0	2685.0	5774.0	10026.0	15836.0	21594.0	28457.0	35561.0	44311.0	55465.0	70591.0	94343.0	134261.0	218965.0	505379.0	2051414.0
	23.0	24.0	25.0	26.0	27.0	28.0	29.0	30.0	31.0	32.0	33.0	34.0	35.0	36.0	37.0	38.0	39.0	40.0
Goy-APnd_046-Ex1-6F-lcwgs-1-T.clmp.fp2_repr.R1	1.0	8.0	90.0	423.0	1612.0	4094.0	8857.0	15503.0	25565.0	38515.0	56434.0	81473.0	115686.0	155091.0	200288.0	273800.0	537369.0	1170658.0
	22.0	23.0	24.0	25.0	26.0	27.0	28.0	29.0	30.0	31.0	32.0	33.0	34.0	35.0	36.0	37.0	38.0	39.0	40.0
Goy-APnd_046-Ex1-6F-lcwgs-1-T.clmp.fp2_repr.R2	4.0	39.0	232.0	939.0	2385.0	5116.0	8995.0	13870.0	19073.0	24683.0	30714.0	38143.0	47175.0	60377.0	79874.0	113172.0	182947.0	416611.0	1641118.0
	24.0	25.0	26.0	27.0	28.0	29.0	30.0	31.0	32.0	33.0	34.0	35.0	36.0	37.0	38.0	39.0	40.0
Goy-APnd_047-Ex1-6G-lcwgs-1-T.clmp.fp2_repr.R1	1.0	14.0	44.0	121.0	324.0	602.0	1076.0	1604.0	2309.0	3146.0	4070.0	5489.0	6899.0	8920.0	12922.0	28600.0	62598.0
	23.0	24.0	25.0	26.0	27.0	28.0	29.0	30.0	31.0	32.0	33.0	34.0	35.0	36.0	37.0	38.0	39.0	40.0
Goy-APnd_047-Ex1-6G-lcwgs-1-T.clmp.fp2_repr.R2	4.0	4.0	34.0	131.0	263.0	403.0	632.0	887.0	1174.0	1519.0	1736.0	2176.0	2785.0	3859.0	5435.0	8764.0	20996.0	87937.0
	23.0	24.0	25.0	26.0	27.0	28.0	29.0	30.0	31.0	32.0	33.0	34.0	35.0	36.0	37.0	38.0	39.0	40.0
Goy-APnd_048-Ex1-6H-lcwgs-1-T.clmp.fp2_repr.R1	2.0	16.0	86.0	469.0	1637.0	4401.0	9624.0	17470.0	28319.0	43083.0	63570.0	93802.0	132241.0	178982.0	232734.0	320163.0	635148.0	1381553.0
	22.0	23.0	24.0	25.0	26.0	27.0	28.0	29.0	30.0	31.0	32.0	33.0	34.0	35.0	36.0	37.0	38.0	39.0	40.0
Goy-APnd_048-Ex1-6H-lcwgs-1-T.clmp.fp2_repr.R2	1.0	43.0	258.0	865.0	2560.0	5190.0	9145.0	14522.0	20120.0	26217.0	33543.0	41733.0	51788.0	66596.0	88953.0	126972.0	206686.0	479734.0	1968374.0
	24.0	25.0	26.0	27.0	28.0	29.0	30.0	31.0	32.0	33.0	34.0	35.0	36.0	37.0	38.0	39.0	40.0
Goy-APnd_049-Ex1-7A-lcwgs-1-T.clmp.fp2_repr.R1	3.0	16.0	132.0	459.0	1444.0	3002.0	5957.0	9861.0	15816.0	24077.0	36215.0	52503.0	70431.0	86115.0	104736.0	162302.0	324372.0
	22.0	23.0	24.0	25.0	26.0	27.0	28.0	29.0	30.0	31.0	32.0	33.0	34.0	35.0	36.0	37.0	38.0	39.0	40.0
Goy-APnd_049-Ex1-7A-lcwgs-1-T.clmp.fp2_repr.R2	1.0	14.0	108.0	417.0	1125.0	2352.0	4077.0	6390.0	8796.0	11539.0	14394.0	18097.0	22210.0	28002.0	36873.0	51069.0	79137.0	165848.0	446992.0
	23.0	24.0	25.0	26.0	27.0	28.0	29.0	30.0	31.0	32.0	33.0	34.0	35.0	36.0	37.0	38.0	39.0	40.0
Goy-APnd_050-Ex1-7B-lcwgs-1-T.clmp.fp2_repr.R1	1.0	0.0	24.0	123.0	406.0	1268.0	2641.0	4758.0	7990.0	12253.0	18290.0	27079.0	38727.0	52778.0	68622.0	91180.0	165851.0	450196.0
	22.0	23.0	24.0	25.0	26.0	27.0	28.0	29.0	30.0	31.0	32.0	33.0	34.0	35.0	36.0	37.0	38.0	39.0	40.0
Goy-APnd_050-Ex1-7B-lcwgs-1-T.clmp.fp2_repr.R2	1.0	7.0	56.0	275.0	722.0	1454.0	2727.0	4172.0	6030.0	7794.0	9917.0	12359.0	15744.0	19991.0	27083.0	38883.0	62304.0	144825.0	587843.0
	24.0	25.0	26.0	27.0	28.0	29.0	30.0	31.0	32.0	33.0	34.0	35.0	36.0	37.0	38.0	39.0	40.0
Goy-APnd_051-Ex1-7C-lcwgs-1-T.clmp.fp2_repr.R1	5.0	50.0	206.0	662.0	1922.0	3872.0	7186.0	11548.0	17974.0	26379.0	38722.0	54762.0	74745.0	98282.0	133210.0	256975.0	751295.0
	23.0	24.0	25.0	26.0	27.0	28.0	29.0	30.0	31.0	32.0	33.0	34.0	35.0	36.0	37.0	38.0	39.0	40.0
Goy-APnd_051-Ex1-7C-lcwgs-1-T.clmp.fp2_repr.R2	16.0	97.0	387.0	1044.0	2258.0	4010.0	6255.0	8589.0	11572.0	14785.0	18180.0	23043.0	29738.0	40472.0	57722.0	93958.0	225075.0	940594.0
	23.0	24.0	25.0	26.0	27.0	28.0	29.0	30.0	31.0	32.0	33.0	34.0	35.0	36.0	37.0	38.0	39.0	40.0
Goy-APnd_052-Ex1-7D-lcwgs-1-T.clmp.fp2_repr.R1	1.0	9.0	62.0	257.0	909.0	2462.0	5139.0	9383.0	15444.0	23210.0	34755.0	50756.0	71696.0	97206.0	127989.0	176587.0	348052.0	1015943.0
	22.0	23.0	24.0	25.0	26.0	27.0	28.0	29.0	30.0	31.0	32.0	33.0	34.0	35.0	36.0	37.0	38.0	39.0	40.0
Goy-APnd_052-Ex1-7D-lcwgs-1-T.clmp.fp2_repr.R2	2.0	21.0	143.0	485.0	1278.0	2870.0	5019.0	7829.0	11004.0	14677.0	18422.0	23446.0	29794.0	38121.0	52143.0	74664.0	123473.0	297052.0	1279417.0
	24.0	25.0	26.0	27.0	28.0	29.0	30.0	31.0	32.0	33.0	34.0	35.0	36.0	37.0	38.0	39.0	40.0
Goy-APnd_053-Ex1-7E-lcwgs-1-T.clmp.fp2_repr.R1	8.0	31.0	147.0	513.0	1242.0	2828.0	4977.0	7813.0	11751.0	17533.0	25300.0	35825.0	48132.0	62492.0	85845.0	164565.0	470843.0
	23.0	24.0	25.0	26.0	27.0	28.0	29.0	30.0	31.0	32.0	33.0	34.0	35.0	36.0	37.0	38.0	39.0	40.0
Goy-APnd_053-Ex1-7E-lcwgs-1-T.clmp.fp2_repr.R2	11.0	67.0	246.0	738.0	1550.0	2705.0	4143.0	5818.0	7613.0	9678.0	12022.0	14991.0	18782.0	25333.0	36591.0	60108.0	142715.0	596734.0
	24.0	25.0	26.0	27.0	28.0	29.0	30.0	31.0	32.0	33.0	34.0	35.0	36.0	37.0	38.0	39.0	40.0
Goy-APnd_054-Ex1-7F-lcwgs-1-T.clmp.fp2_repr.R1	9.0	43.0	178.0	618.0	1727.0	3407.0	6123.0	9872.0	14794.0	21693.0	31171.0	43795.0	58347.0	75934.0	104567.0	204981.0	596343.0
	22.0	23.0	24.0	25.0	26.0	27.0	28.0	29.0	30.0	31.0	32.0	33.0	34.0	35.0	36.0	37.0	38.0	39.0	40.0
Goy-APnd_054-Ex1-7F-lcwgs-1-T.clmp.fp2_repr.R2	2.0	14.0	66.0	315.0	949.0	2024.0	3470.0	5356.0	7524.0	9646.0	12176.0	14969.0	19046.0	24384.0	32463.0	46302.0	75425.0	179306.0	740165.0
	23.0	24.0	25.0	26.0	27.0	28.0	29.0	30.0	31.0	32.0	33.0	34.0	35.0	36.0	37.0	38.0	39.0	40.0
Goy-APnd_055-Ex1-7G-lcwgs-1-T.clmp.fp2_repr.R1	1.0	6.0	50.0	299.0	990.0	2653.0	5779.0	10604.0	17150.0	26422.0	39335.0	57669.0	81917.0	111972.0	144228.0	191194.0	355023.0	963575.0
	22.0	23.0	24.0	25.0	26.0	27.0	28.0	29.0	30.0	31.0	32.0	33.0	34.0	35.0	36.0	37.0	38.0	39.0	40.0
Goy-APnd_055-Ex1-7G-lcwgs-1-T.clmp.fp2_repr.R2	1.0	25.0	164.0	716.0	1688.0	3611.0	6481.0	9813.0	13573.0	17984.0	22349.0	27828.0	34543.0	44305.0	59239.0	84835.0	138603.0	323499.0	1219610.0
	24.0	25.0	26.0	27.0	28.0	29.0	30.0	31.0	32.0	33.0	34.0	35.0	36.0	37.0	38.0	39.0	40.0
Goy-APnd_056-Ex1-7H-lcwgs-1-T.clmp.fp2_repr.R1	7.0	68.0	352.0	1125.0	3069.0	6841.0	12549.0	20627.0	31782.0	48265.0	71707.0	102768.0	140148.0	178800.0	235155.0	425993.0	1128810.0
	22.0	23.0	24.0	25.0	26.0	27.0	28.0	29.0	30.0	31.0	32.0	33.0	34.0	35.0	36.0	37.0	38.0	39.0	40.0
Goy-APnd_056-Ex1-7H-lcwgs-1-T.clmp.fp2_repr.R2	2.0	29.0	188.0	772.0	2010.0	4168.0	7483.0	11300.0	15944.0	21179.0	26384.0	32816.0	41243.0	52926.0	70693.0	100948.0	165180.0	382395.0	1472406.0
	24.0	25.0	26.0	27.0	28.0	29.0	30.0	31.0	32.0	33.0	34.0	35.0	36.0	37.0	38.0	39.0	40.0
Goy-APnd_057-Ex1-8A-lcwgs-1-T.clmp.fp2_repr.R1	1.0	15.0	68.0	273.0	752.0	1643.0	3133.0	5114.0	7966.0	11990.0	17973.0	25667.0	35127.0	44669.0	58294.0	106203.0	274317.0
	23.0	24.0	25.0	26.0	27.0	28.0	29.0	30.0	31.0	32.0	33.0	34.0	35.0	36.0	37.0	38.0	39.0	40.0
Goy-APnd_057-Ex1-8A-lcwgs-1-T.clmp.fp2_repr.R2	6.0	51.0	183.0	504.0	1108.0	1999.0	3006.0	4293.0	5520.0	7312.0	8829.0	11040.0	13949.0	18750.0	26476.0	42785.0	98079.0	349315.0
	24.0	25.0	26.0	27.0	28.0	29.0	30.0	31.0	32.0	33.0	34.0	35.0	36.0	37.0	38.0	39.0	40.0
Goy-APnd_058-Ex1-8B-lcwgs-1-T.clmp.fp2_repr.R1	1.0	11.0	55.0	233.0	553.0	1243.0	2275.0	3997.0	6123.0	9127.0	13355.0	19335.0	26625.0	34777.0	45623.0	83039.0	222448.0
	22.0	23.0	24.0	25.0	26.0	27.0	28.0	29.0	30.0	31.0	32.0	33.0	34.0	35.0	36.0	37.0	38.0	39.0	40.0
Goy-APnd_058-Ex1-8B-lcwgs-1-T.clmp.fp2_repr.R2	1.0	5.0	38.0	136.0	391.0	767.0	1428.0	2300.0	3135.0	4098.0	5297.0	6460.0	8240.0	10404.0	14005.0	20232.0	32901.0	75616.0	283366.0
	24.0	25.0	26.0	27.0	28.0	29.0	30.0	31.0	32.0	33.0	34.0	35.0	36.0	37.0	38.0	39.0	40.0
Goy-APnd_059-Ex1-8C-lcwgs-1-T.clmp.fp2_repr.R1	5.0	42.0	198.0	678.0	1810.0	3803.0	6894.0	11308.0	17077.0	25019.0	36779.0	52882.0	71954.0	93543.0	130497.0	258400.0	774277.0
	23.0	24.0	25.0	26.0	27.0	28.0	29.0	30.0	31.0	32.0	33.0	34.0	35.0	36.0	37.0	38.0	39.0	40.0
Goy-APnd_059-Ex1-8C-lcwgs-1-T.clmp.fp2_repr.R2	13.0	96.0	384.0	1065.0	2227.0	4025.0	6226.0	8623.0	11513.0	14385.0	18011.0	22925.0	29597.0	39033.0	56751.0	93623.0	226895.0	949774.0
	24.0	25.0	26.0	27.0	28.0	29.0	30.0	31.0	32.0	33.0	34.0	35.0	36.0	37.0	38.0	39.0	40.0
Goy-APnd_060-Ex1-8D-lcwgs-1-T.clmp.fp2_repr.R1	2.0	12.0	85.0	274.0	822.0	1614.0	3203.0	5083.0	7865.0	11726.0	17063.0	24668.0	33558.0	43678.0	59471.0	111981.0	309781.0
	23.0	24.0	25.0	26.0	27.0	28.0	29.0	30.0	31.0	32.0	33.0	34.0	35.0	36.0	37.0	38.0	39.0	40.0
Goy-APnd_060-Ex1-8D-lcwgs-1-T.clmp.fp2_repr.R2	7.0	45.0	152.0	434.0	942.0	1601.0	2706.0	3658.0	4908.0	6340.0	7907.0	10082.0	12910.0	17495.0	24963.0	41233.0	97229.0	398274.0
	24.0	25.0	26.0	27.0	28.0	29.0	30.0	31.0	32.0	33.0	34.0	35.0	36.0	37.0	38.0	39.0	40.0
Goy-APnd_061-Ex1-8E-lcwgs-1-T.clmp.fp2_repr.R1	1.0	17.0	81.0	254.0	666.0	1493.0	2319.0	3704.0	5583.0	8024.0	11710.0	16402.0	22261.0	29849.0	42629.0	90114.0	284875.0
	23.0	24.0	25.0	26.0	27.0	28.0	29.0	30.0	31.0	32.0	33.0	34.0	35.0	36.0	37.0	38.0	39.0	40.0
Goy-APnd_061-Ex1-8E-lcwgs-1-T.clmp.fp2_repr.R2	3.0	28.0	95.0	288.0	628.0	1210.0	1903.0	2647.0	3535.0	4523.0	5495.0	6962.0	8987.0	12254.0	17818.0	29849.0	75348.0	348409.0
	24.0	25.0	26.0	27.0	28.0	29.0	30.0	31.0	32.0	33.0	34.0	35.0	36.0	37.0	38.0	39.0	40.0
Goy-APnd_062-Ex1-8F-lcwgs-1-T.clmp.fp2_repr.R1	3.0	28.0	87.0	309.0	894.0	1995.0	3582.0	5633.0	8655.0	12823.0	18867.0	26836.0	36348.0	47511.0	64280.0	122522.0	344479.0
	23.0	24.0	25.0	26.0	27.0	28.0	29.0	30.0	31.0	32.0	33.0	34.0	35.0	36.0	37.0	38.0	39.0	40.0
Goy-APnd_062-Ex1-8F-lcwgs-1-T.clmp.fp2_repr.R2	4.0	46.0	210.0	585.0	1160.0	2034.0	3155.0	4328.0	5891.0	7280.0	9052.0	11296.0	14529.0	19554.0	27829.0	45817.0	108016.0	434066.0
	24.0	25.0	26.0	27.0	28.0	29.0	30.0	31.0	32.0	33.0	34.0	35.0	36.0	37.0	38.0	39.0	40.0
Goy-APnd_063-Ex1-8G-lcwgs-1-T.clmp.fp2_repr.R1	1.0	20.0	125.0	406.0	1060.0	2342.0	4205.0	6593.0	9951.0	14533.0	21161.0	29650.0	40899.0	53445.0	73835.0	148796.0	441417.0
	22.0	23.0	24.0	25.0	26.0	27.0	28.0	29.0	30.0	31.0	32.0	33.0	34.0	35.0	36.0	37.0	38.0	39.0	40.0
Goy-APnd_063-Ex1-8G-lcwgs-1-T.clmp.fp2_repr.R2	2.0	12.0	54.0	204.0	611.0	1329.0	2292.0	3562.0	4988.0	6561.0	8204.0	10193.0	12813.0	16523.0	22230.0	32221.0	53249.0	129029.0	544362.0
	24.0	25.0	26.0	27.0	28.0	29.0	30.0	31.0	32.0	33.0	34.0	35.0	36.0	37.0	38.0	39.0	40.0
Goy-APnd_064-Ex1-8H-lcwgs-1-T.clmp.fp2_repr.R1	6.0	51.0	210.0	832.0	2250.0	5049.0	9251.0	15549.0	24541.0	37445.0	56429.0	82028.0	111841.0	142258.0	182349.0	315388.0	776219.0
	22.0	23.0	24.0	25.0	26.0	27.0	28.0	29.0	30.0	31.0	32.0	33.0	34.0	35.0	36.0	37.0	38.0	39.0	40.0
Goy-APnd_064-Ex1-8H-lcwgs-1-T.clmp.fp2_repr.R2	3.0	21.0	160.0	587.0	1733.0	3449.0	5956.0	9162.0	12711.0	17091.0	21507.0	27034.0	33067.0	42590.0	56873.0	80699.0	130279.0	292428.0	1026346.0
	24.0	25.0	26.0	27.0	28.0	29.0	30.0	31.0	32.0	33.0	34.0	35.0	36.0	37.0	38.0	39.0	40.0
Goy-APnd_065-Ex1-9A-lcwgs-1-T.clmp.fp2_repr.R1	2.0	12.0	50.0	205.0	538.0	1155.0	2093.0	3592.0	5428.0	8106.0	12330.0	17559.0	23483.0	30585.0	40470.0	75560.0	197199.0
	23.0	24.0	25.0	26.0	27.0	28.0	29.0	30.0	31.0	32.0	33.0	34.0	35.0	36.0	37.0	38.0	39.0	40.0
Goy-APnd_065-Ex1-9A-lcwgs-1-T.clmp.fp2_repr.R2	6.0	37.0	118.0	372.0	755.0	1305.0	2064.0	2868.0	3765.0	4709.0	5742.0	6983.0	9265.0	12391.0	17293.0	28928.0	67044.0	254722.0
	24.0	25.0	26.0	27.0	28.0	29.0	30.0	31.0	32.0	33.0	34.0	35.0	36.0	37.0	38.0	39.0	40.0
Goy-APnd_066-Ex1-9B-lcwgs-1-T.clmp.fp2_repr.R1	2.0	9.0	51.0	171.0	494.0	1141.0	2081.0	3547.0	5393.0	8234.0	12015.0	17494.0	23594.0	30501.0	40265.0	73400.0	187974.0
	23.0	24.0	25.0	26.0	27.0	28.0	29.0	30.0	31.0	32.0	33.0	34.0	35.0	36.0	37.0	38.0	39.0	40.0
Goy-APnd_066-Ex1-9B-lcwgs-1-T.clmp.fp2_repr.R2	9.0	36.0	117.0	335.0	663.0	1300.0	1912.0	2833.0	3541.0	4547.0	5720.0	6969.0	9116.0	11909.0	17044.0	27995.0	64139.0	248181.0
	24.0	25.0	26.0	27.0	28.0	29.0	30.0	31.0	32.0	33.0	34.0	35.0	36.0	37.0	38.0	39.0	40.0
Goy-APnd_067-Ex1-9C-lcwgs-1-T.clmp.fp2_repr.R1	1.0	5.0	28.0	135.0	299.0	657.0	1205.0	1947.0	3183.0	4581.0	6690.0	9626.0	13338.0	17137.0	23082.0	42317.0	112257.0
	23.0	24.0	25.0	26.0	27.0	28.0	29.0	30.0	31.0	32.0	33.0	34.0	35.0	36.0	37.0	38.0	39.0	40.0
Goy-APnd_067-Ex1-9C-lcwgs-1-T.clmp.fp2_repr.R2	4.0	19.0	72.0	164.0	367.0	683.0	1076.0	1410.0	1969.0	2431.0	3060.0	3802.0	4876.0	6711.0	9551.0	15508.0	36522.0	148263.0
	24.0	25.0	26.0	27.0	28.0	29.0	30.0	31.0	32.0	33.0	34.0	35.0	36.0	37.0	38.0	39.0	40.0
Goy-CPnd_001-Ex1-7F-lcwgs-1-T.clmp.fp2_repr.R1	4.0	51.0	256.0	1105.0	3575.0	9112.0	19013.0	36015.0	63349.0	105051.0	166840.0	245275.0	323028.0	376514.0	419388.0	567670.0	737103.0
	22.0	23.0	24.0	25.0	26.0	27.0	28.0	29.0	30.0	31.0	32.0	33.0	34.0	35.0	36.0	37.0	38.0	39.0	40.0
Goy-CPnd_001-Ex1-7F-lcwgs-1-T.clmp.fp2_repr.R2	5.0	125.0	850.0	3193.0	8075.0	16577.0	27063.0	39286.0	52902.0	66986.0	82369.0	100181.0	120934.0	149908.0	190368.0	253692.0	369012.0	618934.0	972889.0
	25.0	26.0	27.0	28.0	29.0	30.0	31.0	32.0	33.0	34.0	35.0	36.0	37.0	38.0	39.0	40.0
Goy-CPnd_002-Ex1-5C-lcwgs-1-T.clmp.fp2_repr.R1	5.0	27.0	142.0	425.0	1028.0	2061.0	3739.0	6292.0	10404.0	15934.0	23607.0	30881.0	36590.0	42735.0	60355.0	98777.0
	22.0	23.0	24.0	25.0	26.0	27.0	28.0	29.0	30.0	31.0	32.0	33.0	34.0	35.0	36.0	37.0	38.0	39.0	40.0
Goy-CPnd_002-Ex1-5C-lcwgs-1-T.clmp.fp2_repr.R2	1.0	13.0	67.0	271.0	683.0	1359.0	2215.0	3421.0	4616.0	5797.0	7238.0	8983.0	10972.0	13471.0	17634.0	23617.0	34450.0	63901.0	134293.0
	24.0	25.0	26.0	27.0	28.0	29.0	30.0	31.0	32.0	33.0	34.0	35.0	36.0	37.0	38.0	39.0	40.0
Goy-CPnd_003-Ex1-7G-lcwgs-1-T.clmp.fp2_repr.R1	3.0	22.0	162.0	634.0	1878.0	4397.0	9251.0	17408.0	29680.0	49168.0	77146.0	112457.0	148079.0	173698.0	196979.0	274115.0	388296.0
	22.0	23.0	24.0	25.0	26.0	27.0	28.0	29.0	30.0	31.0	32.0	33.0	34.0	35.0	36.0	37.0	38.0	39.0	40.0
Goy-CPnd_003-Ex1-7G-lcwgs-1-T.clmp.fp2_repr.R2	2.0	58.0	356.0	1411.0	3609.0	7124.0	11975.0	17270.0	23743.0	30266.0	36705.0	45004.0	54899.0	68301.0	87239.0	116880.0	169790.0	291843.0	516898.0
	24.0	25.0	26.0	27.0	28.0	29.0	30.0	31.0	32.0	33.0	34.0	35.0	36.0	37.0	38.0	39.0	40.0
Goy-CPnd_004-Ex1-2D-lcwgs-1-T.clmp.fp2_repr.R1	4.0	41.0	247.0	1247.0	3971.0	9948.0	21358.0	40839.0	71599.0	119775.0	190980.0	280033.0	369415.0	433768.0	486887.0	658627.0	828007.0
	21.0	22.0	23.0	24.0	25.0	26.0	27.0	28.0	29.0	30.0	31.0	32.0	33.0	34.0	35.0	36.0	37.0	38.0	39.0	40.0
Goy-CPnd_004-Ex1-2D-lcwgs-1-T.clmp.fp2_repr.R2	1.0	10.0	153.0	921.0	3528.0	9137.0	18268.0	30562.0	44519.0	59179.0	75033.0	92439.0	111597.0	136850.0	169397.0	216411.0	288441.0	421720.0	713485.0	1125095.0
	23.0	24.0	25.0	26.0	27.0	28.0	29.0	30.0	31.0	32.0	33.0	34.0	35.0	36.0	37.0	38.0	39.0	40.0
Goy-CPnd_005-Ex1-6A-lcwgs-1-T.clmp.fp2_repr.R1	1.0	3.0	16.0	136.0	559.0	1613.0	4153.0	8830.0	16819.0	29217.0	49288.0	77536.0	113374.0	149636.0	173743.0	192276.0	255973.0	329821.0
	21.0	22.0	23.0	24.0	25.0	26.0	27.0	28.0	29.0	30.0	31.0	32.0	33.0	34.0	35.0	36.0	37.0	38.0	39.0	40.0
Goy-CPnd_005-Ex1-6A-lcwgs-1-T.clmp.fp2_repr.R2	1.0	4.0	59.0	394.0	1382.0	3844.0	7642.0	12606.0	18701.0	24821.0	31590.0	38648.0	46977.0	57454.0	70663.0	89260.0	119124.0	171925.0	285485.0	422414.0
	23.0	24.0	25.0	26.0	27.0	28.0	29.0	30.0	31.0	32.0	33.0	34.0	35.0	36.0	37.0	38.0	39.0	40.0
Goy-CPnd_006-Ex1-2C-lcwgs-1-T.clmp.fp2_repr.R1	1.0	0.0	48.0	207.0	882.0	2810.0	6679.0	14768.0	27430.0	48386.0	80517.0	127299.0	186766.0	247490.0	291681.0	327033.0	449323.0	592283.0
	22.0	23.0	24.0	25.0	26.0	27.0	28.0	29.0	30.0	31.0	32.0	33.0	34.0	35.0	36.0	37.0	38.0	39.0	40.0
Goy-CPnd_006-Ex1-2C-lcwgs-1-T.clmp.fp2_repr.R2	10.0	118.0	652.0	2333.0	6254.0	12033.0	20002.0	29479.0	39613.0	50062.0	61730.0	74067.0	90932.0	112413.0	143147.0	191090.0	280462.0	483085.0	806121.0
	24.0	25.0	26.0	27.0	28.0	29.0	30.0	31.0	32.0	33.0	34.0	35.0	36.0	37.0	38.0	39.0	40.0
Goy-CPnd_007-Ex1-8E-lcwgs-1-T.clmp.fp2_repr.R1	8.0	37.0	208.0	924.0	2926.0	7155.0	15232.0	28053.0	48672.0	79057.0	124578.0	181029.0	238813.0	279920.0	314197.0	426881.0	608474.0
	22.0	23.0	24.0	25.0	26.0	27.0	28.0	29.0	30.0	31.0	32.0	33.0	34.0	35.0	36.0	37.0	38.0	39.0	40.0
Goy-CPnd_007-Ex1-8E-lcwgs-1-T.clmp.fp2_repr.R2	5.0	104.0	708.0	2366.0	6045.0	11792.0	19685.0	28370.0	37922.0	47825.0	57902.0	70940.0	85707.0	105283.0	134410.0	180448.0	265298.0	465854.0	835500.0
	24.0	25.0	26.0	27.0	28.0	29.0	30.0	31.0	32.0	33.0	34.0	35.0	36.0	37.0	38.0	39.0	40.0
Goy-CPnd_008-Ex1-4B-lcwgs-1-T.clmp.fp2_repr.R1	1.0	32.0	214.0	1082.0	3551.0	9251.0	21034.0	40804.0	74455.0	125823.0	202950.0	297187.0	388069.0	444794.0	482904.0	613494.0	640622.0
	21.0	22.0	23.0	24.0	25.0	26.0	27.0	28.0	29.0	30.0	31.0	32.0	33.0	34.0	35.0	36.0	37.0	38.0	39.0	40.0
Goy-CPnd_008-Ex1-4B-lcwgs-1-T.clmp.fp2_repr.R2	1.0	14.0	199.0	1233.0	4502.0	11603.0	22979.0	37630.0	53935.0	70684.0	88165.0	107018.0	128010.0	153516.0	187816.0	235636.0	310286.0	442041.0	696793.0	794206.0
	24.0	25.0	26.0	27.0	28.0	29.0	30.0	31.0	32.0	33.0	34.0	35.0	36.0	37.0	38.0	39.0	40.0
Goy-CPnd_009-Ex1-8H-lcwgs-1-T.clmp.fp2_repr.R1	3.0	24.0	115.0	518.0	1516.0	3810.0	7959.0	14552.0	24577.0	40981.0	63877.0	93371.0	122986.0	146315.0	164950.0	228527.0	343670.0
	22.0	23.0	24.0	25.0	26.0	27.0	28.0	29.0	30.0	31.0	32.0	33.0	34.0	35.0	36.0	37.0	38.0	39.0	40.0
Goy-CPnd_009-Ex1-8H-lcwgs-1-T.clmp.fp2_repr.R2	4.0	58.0	317.0	1096.0	2932.0	5756.0	9759.0	14135.0	19129.0	24183.0	29831.0	35875.0	43958.0	54407.0	69292.0	93469.0	137461.0	242964.0	473125.0
	23.0	24.0	25.0	26.0	27.0	28.0	29.0	30.0	31.0	32.0	33.0	34.0	35.0	36.0	37.0	38.0	39.0	40.0
Goy-CPnd_010-Ex1-6D-lcwgs-1-T.clmp.fp2_repr.R1	1.0	6.0	82.0	410.0	1669.0	5525.0	13880.0	29124.0	54279.0	94418.0	155994.0	248104.0	365795.0	485356.0	577268.0	648304.0	876717.0	1251778.0
	22.0	23.0	24.0	25.0	26.0	27.0	28.0	29.0	30.0	31.0	32.0	33.0	34.0	35.0	36.0	37.0	38.0	39.0	40.0
Goy-CPnd_010-Ex1-6D-lcwgs-1-T.clmp.fp2_repr.R2	14.0	195.0	1095.0	4040.0	10438.0	20943.0	34882.0	51660.0	70229.0	89246.0	110425.0	136231.0	166877.0	208847.0	268868.0	364902.0	550148.0	999240.0	1720430.0
	25.0	26.0	27.0	28.0	29.0	30.0	31.0	32.0	33.0	34.0	35.0	36.0	37.0	38.0	39.0	40.0
Goy-CPnd_012-Ex1-1H-lcwgs-1-T.clmp.fp2_repr.R1	2.0	8.0	21.0	81.0	174.0	309.0	519.0	807.0	1289.0	1927.0	2490.0	3127.0	3488.0	3922.0	5130.0	5723.0
	24.0	25.0	26.0	27.0	28.0	29.0	30.0	31.0	32.0	33.0	34.0	35.0	36.0	37.0	38.0	39.0	40.0
Goy-CPnd_012-Ex1-1H-lcwgs-1-T.clmp.fp2_repr.R2	11.0	32.0	100.0	185.0	286.0	449.0	587.0	733.0	865.0	1072.0	1226.0	1632.0	1921.0	2594.0	3591.0	5704.0	8029.0
	25.0	26.0	27.0	28.0	29.0	30.0	31.0	32.0	33.0	34.0	35.0	36.0	37.0	38.0	39.0	40.0
Goy-CPnd_013-Ex1-7H-lcwgs-1-T.clmp.fp2_repr.R1	8.0	36.0	149.0	454.0	977.0	2058.0	3671.0	6154.0	9674.0	14903.0	21658.0	28620.0	34314.0	39561.0	57810.0	93600.0
	22.0	23.0	24.0	25.0	26.0	27.0	28.0	29.0	30.0	31.0	32.0	33.0	34.0	35.0	36.0	37.0	38.0	39.0	40.0
Goy-CPnd_013-Ex1-7H-lcwgs-1-T.clmp.fp2_repr.R2	3.0	7.0	74.0	242.0	645.0	1218.0	2105.0	3082.0	4256.0	5339.0	6675.0	8032.0	9877.0	12369.0	15870.0	21731.0	32342.0	60123.0	129657.0
	24.0	25.0	26.0	27.0	28.0	29.0	30.0	31.0	32.0	33.0	34.0	35.0	36.0	37.0	38.0	39.0	40.0
Goy-CPnd_014-Ex1-4H-lcwgs-1-T.clmp.fp2_repr.R1	1.0	4.0	44.0	178.0	502.0	1227.0	2523.0	4672.0	7861.0	12859.0	20067.0	29476.0	38850.0	45931.0	52073.0	71643.0	102937.0
	22.0	23.0	24.0	25.0	26.0	27.0	28.0	29.0	30.0	31.0	32.0	33.0	34.0	35.0	36.0	37.0	38.0	39.0	40.0
Goy-CPnd_014-Ex1-4H-lcwgs-1-T.clmp.fp2_repr.R2	1.0	15.0	102.0	336.0	891.0	1871.0	3000.0	4274.0	5770.0	7412.0	8990.0	11145.0	13557.0	16976.0	21847.0	29258.0	43489.0	78122.0	143792.0
	24.0	25.0	26.0	27.0	28.0	29.0	30.0	31.0	32.0	33.0	34.0	35.0	36.0	37.0	38.0	39.0	40.0
Goy-CPnd_015-Ex1-1E-lcwgs-1-T.clmp.fp2_repr.R1	3.0	43.0	222.0	1086.0	3554.0	9339.0	20305.0	39578.0	71224.0	122052.0	193706.0	283834.0	368266.0	421421.0	458047.0	586706.0	622372.0
	22.0	23.0	24.0	25.0	26.0	27.0	28.0	29.0	30.0	31.0	32.0	33.0	34.0	35.0	36.0	37.0	38.0	39.0	40.0
Goy-CPnd_015-Ex1-1E-lcwgs-1-T.clmp.fp2_repr.R2	15.0	198.0	1263.0	4493.0	11458.0	22909.0	36632.0	52724.0	68832.0	86914.0	103555.0	124894.0	148781.0	182218.0	227149.0	300424.0	425724.0	658429.0	745146.0
	24.0	25.0	26.0	27.0	28.0	29.0	30.0	31.0	32.0	33.0	34.0	35.0	36.0	37.0	38.0	39.0	40.0
Goy-CPnd_016-Ex1-7C-lcwgs-1-T.clmp.fp2_repr.R1	2.0	31.0	156.0	799.0	2419.0	6045.0	12632.0	23696.0	41314.0	68237.0	107820.0	158488.0	209333.0	247176.0	279151.0	386711.0	540349.0
	22.0	23.0	24.0	25.0	26.0	27.0	28.0	29.0	30.0	31.0	32.0	33.0	34.0	35.0	36.0	37.0	38.0	39.0	40.0
Goy-CPnd_016-Ex1-7C-lcwgs-1-T.clmp.fp2_repr.R2	7.0	82.0	535.0	1926.0	5050.0	10105.0	17056.0	24777.0	33151.0	42009.0	51718.0	62186.0	76653.0	94577.0	121646.0	163921.0	240586.0	416985.0	721389.0
	23.0	24.0	25.0	26.0	27.0	28.0	29.0	30.0	31.0	32.0	33.0	34.0	35.0	36.0	37.0	38.0	39.0	40.0
Goy-CPnd_017-Ex1-5H-lcwgs-1-T.clmp.fp2_repr.R1	1.0	1.0	12.0	43.0	189.0	532.0	1178.0	2210.0	3714.0	5793.0	8906.0	13218.0	18734.0	25349.0	31841.0	39792.0	65462.0	141692.0
	22.0	23.0	24.0	25.0	26.0	27.0	28.0	29.0	30.0	31.0	32.0	33.0	34.0	35.0	36.0	37.0	38.0	39.0	40.0
Goy-CPnd_017-Ex1-5H-lcwgs-1-T.clmp.fp2_repr.R2	1.0	3.0	39.0	140.0	384.0	822.0	1335.0	2041.0	2793.0	3849.0	4587.0	5950.0	7291.0	9357.0	12568.0	17738.0	27612.0	59525.0	202632.0
	24.0	25.0	26.0	27.0	28.0	29.0	30.0	31.0	32.0	33.0	34.0	35.0	36.0	37.0	38.0	39.0	40.0
Goy-CPnd_020-Ex1-5B-lcwgs-1-T.clmp.fp2_repr.R1	1.0	12.0	81.0	286.0	824.0	2032.0	3954.0	7205.0	11906.0	18984.0	29695.0	42741.0	57376.0	69557.0	81272.0	118878.0	210798.0
	23.0	24.0	25.0	26.0	27.0	28.0	29.0	30.0	31.0	32.0	33.0	34.0	35.0	36.0	37.0	38.0	39.0	40.0
Goy-CPnd_020-Ex1-5B-lcwgs-1-T.clmp.fp2_repr.R2	17.0	120.0	473.0	1275.0	2457.0	4242.0	6007.0	8214.0	10454.0	12960.0	15792.0	19420.0	24211.0	31028.0	42301.0	64326.0	120834.0	291471.0
	24.0	25.0	26.0	27.0	28.0	29.0	30.0	31.0	32.0	33.0	34.0	35.0	36.0	37.0	38.0	39.0	40.0
Goy-CPnd_025-Ex1-5D-lcwgs-1-T.clmp.fp2_repr.R1	7.0	44.0	229.0	939.0	2866.0	6975.0	14181.0	25993.0	44484.0	73259.0	114520.0	169285.0	224822.0	268349.0	307470.0	428908.0	669400.0
	22.0	23.0	24.0	25.0	26.0	27.0	28.0	29.0	30.0	31.0	32.0	33.0	34.0	35.0	36.0	37.0	38.0	39.0	40.0
Goy-CPnd_025-Ex1-5D-lcwgs-1-T.clmp.fp2_repr.R2	6.0	92.0	521.0	1893.0	4911.0	9826.0	16232.0	24220.0	32764.0	41691.0	51676.0	63245.0	77999.0	96866.0	124956.0	169382.0	252613.0	456114.0	926724.0
	24.0	25.0	26.0	27.0	28.0	29.0	30.0	31.0	32.0	33.0	34.0	35.0	36.0	37.0	38.0	39.0	40.0
Goy-CPnd_026-Ex1-2F-lcwgs-1-T.clmp.fp2_repr.R1	1.0	26.0	200.0	860.0	2906.0	7522.0	16404.0	31952.0	56752.0	96243.0	152561.0	224219.0	293866.0	339166.0	372767.0	488075.0	549579.0
	22.0	23.0	24.0	25.0	26.0	27.0	28.0	29.0	30.0	31.0	32.0	33.0	34.0	35.0	36.0	37.0	38.0	39.0	40.0
Goy-CPnd_026-Ex1-2F-lcwgs-1-T.clmp.fp2_repr.R2	10.0	141.0	810.0	3338.0	8327.0	16310.0	26948.0	38461.0	51634.0	63958.0	78103.0	93812.0	112662.0	139607.0	175146.0	232732.0	335091.0	540402.0	715607.0
	24.0	25.0	26.0	27.0	28.0	29.0	30.0	31.0	32.0	33.0	34.0	35.0	36.0	37.0	38.0	39.0	40.0
Goy-CPnd_027-Ex1-2H-lcwgs-1-T.clmp.fp2_repr.R1	2.0	55.0	267.0	1161.0	3864.0	9372.0	19656.0	37177.0	64035.0	106789.0	168369.0	247068.0	325844.0	384513.0	434193.0	594588.0	774385.0
	22.0	23.0	24.0	25.0	26.0	27.0	28.0	29.0	30.0	31.0	32.0	33.0	34.0	35.0	36.0	37.0	38.0	39.0	40.0
Goy-CPnd_027-Ex1-2H-lcwgs-1-T.clmp.fp2_repr.R2	11.0	129.0	891.0	3285.0	8352.0	16146.0	27017.0	39311.0	52435.0	65769.0	80126.0	97863.0	119055.0	146901.0	187586.0	251514.0	369007.0	635840.0	1070100.0
	24.0	25.0	26.0	27.0	28.0	29.0	30.0	31.0	32.0	33.0	34.0	35.0	36.0	37.0	38.0	39.0	40.0
Goy-CPnd_031-Ex1-1F-lcwgs-1-T.clmp.fp2_repr.R1	2.0	7.0	45.0	183.0	563.0	1568.0	3493.0	6849.0	12246.0	20897.0	32742.0	47704.0	62083.0	70762.0	76832.0	96203.0	95906.0
	22.0	23.0	24.0	25.0	26.0	27.0	28.0	29.0	30.0	31.0	32.0	33.0	34.0	35.0	36.0	37.0	38.0	39.0	40.0
Goy-CPnd_031-Ex1-1F-lcwgs-1-T.clmp.fp2_repr.R2	2.0	31.0	188.0	740.0	1896.0	3748.0	6162.0	8642.0	11581.0	14178.0	17320.0	21130.0	25280.0	30849.0	38869.0	50674.0	71237.0	109944.0	115614.0
	24.0	25.0	26.0	27.0	28.0	29.0	30.0	31.0	32.0	33.0	34.0	35.0	36.0	37.0	38.0	39.0	40.0
Goy-CPnd_032-Ex1-1D-lcwgs-1-T.clmp.fp2_repr.R1	1.0	5.0	26.0	106.0	416.0	990.0	2244.0	4057.0	7170.0	11911.0	18921.0	27265.0	35399.0	40807.0	44604.0	56874.0	60536.0
	23.0	24.0	25.0	26.0	27.0	28.0	29.0	30.0	31.0	32.0	33.0	34.0	35.0	36.0	37.0	38.0	39.0	40.0
Goy-CPnd_032-Ex1-1D-lcwgs-1-T.clmp.fp2_repr.R2	18.0	118.0	345.0	990.0	1861.0	3171.0	4656.0	6224.0	7960.0	9592.0	11568.0	14019.0	17272.0	21750.0	28928.0	41007.0	65242.0	76611.0
	23.0	24.0	25.0	26.0	27.0	28.0	29.0	30.0	31.0	32.0	33.0	34.0	35.0	36.0	37.0	38.0	39.0	40.0
Goy-CPnd_033-Ex1-2B-lcwgs-1-T.clmp.fp2_repr.R1	1.0	1.0	6.0	48.0	211.0	680.0	1538.0	2933.0	5305.0	8841.0	13928.0	21773.0	31656.0	41903.0	50293.0	59273.0	89055.0	140626.0
	22.0	23.0	24.0	25.0	26.0	27.0	28.0	29.0	30.0	31.0	32.0	33.0	34.0	35.0	36.0	37.0	38.0	39.0	40.0
Goy-CPnd_033-Ex1-2B-lcwgs-1-T.clmp.fp2_repr.R2	4.0	11.0	88.0	336.0	913.0	1758.0	2988.0	4446.0	6069.0	7431.0	9224.0	11376.0	14241.0	17675.0	22762.0	31087.0	46708.0	88518.0	202436.0
	24.0	25.0	26.0	27.0	28.0	29.0	30.0	31.0	32.0	33.0	34.0	35.0	36.0	37.0	38.0	39.0	40.0
Goy-CPnd_035-Ex1-3A-lcwgs-1-T.clmp.fp2_repr.R1	3.0	18.0	77.0	320.0	1046.0	2359.0	4702.0	8486.0	13738.0	21657.0	33295.0	48148.0	63549.0	76090.0	89025.0	130752.0	230011.0
	22.0	23.0	24.0	25.0	26.0	27.0	28.0	29.0	30.0	31.0	32.0	33.0	34.0	35.0	36.0	37.0	38.0	39.0	40.0
Goy-CPnd_035-Ex1-3A-lcwgs-1-T.clmp.fp2_repr.R2	2.0	24.0	168.0	525.0	1495.0	2775.0	4827.0	7130.0	9551.0	12159.0	15088.0	18242.0	22143.0	27909.0	35737.0	48462.0	72703.0	134947.0	309389.0
	24.0	25.0	26.0	27.0	28.0	29.0	30.0	31.0	32.0	33.0	34.0	35.0	36.0	37.0	38.0	39.0	40.0
Goy-CPnd_036-Ex1-7B-lcwgs-1-T.clmp.fp2_repr.R1	3.0	2.0	24.0	95.0	257.0	611.0	1272.0	2342.0	4006.0	6494.0	10134.0	14508.0	18530.0	21086.0	22675.0	29419.0	29405.0
	22.0	23.0	24.0	25.0	26.0	27.0	28.0	29.0	30.0	31.0	32.0	33.0	34.0	35.0	36.0	37.0	38.0	39.0	40.0
Goy-CPnd_036-Ex1-7B-lcwgs-1-T.clmp.fp2_repr.R2	1.0	14.0	59.0	261.0	661.0	1140.0	1943.0	2711.0	3579.0	4345.0	5204.0	6217.0	7428.0	8893.0	11527.0	15487.0	21698.0	33846.0	35849.0
	24.0	25.0	26.0	27.0	28.0	29.0	30.0	31.0	32.0	33.0	34.0	35.0	36.0	37.0	38.0	39.0	40.0
Goy-CPnd_037-Ex1-3H-lcwgs-1-T.clmp.fp2_repr.R1	1.0	34.0	172.0	799.0	2531.0	6479.0	13095.0	24434.0	42387.0	70319.0	110415.0	161741.0	214151.0	252477.0	285144.0	391952.0	568245.0
	22.0	23.0	24.0	25.0	26.0	27.0	28.0	29.0	30.0	31.0	32.0	33.0	34.0	35.0	36.0	37.0	38.0	39.0	40.0
Goy-CPnd_037-Ex1-3H-lcwgs-1-T.clmp.fp2_repr.R2	8.0	103.0	521.0	2084.0	5337.0	10547.0	17467.0	25102.0	33974.0	42962.0	52313.0	62957.0	76843.0	95580.0	121507.0	163984.0	241302.0	424571.0	767214.0
	24.0	25.0	26.0	27.0	28.0	29.0	30.0	31.0	32.0	33.0	34.0	35.0	36.0	37.0	38.0	39.0	40.0
Goy-CPnd_038-Ex1-6F-lcwgs-1-T.clmp.fp2_repr.R1	3.0	42.0	251.0	997.0	3484.0	9040.0	20282.0	39725.0	71825.0	121943.0	194093.0	285975.0	371964.0	426236.0	461948.0	587862.0	634159.0
	22.0	23.0	24.0	25.0	26.0	27.0	28.0	29.0	30.0	31.0	32.0	33.0	34.0	35.0	36.0	37.0	38.0	39.0	40.0
Goy-CPnd_038-Ex1-6F-lcwgs-1-T.clmp.fp2_repr.R2	16.0	192.0	1158.0	4320.0	10997.0	22020.0	35819.0	51794.0	68151.0	86115.0	103561.0	124384.0	148772.0	183406.0	230070.0	302217.0	429410.0	666566.0	760861.0
	24.0	25.0	26.0	27.0	28.0	29.0	30.0	31.0	32.0	33.0	34.0	35.0	36.0	37.0	38.0	39.0	40.0
Goy-CPnd_039-Ex1-8A-lcwgs-1-T.clmp.fp2_repr.R1	4.0	21.0	153.0	691.0	2223.0	5799.0	13330.0	26287.0	48202.0	82236.0	130348.0	190975.0	247099.0	279520.0	300594.0	380945.0	366627.0
	22.0	23.0	24.0	25.0	26.0	27.0	28.0	29.0	30.0	31.0	32.0	33.0	34.0	35.0	36.0	37.0	38.0	39.0	40.0
Goy-CPnd_039-Ex1-8A-lcwgs-1-T.clmp.fp2_repr.R2	10.0	125.0	801.0	2974.0	7625.0	15141.0	25039.0	36409.0	47504.0	59145.0	71048.0	85453.0	102105.0	124234.0	155618.0	203487.0	284475.0	426247.0	427614.0
	24.0	25.0	26.0	27.0	28.0	29.0	30.0	31.0	32.0	33.0	34.0	35.0	36.0	37.0	38.0	39.0	40.0
Goy-CPnd_040-Ex1-7A-lcwgs-1-T.clmp.fp2_repr.R1	1.0	3.0	42.0	162.0	440.0	1032.0	1909.0	3212.0	5103.0	7592.0	11204.0	15952.0	20615.0	25097.0	30494.0	47677.0	89096.0
	22.0	23.0	24.0	25.0	26.0	27.0	28.0	29.0	30.0	31.0	32.0	33.0	34.0	35.0	36.0	37.0	38.0	39.0	40.0
Goy-CPnd_040-Ex1-7A-lcwgs-1-T.clmp.fp2_repr.R2	2.0	5.0	48.0	153.0	412.0	886.0	1411.0	2099.0	2844.0	3839.0	4740.0	5859.0	7220.0	9098.0	11692.0	16059.0	24010.0	47070.0	122184.0
	24.0	25.0	26.0	27.0	28.0	29.0	30.0	31.0	32.0	33.0	34.0	35.0	36.0	37.0	38.0	39.0	40.0
Goy-CPnd_041-Ex1-3C-lcwgs-1-T.clmp.fp2_repr.R1	5.0	45.0	396.0	1697.0	5832.0	15509.0	33628.0	66220.0	119066.0	202509.0	322682.0	476374.0	620449.0	713921.0	779106.0	1001479.0	1107925.0
	22.0	23.0	24.0	25.0	26.0	27.0	28.0	29.0	30.0	31.0	32.0	33.0	34.0	35.0	36.0	37.0	38.0	39.0	40.0
Goy-CPnd_041-Ex1-3C-lcwgs-1-T.clmp.fp2_repr.R2	23.0	301.0	1901.0	7164.0	18642.0	36921.0	60327.0	86126.0	113553.0	141769.0	171571.0	205117.0	247377.0	301890.0	380152.0	500657.0	714601.0	1125422.0	1353329.0
	24.0	25.0	26.0	27.0	28.0	29.0	30.0	31.0	32.0	33.0	34.0	35.0	36.0	37.0	38.0	39.0	40.0
Goy-CPnd_042-Ex1-3B-lcwgs-1-T.clmp.fp2_repr.R1	5.0	30.0	177.0	769.0	2300.0	5756.0	12040.0	22813.0	39636.0	65526.0	103406.0	151271.0	200261.0	236567.0	266777.0	363151.0	527301.0
	22.0	23.0	24.0	25.0	26.0	27.0	28.0	29.0	30.0	31.0	32.0	33.0	34.0	35.0	36.0	37.0	38.0	39.0	40.0
Goy-CPnd_042-Ex1-3B-lcwgs-1-T.clmp.fp2_repr.R2	2.0	75.0	498.0	1957.0	4789.0	9854.0	16516.0	23645.0	31605.0	39971.0	48679.0	59012.0	71986.0	89287.0	113650.0	152812.0	225189.0	395228.0	713031.0
	24.0	25.0	26.0	27.0	28.0	29.0	30.0	31.0	32.0	33.0	34.0	35.0	36.0	37.0	38.0	39.0	40.0
Goy-CPnd_044-Ex1-4E-lcwgs-1-T.clmp.fp2_repr.R1	3.0	3.0	20.0	55.0	189.0	392.0	812.0	1272.0	2059.0	3133.0	4345.0	5772.0	7402.0	8442.0	9628.0	12917.0	17878.0
	22.0	23.0	24.0	25.0	26.0	27.0	28.0	29.0	30.0	31.0	32.0	33.0	34.0	35.0	36.0	37.0	38.0	39.0	40.0
Goy-CPnd_044-Ex1-4E-lcwgs-1-T.clmp.fp2_repr.R2	1.0	5.0	26.0	103.0	231.0	476.0	762.0	1070.0	1347.0	1545.0	1949.0	2270.0	2838.0	3435.0	4295.0	5634.0	8206.0	14114.0	26015.0
	24.0	25.0	26.0	27.0	28.0	29.0	30.0	31.0	32.0	33.0	34.0	35.0	36.0	37.0	38.0	39.0	40.0
Goy-CPnd_047-Ex1-6E-lcwgs-1-T.clmp.fp2_repr.R1	3.0	24.0	153.0	704.0	2496.0	6416.0	14501.0	28532.0	51287.0	87507.0	140074.0	202962.0	262390.0	297978.0	320499.0	400506.0	386974.0
	22.0	23.0	24.0	25.0	26.0	27.0	28.0	29.0	30.0	31.0	32.0	33.0	34.0	35.0	36.0	37.0	38.0	39.0	40.0
Goy-CPnd_047-Ex1-6E-lcwgs-1-T.clmp.fp2_repr.R2	7.0	178.0	886.0	3313.0	8520.0	16799.0	27579.0	39174.0	51998.0	64374.0	77107.0	92337.0	110580.0	134166.0	167500.0	217740.0	302223.0	447299.0	441226.0
	24.0	25.0	26.0	27.0	28.0	29.0	30.0	31.0	32.0	33.0	34.0	35.0	36.0	37.0	38.0	39.0	40.0
Goy-CPnd_048-Ex1-8B-lcwgs-1-T.clmp.fp2_repr.R1	1.0	15.0	73.0	349.0	1194.0	2960.0	6088.0	11278.0	19478.0	32369.0	50553.0	74526.0	98590.0	115421.0	128777.0	173977.0	241716.0
	22.0	23.0	24.0	25.0	26.0	27.0	28.0	29.0	30.0	31.0	32.0	33.0	34.0	35.0	36.0	37.0	38.0	39.0	40.0
Goy-CPnd_048-Ex1-8B-lcwgs-1-T.clmp.fp2_repr.R2	3.0	39.0	249.0	980.0	2496.0	4868.0	8061.0	11795.0	15443.0	19428.0	23724.0	28599.0	34950.0	43461.0	55211.0	73986.0	109537.0	191866.0	332669.0
	24.0	25.0	26.0	27.0	28.0	29.0	30.0	31.0	32.0	33.0	34.0	35.0	36.0	37.0	38.0	39.0	40.0
Goy-CPnd_049-Ex1-8C-lcwgs-1-T.clmp.fp2_repr.R1	2.0	9.0	43.0	158.0	545.0	1197.0	2457.0	4440.0	7249.0	11839.0	18247.0	26489.0	35099.0	42382.0	49027.0	70408.0	119856.0
	22.0	23.0	24.0	25.0	26.0	27.0	28.0	29.0	30.0	31.0	32.0	33.0	34.0	35.0	36.0	37.0	38.0	39.0	40.0
Goy-CPnd_049-Ex1-8C-lcwgs-1-T.clmp.fp2_repr.R2	1.0	15.0	81.0	312.0	723.0	1594.0	2581.0	3764.0	5114.0	6484.0	8112.0	9727.0	12082.0	14920.0	19534.0	26513.0	39713.0	73639.0	164538.0
	25.0	26.0	27.0	28.0	29.0	30.0	31.0	32.0	33.0	34.0	35.0	36.0	37.0	38.0	39.0	40.0
Goy-CPnd_050-Ex1-8F-lcwgs-1-T.clmp.fp2_repr.R1	4.0	23.0	148.0	413.0	971.0	2031.0	3656.0	6383.0	10299.0	15889.0	23205.0	30453.0	36050.0	40731.0	56163.0	83080.0
	22.0	23.0	24.0	25.0	26.0	27.0	28.0	29.0	30.0	31.0	32.0	33.0	34.0	35.0	36.0	37.0	38.0	39.0	40.0
Goy-CPnd_050-Ex1-8F-lcwgs-1-T.clmp.fp2_repr.R2	1.0	11.0	77.0	262.0	688.0	1414.0	2394.0	3563.0	4607.0	5818.0	7317.0	8995.0	10875.0	13257.0	17323.0	23158.0	34450.0	60813.0	114476.0
	23.0	24.0	25.0	26.0	27.0	28.0	29.0	30.0	31.0	32.0	33.0	34.0	35.0	36.0	37.0	38.0	39.0	40.0
Goy-CPnd_052-Ex1-3D-lcwgs-1-T.clmp.fp2_repr.R1	1.0	6.0	42.0	220.0	946.0	3005.0	7754.0	16624.0	31478.0	55655.0	92695.0	147662.0	217009.0	285327.0	333689.0	371871.0	495960.0	642744.0
	21.0	22.0	23.0	24.0	25.0	26.0	27.0	28.0	29.0	30.0	31.0	32.0	33.0	34.0	35.0	36.0	37.0	38.0	39.0	40.0
Goy-CPnd_052-Ex1-3D-lcwgs-1-T.clmp.fp2_repr.R2	1.0	5.0	117.0	760.0	2921.0	7294.0	14469.0	24163.0	35399.0	46895.0	59491.0	72632.0	88487.0	106553.0	131636.0	167929.0	223517.0	325501.0	547020.0	847898.0
	25.0	26.0	27.0	28.0	29.0	30.0	31.0	32.0	33.0	34.0	35.0	36.0	37.0	38.0	39.0	40.0
Goy-CPnd_053-Ex1-2E-lcwgs-1-T.clmp.fp2_repr.R1	32.0	238.0	1072.0	3241.0	7986.0	16645.0	31008.0	53590.0	87374.0	137124.0	201383.0	266329.0	313842.0	353590.0	487181.0	650783.0
	22.0	23.0	24.0	25.0	26.0	27.0	28.0	29.0	30.0	31.0	32.0	33.0	34.0	35.0	36.0	37.0	38.0	39.0	40.0
Goy-CPnd_053-Ex1-2E-lcwgs-1-T.clmp.fp2_repr.R2	10.0	103.0	704.0	2568.0	6542.0	13047.0	21606.0	31457.0	41791.0	52497.0	64078.0	77898.0	95432.0	117974.0	150137.0	202041.0	297244.0	521080.0	915209.0
	25.0	26.0	27.0	28.0	29.0	30.0	31.0	32.0	33.0	34.0	35.0	36.0	37.0	38.0	39.0	40.0
Goy-CPnd_054-Ex1-1B-lcwgs-1-T.clmp.fp2_repr.R1	3.0	22.0	80.0	225.0	624.0	1254.0	2383.0	3964.0	6496.0	10256.0	14783.0	19498.0	22690.0	25310.0	33598.0	43471.0
	22.0	23.0	24.0	25.0	26.0	27.0	28.0	29.0	30.0	31.0	32.0	33.0	34.0	35.0	36.0	37.0	38.0	39.0	40.0
Goy-CPnd_054-Ex1-1B-lcwgs-1-T.clmp.fp2_repr.R2	2.0	7.0	46.0	174.0	521.0	989.0	1663.0	2460.0	3240.0	4014.0	5045.0	6061.0	7208.0	9056.0	11445.0	15110.0	22069.0	37785.0	57762.0
	24.0	25.0	26.0	27.0	28.0	29.0	30.0	31.0	32.0	33.0	34.0	35.0	36.0	37.0	38.0	39.0	40.0
Goy-CPnd_056-Ex1-3G-lcwgs-1-T.clmp.fp2_repr.R1	5.0	39.0	262.0	1261.0	4278.0	11219.0	25193.0	49996.0	91383.0	156629.0	250505.0	366670.0	471477.0	536983.0	578331.0	729569.0	714722.0
	22.0	23.0	24.0	25.0	26.0	27.0	28.0	29.0	30.0	31.0	32.0	33.0	34.0	35.0	36.0	37.0	38.0	39.0	40.0
Goy-CPnd_056-Ex1-3G-lcwgs-1-T.clmp.fp2_repr.R2	21.0	224.0	1625.0	5921.0	15001.0	29891.0	48526.0	70332.0	92579.0	114849.0	138124.0	164660.0	197539.0	240395.0	299620.0	391844.0	546754.0	812569.0	818048.0
	24.0	25.0	26.0	27.0	28.0	29.0	30.0	31.0	32.0	33.0	34.0	35.0	36.0	37.0	38.0	39.0	40.0
Goy-CPnd_057-Ex1-4F-lcwgs-1-T.clmp.fp2_repr.R1	7.0	29.0	257.0	1164.0	3971.0	10419.0	22788.0	44292.0	80516.0	136475.0	218865.0	320902.0	418560.0	482035.0	525682.0	677657.0	771298.0
	22.0	23.0	24.0	25.0	26.0	27.0	28.0	29.0	30.0	31.0	32.0	33.0	34.0	35.0	36.0	37.0	38.0	39.0	40.0
Goy-CPnd_057-Ex1-4F-lcwgs-1-T.clmp.fp2_repr.R2	19.0	206.0	1261.0	4600.0	11994.0	23915.0	39323.0	57023.0	74736.0	93814.0	114081.0	136438.0	165098.0	202226.0	254003.0	335395.0	478304.0	762078.0	960403.0
	25.0	26.0	27.0	28.0	29.0	30.0	31.0	32.0	33.0	34.0	35.0	36.0	37.0	38.0	39.0	40.0
Goy-CPnd_058-Ex1-1G-lcwgs-1-T.clmp.fp2_repr.R1	1.0	13.0	36.0	106.0	316.0	542.0	1037.0	1813.0	2873.0	4412.0	6262.0	8220.0	9062.0	9794.0	12177.0	12237.0
	23.0	24.0	25.0	26.0	27.0	28.0	29.0	30.0	31.0	32.0	33.0	34.0	35.0	36.0	37.0	38.0	39.0	40.0
Goy-CPnd_058-Ex1-1G-lcwgs-1-T.clmp.fp2_repr.R2	5.0	26.0	91.0	272.0	503.0	813.0	1188.0	1519.0	1980.0	2307.0	2711.0	3517.0	4099.0	5213.0	6791.0	9238.0	13628.0	15000.0
	24.0	25.0	26.0	27.0	28.0	29.0	30.0	31.0	32.0	33.0	34.0	35.0	36.0	37.0	38.0	39.0	40.0
Goy-CPnd_059-Ex1-8G-lcwgs-1-T.clmp.fp2_repr.R1	1.0	13.0	102.0	430.0	1346.0	3337.0	7013.0	12977.0	22298.0	36019.0	56544.0	82215.0	108153.0	127515.0	143458.0	198575.0	287904.0
	22.0	23.0	24.0	25.0	26.0	27.0	28.0	29.0	30.0	31.0	32.0	33.0	34.0	35.0	36.0	37.0	38.0	39.0	40.0
Goy-CPnd_059-Ex1-8G-lcwgs-1-T.clmp.fp2_repr.R2	2.0	53.0	283.0	991.0	2678.0	5270.0	8609.0	12690.0	17008.0	21850.0	26255.0	32130.0	39331.0	48752.0	62445.0	83333.0	122271.0	213351.0	390598.0
	24.0	25.0	26.0	27.0	28.0	29.0	30.0	31.0	32.0	33.0	34.0	35.0	36.0	37.0	38.0	39.0	40.0
Goy-CPnd_060-Ex1-7D-lcwgs-1-T.clmp.fp2_repr.R1	3.0	38.0	239.0	1027.0	3127.0	7580.0	15774.0	29274.0	50582.0	83190.0	130249.0	191466.0	253872.0	302641.0	346919.0	490977.0	742057.0
	22.0	23.0	24.0	25.0	26.0	27.0	28.0	29.0	30.0	31.0	32.0	33.0	34.0	35.0	36.0	37.0	38.0	39.0	40.0
Goy-CPnd_060-Ex1-7D-lcwgs-1-T.clmp.fp2_repr.R2	9.0	92.0	615.0	2119.0	5655.0	11277.0	19030.0	28212.0	38011.0	48674.0	60349.0	73310.0	90131.0	111806.0	144724.0	195697.0	290904.0	519678.0	1008722.0
	23.0	24.0	25.0	26.0	27.0	28.0	29.0	30.0	31.0	32.0	33.0	34.0	35.0	36.0	37.0	38.0	39.0	40.0
Goy-CPnd_061-Ex1-7E-lcwgs-1-T.clmp.fp2_repr.R1	2.0	9.0	48.0	337.0	1364.0	4399.0	10648.0	22250.0	40837.0	69856.0	115268.0	179785.0	264368.0	349477.0	414151.0	471704.0	663486.0	980731.0
	22.0	23.0	24.0	25.0	26.0	27.0	28.0	29.0	30.0	31.0	32.0	33.0	34.0	35.0	36.0	37.0	38.0	39.0	40.0
Goy-CPnd_061-Ex1-7E-lcwgs-1-T.clmp.fp2_repr.R2	11.0	139.0	870.0	3186.0	8201.0	16721.0	27357.0	39860.0	53137.0	67594.0	83264.0	100946.0	122745.0	154278.0	196683.0	264748.0	393947.0	704895.0	1350138.0
	24.0	25.0	26.0	27.0	28.0	29.0	30.0	31.0	32.0	33.0	34.0	35.0	36.0	37.0	38.0	39.0	40.0
Goy-CPnd_062-Ex1-3F-lcwgs-1-T.clmp.fp2_repr.R1	1.0	38.0	206.0	969.0	3118.0	8224.0	17347.0	33700.0	59598.0	100444.0	158722.0	231979.0	303734.0	352053.0	388631.0	512094.0	642643.0
	22.0	23.0	24.0	25.0	26.0	27.0	28.0	29.0	30.0	31.0	32.0	33.0	34.0	35.0	36.0	37.0	38.0	39.0	40.0
Goy-CPnd_062-Ex1-3F-lcwgs-1-T.clmp.fp2_repr.R2	10.0	138.0	854.0	3127.0	8370.0	16305.0	27378.0	39217.0	51586.0	64946.0	79411.0	95010.0	114647.0	141180.0	179705.0	238422.0	345112.0	570172.0	837911.0
	24.0	25.0	26.0	27.0	28.0	29.0	30.0	31.0	32.0	33.0	34.0	35.0	36.0	37.0	38.0	39.0	40.0
Goy-CPnd_063-Ex1-2G-lcwgs-1-T.clmp.fp2_repr.R1	1.0	54.0	319.0	1287.0	4481.0	11325.0	24701.0	46897.0	84932.0	142801.0	228090.0	332165.0	434763.0	501259.0	551994.0	725473.0	805947.0
	22.0	23.0	24.0	25.0	26.0	27.0	28.0	29.0	30.0	31.0	32.0	33.0	34.0	35.0	36.0	37.0	38.0	39.0	40.0
Goy-CPnd_063-Ex1-2G-lcwgs-1-T.clmp.fp2_repr.R2	12.0	212.0	1187.0	4660.0	11918.0	23558.0	39570.0	57260.0	76059.0	95043.0	116164.0	140241.0	169605.0	208856.0	264277.0	350595.0	499064.0	797713.0	1040495.0
	24.0	25.0	26.0	27.0	28.0	29.0	30.0	31.0	32.0	33.0	34.0	35.0	36.0	37.0	38.0	39.0	40.0
Goy-CPnd_064-Ex1-8D-lcwgs-1-T.clmp.fp2_repr.R1	5.0	32.0	264.0	1130.0	3583.0	9006.0	18937.0	36040.0	62603.0	103133.0	163535.0	238788.0	314317.0	371637.0	415396.0	558124.0	764910.0
	22.0	23.0	24.0	25.0	26.0	27.0	28.0	29.0	30.0	31.0	32.0	33.0	34.0	35.0	36.0	37.0	38.0	39.0	40.0
Goy-CPnd_064-Ex1-8D-lcwgs-1-T.clmp.fp2_repr.R2	10.0	132.0	771.0	2935.0	7219.0	14718.0	24186.0	35798.0	48243.0	60686.0	74604.0	91396.0	111001.0	138107.0	176386.0	237373.0	352187.0	620365.0	1065323.0
	24.0	25.0	26.0	27.0	28.0	29.0	30.0	31.0	32.0	33.0	34.0	35.0	36.0	37.0	38.0	39.0	40.0
Goy-CPnd_068-Ex1-2A-lcwgs-1-T.clmp.fp2_repr.R1	2.0	44.0	267.0	1242.0	3832.0	10010.0	21352.0	41397.0	73792.0	123374.0	197023.0	290529.0	381134.0	441382.0	486556.0	642928.0	743752.0
	22.0	23.0	24.0	25.0	26.0	27.0	28.0	29.0	30.0	31.0	32.0	33.0	34.0	35.0	36.0	37.0	38.0	39.0	40.0
Goy-CPnd_068-Ex1-2A-lcwgs-1-T.clmp.fp2_repr.R2	9.0	180.0	1004.0	3836.0	9922.0	20094.0	32974.0	48393.0	64718.0	80990.0	99550.0	119688.0	146293.0	179811.0	227791.0	302980.0	436655.0	715124.0	968604.0
	23.0	24.0	25.0	26.0	27.0	28.0	29.0	30.0	31.0	32.0	33.0	34.0	35.0	36.0	37.0	38.0	39.0	40.0
Goy-CPnd_070-Ex1-1A-lcwgs-1-T.clmp.fp2_repr.R1	1.0	7.0	45.0	251.0	1201.0	4245.0	11336.0	25983.0	51634.0	94375.0	162888.0	260857.0	383214.0	496269.0	564307.0	609626.0	769075.0	752432.0
	22.0	23.0	24.0	25.0	26.0	27.0	28.0	29.0	30.0	31.0	32.0	33.0	34.0	35.0	36.0	37.0	38.0	39.0	40.0
Goy-CPnd_070-Ex1-1A-lcwgs-1-T.clmp.fp2_repr.R2	18.0	271.0	1548.0	5922.0	15720.0	31151.0	50451.0	72856.0	96491.0	120948.0	146663.0	175425.0	210106.0	255500.0	319463.0	417945.0	582178.0	859357.0	825733.0
	25.0	26.0	27.0	28.0	29.0	30.0	31.0	32.0	33.0	34.0	35.0	36.0	37.0	38.0	39.0	40.0
Goy-CPnd_071-Ex1-3E-lcwgs-1-T.clmp.fp2_repr.R1	29.0	233.0	976.0	3204.0	7860.0	17141.0	32127.0	55876.0	93605.0	147200.0	215739.0	283171.0	329081.0	366674.0	489753.0	643366.0
	22.0	23.0	24.0	25.0	26.0	27.0	28.0	29.0	30.0	31.0	32.0	33.0	34.0	35.0	36.0	37.0	38.0	39.0	40.0
Goy-CPnd_071-Ex1-3E-lcwgs-1-T.clmp.fp2_repr.R2	11.0	135.0	842.0	2971.0	7681.0	15348.0	25025.0	35829.0	47910.0	59534.0	72847.0	87116.0	105729.0	129987.0	165248.0	219337.0	319576.0	537671.0	853238.0
	25.0	26.0	27.0	28.0	29.0	30.0	31.0	32.0	33.0	34.0	35.0	36.0	37.0	38.0	39.0	40.0
Goy-CPnd_072-Ex1-4D-lcwgs-1-T.clmp.fp2_repr.R1	28.0	134.0	592.0	1864.0	4723.0	10076.0	18917.0	32737.0	54844.0	86924.0	128009.0	169369.0	198172.0	223513.0	301914.0	414598.0
	22.0	23.0	24.0	25.0	26.0	27.0	28.0	29.0	30.0	31.0	32.0	33.0	34.0	35.0	36.0	37.0	38.0	39.0	40.0
Goy-CPnd_072-Ex1-4D-lcwgs-1-T.clmp.fp2_repr.R2	3.0	70.0	429.0	1569.0	4025.0	8074.0	13461.0	19368.0	25971.0	33003.0	40621.0	49258.0	60531.0	74881.0	95866.0	129632.0	190419.0	333215.0	566018.0
	24.0	25.0	26.0	27.0	28.0	29.0	30.0	31.0	32.0	33.0	34.0	35.0	36.0	37.0	38.0	39.0	40.0
Goy-CPnd_073-Ex1-4C-lcwgs-1-T.clmp.fp2_repr.R1	3.0	15.0	124.0	449.0	1376.0	3421.0	6809.0	12856.0	21610.0	35389.0	55400.0	81738.0	108241.0	129089.0	147043.0	207473.0	328341.0
	22.0	23.0	24.0	25.0	26.0	27.0	28.0	29.0	30.0	31.0	32.0	33.0	34.0	35.0	36.0	37.0	38.0	39.0	40.0
Goy-CPnd_073-Ex1-4C-lcwgs-1-T.clmp.fp2_repr.R2	1.0	40.0	262.0	922.0	2467.0	4988.0	8246.0	12059.0	16313.0	20559.0	25137.0	31121.0	38256.0	47422.0	61018.0	81704.0	122046.0	220647.0	446169.0
	24.0	25.0	26.0	27.0	28.0	29.0	30.0	31.0	32.0	33.0	34.0	35.0	36.0	37.0	38.0	39.0	40.0
Goy-CPnd_074-Ex1-1C-lcwgs-1-T.clmp.fp2_repr.R1	1.0	15.0	98.0	409.0	1282.0	3284.0	6989.0	13323.0	23324.0	39343.0	62183.0	91172.0	119495.0	139163.0	155727.0	207328.0	272694.0
	22.0	23.0	24.0	25.0	26.0	27.0	28.0	29.0	30.0	31.0	32.0	33.0	34.0	35.0	36.0	37.0	38.0	39.0	40.0
Goy-CPnd_074-Ex1-1C-lcwgs-1-T.clmp.fp2_repr.R2	4.0	67.0	352.0	1297.0	3338.0	6403.0	10568.0	15162.0	20391.0	25425.0	31464.0	37533.0	45361.0	56386.0	71397.0	95114.0	138973.0	231738.0	344857.0
	24.0	25.0	26.0	27.0	28.0	29.0	30.0	31.0	32.0	33.0	34.0	35.0	36.0	37.0	38.0	39.0	40.0
Goy-CPnd_084-Ex1-5E-lcwgs-1-T.clmp.fp2_repr.R1	6.0	73.0	459.0	1926.0	6345.0	16360.0	35481.0	67600.0	122074.0	204205.0	325053.0	477870.0	626995.0	722739.0	791976.0	1022057.0	1184818.0
	22.0	23.0	24.0	25.0	26.0	27.0	28.0	29.0	30.0	31.0	32.0	33.0	34.0	35.0	36.0	37.0	38.0	39.0	40.0
Goy-CPnd_084-Ex1-5E-lcwgs-1-T.clmp.fp2_repr.R2	25.0	342.0	1844.0	7136.0	17859.0	35355.0	57800.0	82336.0	108873.0	135993.0	163726.0	196625.0	238915.0	291045.0	368519.0	488270.0	705834.0	1160285.0	1545255.0
	24.0	25.0	26.0	27.0	28.0	29.0	30.0	31.0	32.0	33.0	34.0	35.0	36.0	37.0	38.0	39.0	40.0
Goy-CPnd_085-Ex1-6G-lcwgs-1-T.clmp.fp2_repr.R1	4.0	37.0	189.0	684.0	2077.0	5121.0	10658.0	20248.0	34328.0	57016.0	88902.0	130303.0	172014.0	202556.0	227870.0	313208.0	453753.0
	22.0	23.0	24.0	25.0	26.0	27.0	28.0	29.0	30.0	31.0	32.0	33.0	34.0	35.0	36.0	37.0	38.0	39.0	40.0
Goy-CPnd_085-Ex1-6G-lcwgs-1-T.clmp.fp2_repr.R2	3.0	72.0	397.0	1548.0	4104.0	8204.0	13649.0	20087.0	26822.0	34292.0	42581.0	51585.0	63143.0	78356.0	100134.0	133562.0	196565.0	338656.0	605208.0
	24.0	25.0	26.0	27.0	28.0	29.0	30.0	31.0	32.0	33.0	34.0	35.0	36.0	37.0	38.0	39.0	40.0
Goy-CPnd_086-Ex1-5F-lcwgs-1-T.clmp.fp2_repr.R1	3.0	11.0	39.0	228.0	655.0	1591.0	3218.0	6049.0	9870.0	16508.0	25597.0	37335.0	49619.0	58768.0	65973.0	90419.0	132739.0
	22.0	23.0	24.0	25.0	26.0	27.0	28.0	29.0	30.0	31.0	32.0	33.0	34.0	35.0	36.0	37.0	38.0	39.0	40.0
Goy-CPnd_086-Ex1-5F-lcwgs-1-T.clmp.fp2_repr.R2	1.0	24.0	109.0	443.0	1149.0	2288.0	3823.0	5647.0	7532.0	9595.0	11763.0	14353.0	17529.0	21482.0	27531.0	37353.0	54772.0	96989.0	186239.0
	24.0	25.0	26.0	27.0	28.0	29.0	30.0	31.0	32.0	33.0	34.0	35.0	36.0	37.0	38.0	39.0	40.0
Goy-CPnd_087-Ex1-6C-lcwgs-1-T.clmp.fp2_repr.R1	3.0	16.0	84.0	325.0	980.0	2351.0	4873.0	8837.0	14945.0	24858.0	38136.0	56067.0	74533.0	89228.0	102722.0	146794.0	242196.0
	22.0	23.0	24.0	25.0	26.0	27.0	28.0	29.0	30.0	31.0	32.0	33.0	34.0	35.0	36.0	37.0	38.0	39.0	40.0
Goy-CPnd_087-Ex1-6C-lcwgs-1-T.clmp.fp2_repr.R2	3.0	24.0	170.0	657.0	1675.0	3460.0	5643.0	8334.0	11325.0	14351.0	17885.0	21806.0	26717.0	32895.0	42729.0	57781.0	85776.0	155912.0	319805.0
	23.0	24.0	25.0	26.0	27.0	28.0	29.0	30.0	31.0	32.0	33.0	34.0	35.0	36.0	37.0	38.0	39.0	40.0
Goy-CPnd_088-Ex1-6H-lcwgs-1-T.clmp.fp2_repr.R1	1.0	4.0	48.0	223.0	1027.0	3099.0	7907.0	16684.0	31550.0	56415.0	94289.0	150586.0	221071.0	289899.0	339052.0	374530.0	497857.0	637699.0
	22.0	23.0	24.0	25.0	26.0	27.0	28.0	29.0	30.0	31.0	32.0	33.0	34.0	35.0	36.0	37.0	38.0	39.0	40.0
Goy-CPnd_088-Ex1-6H-lcwgs-1-T.clmp.fp2_repr.R2	12.0	128.0	758.0	2955.0	7717.0	15237.0	25252.0	36471.0	48437.0	61055.0	73889.0	89958.0	109000.0	134914.0	170515.0	228284.0	330930.0	556264.0	830165.0
	23.0	24.0	25.0	26.0	27.0	28.0	29.0	30.0	31.0	32.0	33.0	34.0	35.0	36.0	37.0	38.0	39.0	40.0
Goy-CPnd_089-Ex1-6B-lcwgs-1-T.clmp.fp2_repr.R1	1.0	4.0	9.0	43.0	184.0	579.0	1348.0	2708.0	4757.0	8041.0	12976.0	20049.0	28882.0	38548.0	46154.0	53505.0	76430.0	126621.0
	22.0	23.0	24.0	25.0	26.0	27.0	28.0	29.0	30.0	31.0	32.0	33.0	34.0	35.0	36.0	37.0	38.0	39.0	40.0
Goy-CPnd_089-Ex1-6B-lcwgs-1-T.clmp.fp2_repr.R2	2.0	9.0	71.0	327.0	852.0	1687.0	2874.0	4117.0	5653.0	7244.0	9059.0	11166.0	13226.0	16764.0	21777.0	29223.0	43404.0	80141.0	173243.0
	25.0	26.0	27.0	28.0	29.0	30.0	31.0	32.0	33.0	34.0	35.0	36.0	37.0	38.0	39.0	40.0
Goy-CPnd_090-Ex1-5G-lcwgs-1-T.clmp.fp2_repr.R1	8.0	66.0	302.0	905.0	2350.0	4981.0	9460.0	17191.0	28448.0	45027.0	65712.0	86333.0	99733.0	110260.0	144534.0	175980.0
	22.0	23.0	24.0	25.0	26.0	27.0	28.0	29.0	30.0	31.0	32.0	33.0	34.0	35.0	36.0	37.0	38.0	39.0	40.0
Goy-CPnd_090-Ex1-5G-lcwgs-1-T.clmp.fp2_repr.R2	2.0	31.0	241.0	936.0	2384.0	4680.0	7782.0	11261.0	14623.0	18845.0	22512.0	27302.0	33034.0	40634.0	51770.0	68404.0	98250.0	160964.0	227635.0
	24.0	25.0	26.0	27.0	28.0	29.0	30.0	31.0	32.0	33.0	34.0	35.0	36.0	37.0	38.0	39.0	40.0
Goy-CPnd_091-Ex1-4G-lcwgs-1-T.clmp.fp2_repr.R1	1.0	38.0	232.0	1028.0	3827.0	9803.0	22339.0	44542.0	80751.0	137413.0	220849.0	322637.0	416373.0	474251.0	511359.0	644297.0	625213.0
	22.0	23.0	24.0	25.0	26.0	27.0	28.0	29.0	30.0	31.0	32.0	33.0	34.0	35.0	36.0	37.0	38.0	39.0	40.0
Goy-CPnd_091-Ex1-4G-lcwgs-1-T.clmp.fp2_repr.R2	17.0	207.0	1368.0	5124.0	13334.0	25855.0	42818.0	61279.0	80455.0	100267.0	120713.0	144168.0	173295.0	211162.0	265500.0	345770.0	483709.0	717043.0	722869.0
	23.0	24.0	25.0	26.0	27.0	28.0	29.0	30.0	31.0	32.0	33.0	34.0	35.0	36.0	37.0	38.0	39.0	40.0
Goy-CPnd_092-Ex1-4A-lcwgs-1-T.clmp.fp2_repr.R1	1.0	2.0	17.0	120.0	484.0	1621.0	3687.0	7805.0	14831.0	25987.0	42716.0	66958.0	98628.0	128807.0	151069.0	170056.0	232726.0	327636.0
	21.0	22.0	23.0	24.0	25.0	26.0	27.0	28.0	29.0	30.0	31.0	32.0	33.0	34.0	35.0	36.0	37.0	38.0	39.0	40.0
Goy-CPnd_092-Ex1-4A-lcwgs-1-T.clmp.fp2_repr.R2	1.0	3.0	53.0	310.0	1234.0	3059.0	6364.0	10492.0	15282.0	20585.0	25990.0	32167.0	39002.0	47691.0	59538.0	75417.0	100734.0	147583.0	253856.0	433790.0
	24.0	25.0	26.0	27.0	28.0	29.0	30.0	31.0	32.0	33.0	34.0	35.0	36.0	37.0	38.0	39.0	40.0
Goy-CPnd_095-Ex1-5A-lcwgs-1-T.clmp.fp2_repr.R1	2.0	29.0	129.0	573.0	1865.0	4407.0	9053.0	16704.0	28444.0	47301.0	73426.0	108139.0	142833.0	169092.0	192822.0	267495.0	396972.0
	22.0	23.0	24.0	25.0	26.0	27.0	28.0	29.0	30.0	31.0	32.0	33.0	34.0	35.0	36.0	37.0	38.0	39.0	40.0
Goy-CPnd_095-Ex1-5A-lcwgs-1-T.clmp.fp2_repr.R2	2.0	57.0	326.0	1143.0	3249.0	6305.0	10791.0	15725.0	21416.0	27456.0	33483.0	41437.0	51094.0	62993.0	81146.0	108956.0	161853.0	287826.0	544028.0

