Sample	FastQC_mqc-generalstats-fastqc-percent_duplicates	FastQC_mqc-generalstats-fastqc-percent_gc	FastQC_mqc-generalstats-fastqc-avg_sequence_length	FastQC_mqc-generalstats-fastqc-percent_fails	FastQC_mqc-generalstats-fastqc-total_sequences
GotPopAL11_CKDL230018273-1A_H5YMHDSX7_L3_clmp.fp2_repr.R1	2.7849587425072713	41.0	143.19052716572682	0.0	764143.0
GotPopAL11_CKDL230018273-1A_H5YMHDSX7_L3_clmp.fp2_repr.R2	3.1536435871784647	41.0	143.029470923636	0.0	764143.0
GotPopAL12_CKDL230018273-1A_H5YMHDSX7_L3_clmp.fp2_repr.R1	3.3098872720484422	40.0	142.43741390391307	0.0	3440197.0
GotPopAL12_CKDL230018273-1A_H5YMHDSX7_L3_clmp.fp2_repr.R2	3.9348160592165726	40.0	142.33435032935614	0.0	3440197.0
GotPopAL13_CKDL230018273-1A_H5YMHDSX7_L3_clmp.fp2_repr.R1	3.1546419771858467	41.0	145.50434048493693	0.0	7249190.0
GotPopAL13_CKDL230018273-1A_H5YMHDSX7_L3_clmp.fp2_repr.R2	3.577780770965319	41.0	145.29412913718636	0.0	7249190.0
GotPopAL14_CKDL230018273-1A_H5YMHDSX7_L3_clmp.fp2_repr.R1	2.98778478652369	41.0	143.4895148714883	9.090909090909092	4165185.0
GotPopAL14_CKDL230018273-1A_H5YMHDSX7_L3_clmp.fp2_repr.R2	3.558662316675594	41.0	143.3246931408809	9.090909090909092	4165185.0
GotPopAL15_CKDL230018273-1A_H5YMHDSX7_L3_clmp.fp2_repr.R1	3.1939911758651363	41.0	141.1537734602314	0.0	2708946.0
GotPopAL15_CKDL230018273-1A_H5YMHDSX7_L3_clmp.fp2_repr.R2	3.7096284034868177	41.0	141.0315739036511	0.0	2708946.0
GotPopAL16_CKDL230018273-1A_H5YMHDSX7_L3_clmp.fp2_repr.R1	2.9670664602064107	41.0	145.20517391923642	0.0	5665647.0
GotPopAL16_CKDL230018273-1A_H5YMHDSX7_L3_clmp.fp2_repr.R2	3.43590473896532	41.0	145.03283826189664	0.0	5665647.0
GotPopAL17_CKDL230018273-1A_H5YMHDSX7_L3_clmp.fp2_repr.R1	3.2357703618771296	41.0	145.671987700385	0.0	7341368.0
GotPopAL17_CKDL230018273-1A_H5YMHDSX7_L3_clmp.fp2_repr.R2	3.7530951974566307	41.0	145.47359374982975	0.0	7341368.0
GotPopAL18_CKDL230018273-1A_H5YMHDSX7_L3_clmp.fp2_repr.R1	3.8098748910764755	41.0	146.0531166024477	0.0	2144226.0
GotPopAL18_CKDL230018273-1A_H5YMHDSX7_L3_clmp.fp2_repr.R2	4.751979531878092	41.0	145.8968219767879	0.0	2144226.0
GotPopAL19_CKDL230018273-1A_H5YMHDSX7_L3_clmp.fp2_repr.R1	6.827818224868963	41.0	147.14709187441235	0.0	67909550.0
GotPopAL19_CKDL230018273-1A_H5YMHDSX7_L3_clmp.fp2_repr.R2	8.68519488217757	41.0	146.85878492789305	0.0	67909550.0
GotPopAL1_CKDL230018273-1A_H5YMHDSX7_L3_clmp.fp2_repr.R1	2.9267345419696937	41.0	143.4381058847135	0.0	4709745.0
GotPopAL1_CKDL230018273-1A_H5YMHDSX7_L3_clmp.fp2_repr.R2	3.425961648980973	41.0	143.23509531832403	0.0	4709745.0
GotPopAL20_CKDL230018273-1A_H5YMHDSX7_L3_clmp.fp2_repr.R1	3.532196326939541	41.0	144.13142986458837	0.0	3566016.0
GotPopAL20_CKDL230018273-1A_H5YMHDSX7_L3_clmp.fp2_repr.R2	4.489797869050534	41.0	143.9373039829322	0.0	3566016.0
GotPopAL21_CKDL230018273-1A_H5YMHDSX7_L3_clmp.fp2_repr.R1	3.2905113884598336	41.0	143.95297551531476	0.0	4751950.0
GotPopAL21_CKDL230018273-1A_H5YMHDSX7_L3_clmp.fp2_repr.R2	3.795667041480442	41.0	143.69438420017045	0.0	4751950.0
GotPopAL22_CKDL230018273-1A_H5YMHDSX7_L3_clmp.fp2_repr.R1	2.9933564688773515	41.0	144.04761454498757	0.0	5108124.0
GotPopAL22_CKDL230018273-1A_H5YMHDSX7_L3_clmp.fp2_repr.R2	3.4445472219485396	41.0	143.86385138653642	0.0	5108124.0
GotPopAL23_CKDL230018273-1A_H5YMHDSX7_L3_clmp.fp2_repr.R1	2.853374841306888	41.0	143.5742855961311	0.0	4376831.0
GotPopAL23_CKDL230018273-1A_H5YMHDSX7_L3_clmp.fp2_repr.R2	3.2218548610451023	41.0	143.24604377002447	0.0	4376831.0
GotPopAL24_CKDL230018273-1A_H5YMHDSX7_L3_clmp.fp2_repr.R1	2.9659623916583655	41.0	143.7172032276446	0.0	4131062.0
GotPopAL24_CKDL230018273-1A_H5YMHDSX7_L3_clmp.fp2_repr.R2	3.362225134102033	41.0	143.5398936157337	0.0	4131062.0
GotPopAL25_CKDL230018273-1A_H5YMHDSX7_L3_clmp.fp2_repr.R1	2.3795733572870716	40.0	136.74616782689208	0.0	583220.0
GotPopAL25_CKDL230018273-1A_H5YMHDSX7_L3_clmp.fp2_repr.R2	2.591782073219889	40.0	136.57720585713795	0.0	583220.0
GotPopAL27_CKDL230018273-1A_H5YMHDSX7_L3_clmp.fp2_repr.R1	3.287959388303065	41.0	142.01873892862434	0.0	2848562.0
GotPopAL27_CKDL230018273-1A_H5YMHDSX7_L3_clmp.fp2_repr.R2	4.0631555568035935	41.0	141.88345382687825	0.0	2848562.0
GotPopAL28_CKDL230018273-1A_H5YMHDSX7_L3_clmp.fp2_repr.R1	3.5750795992746163	41.0	145.8064339111517	0.0	7296526.0
GotPopAL28_CKDL230018273-1A_H5YMHDSX7_L3_clmp.fp2_repr.R2	4.133312081263327	41.0	145.67187220329237	0.0	7296526.0
GotPopAL29_CKDL230018273-1A_H5YMHDSX7_L3_clmp.fp2_repr.R1	2.365753042012514	40.0	143.16923371280973	0.0	250872.0
GotPopAL29_CKDL230018273-1A_H5YMHDSX7_L3_clmp.fp2_repr.R2	2.4320517884465147	40.0	143.02054434133743	0.0	250872.0
GotPopAL30_CKDL230018273-1A_H5YMHDSX7_L3_clmp.fp2_repr.R1	2.915429998853469	40.0	136.66004975286643	0.0	1349068.0
GotPopAL30_CKDL230018273-1A_H5YMHDSX7_L3_clmp.fp2_repr.R2	3.3410031190133793	40.0	136.5939040878592	0.0	1349068.0
GotPopAL31_CKDL230018273-1A_H5YMHDSX7_L3_clmp.fp2_repr.R1	3.135875109994174	41.0	142.468984407448	0.0	3197424.0
GotPopAL31_CKDL230018273-1A_H5YMHDSX7_L3_clmp.fp2_repr.R2	3.763636159464795	41.0	142.31136189632653	0.0	3197424.0
GotPopAL34_CKDL230018273-1A_H5YMHDSX7_L3_clmp.fp2_repr.R1	3.3176045722827894	41.0	145.44247105978332	0.0	6512218.0
GotPopAL34_CKDL230018273-1A_H5YMHDSX7_L3_clmp.fp2_repr.R2	3.9719638109854287	41.0	145.31947701996464	0.0	6512218.0
GotPopAL36_CKDL230018273-1A_H5YMHDSX7_L3_clmp.fp2_repr.R1	3.3466285831421914	41.0	144.60322466283588	0.0	3791032.0
GotPopAL36_CKDL230018273-1A_H5YMHDSX7_L3_clmp.fp2_repr.R2	3.521020097259907	41.0	144.3198479991728	0.0	3791032.0
GotPopAL38_CKDL230018273-1A_H5YMHDSX7_L3_clmp.fp2_repr.R1	2.9984358633018218	41.0	143.36922099917444	0.0	3994938.0
GotPopAL38_CKDL230018273-1A_H5YMHDSX7_L3_clmp.fp2_repr.R2	3.5486208226021603	41.0	143.19206605959843	0.0	3994938.0
GotPopAL39_CKDL230018273-1A_H5YMHDSX7_L3_clmp.fp2_repr.R1	3.2529869787013865	41.0	144.71612578527942	0.0	7625948.0
GotPopAL39_CKDL230018273-1A_H5YMHDSX7_L3_clmp.fp2_repr.R2	3.8388540948581067	41.0	144.53600365488987	0.0	7625948.0
GotPopAL3_CKDL230018273-1A_H5YMHDSX7_L3_clmp.fp2_repr.R1	0.8900845503458896	41.0	144.84550345887777	9.090909090909092	65050.0
GotPopAL3_CKDL230018273-1A_H5YMHDSX7_L3_clmp.fp2_repr.R2	0.8793235972328972	41.0	144.80501152959263	9.090909090909092	65050.0
GotPopAL40_CKDL230018273-1A_H5YMHDSX7_L3_clmp.fp2_repr.R1	3.564630773668455	41.0	146.15162181956805	0.0	8058418.0
GotPopAL40_CKDL230018273-1A_H5YMHDSX7_L3_clmp.fp2_repr.R2	4.268259806518444	41.0	145.99649670692187	0.0	8058418.0
GotPopAL41_CKDL230018273-1A_H5YMHDSX7_L3_clmp.fp2_repr.R1	2.95731152054708	41.0	145.70024199089306	9.090909090909092	5709719.0
GotPopAL41_CKDL230018273-1A_H5YMHDSX7_L3_clmp.fp2_repr.R2	3.5054460610360394	41.0	145.52296146272698	0.0	5709719.0
GotPopAL42_CKDL230018273-1A_H5YMHDSX7_L3_clmp.fp2_repr.R1	3.4989487326123907	41.0	144.86013423942873	0.0	3295753.0
GotPopAL42_CKDL230018273-1A_H5YMHDSX7_L3_clmp.fp2_repr.R2	4.336938700302994	41.0	144.67543957329326	0.0	3295753.0
GotPopAL43_CKDL230018273-1A_H5YMHDSX7_L3_clmp.fp2_repr.R1	3.2865204970044317	41.0	144.53794589287662	0.0	3483460.0
GotPopAL43_CKDL230018273-1A_H5YMHDSX7_L3_clmp.fp2_repr.R2	4.001577695952449	41.0	144.3712584614148	0.0	3483460.0
GotPopAL44_CKDL230018273-1A_H5YMHDSX7_L3_clmp.fp2_repr.R1	3.0186439917596317	41.0	136.42341726527545	0.0	1420516.0
GotPopAL44_CKDL230018273-1A_H5YMHDSX7_L3_clmp.fp2_repr.R2	3.6242523261574604	41.0	136.3532786677517	0.0	1420516.0
GotPopAL45_CKDL230018273-1A_H5YMHDSX7_L3_clmp.fp2_repr.R1	3.3411227048763266	41.0	145.7493718067224	0.0	7085001.0
GotPopAL45_CKDL230018273-1A_H5YMHDSX7_L3_clmp.fp2_repr.R2	3.770284164353484	41.0	145.60438269521768	0.0	7085001.0
GotPopAL46_CKDL230018273-1A_H5YMHDSX7_L3_clmp.fp2_repr.R1	3.468281445194137	41.0	143.42156476041626	0.0	1348756.0
GotPopAL46_CKDL230018273-1A_H5YMHDSX7_L3_clmp.fp2_repr.R2	4.052243891429612	41.0	143.09043073765753	0.0	1348756.0
GotPopAL49_CKDL230018273-1A_H5YMHDSX7_L3_clmp.fp2_repr.R1	3.079926154628936	41.0	141.87117443370968	0.0	1436454.0
GotPopAL49_CKDL230018273-1A_H5YMHDSX7_L3_clmp.fp2_repr.R2	3.5124667255406052	41.0	141.67618385273735	0.0	1436454.0
GotPopAL4_CKDL230018273-1A_H5YMHDSX7_L3_clmp.fp2_repr.R1	3.612735964613705	41.0	145.5351863185714	0.0	8453854.0
GotPopAL4_CKDL230018273-1A_H5YMHDSX7_L3_clmp.fp2_repr.R2	4.212376616397549	41.0	145.3027969255206	0.0	8453854.0
GotPopAL50_CKDL230018273-1A_H5YMHDSX7_L3_clmp.fp2_repr.R1	2.9263965073344025	41.0	142.580201866938	0.0	996498.0
GotPopAL50_CKDL230018273-1A_H5YMHDSX7_L3_clmp.fp2_repr.R2	3.315344743716878	41.0	142.27569648910483	0.0	996498.0
GotPopAL5_CKDL230018273-1A_H5YMHDSX7_L3_clmp.fp2_repr.R1	2.9678155311527092	41.0	145.30945851924676	0.0	3966900.0
GotPopAL5_CKDL230018273-1A_H5YMHDSX7_L3_clmp.fp2_repr.R2	3.4352361058599428	41.0	145.17887065466738	0.0	3966900.0
GotPopAL6_CKDL230018273-1A_H5YMHDSX7_L3_clmp.fp2_repr.R1	2.846758739867738	41.0	143.4781259215779	0.0	4245436.0
GotPopAL6_CKDL230018273-1A_H5YMHDSX7_L3_clmp.fp2_repr.R2	3.1505275154599417	41.0	143.2423534355482	0.0	4245436.0
GotPopAL8_CKDL230018273-1A_H5YMHDSX7_L3_clmp.fp2_repr.R1	0.784056066579069	41.0	144.3503285151117	9.090909090909092	45660.0
GotPopAL8_CKDL230018273-1A_H5YMHDSX7_L3_clmp.fp2_repr.R2	0.7752956636005308	41.0	144.2268944371441	9.090909090909092	45660.0
GotPopAL9_CKDL230018273-1A_H5YMHDSX7_L3_clmp.fp2_repr.R1	4.415137170298806	41.0	146.72332079110691	0.0	22722441.0
GotPopAL9_CKDL230018273-1A_H5YMHDSX7_L3_clmp.fp2_repr.R2	5.107432876608442	41.0	146.42785913714113	0.0	22722441.0
GotPopAS10_CKDL230018273-1A_H5YMHDSX7_L3_clmp.fp2_repr.R1	3.2169291147009744	41.0	143.106685953059	0.0	2995549.0
GotPopAS10_CKDL230018273-1A_H5YMHDSX7_L3_clmp.fp2_repr.R2	3.989845517563367	41.0	142.92396685882954	0.0	2995549.0
GotPopAS11_CKDL230018273-1A_H5YMHDSX7_L3_clmp.fp2_repr.R1	3.9754265251506524	41.0	143.94630843338078	0.0	2095506.0
GotPopAS11_CKDL230018273-1A_H5YMHDSX7_L3_clmp.fp2_repr.R2	4.905984016319593	41.0	143.6129946657275	0.0	2095506.0
GotPopAS12_CKDL230018273-1A_H5YMHDSX7_L3_clmp.fp2_repr.R1	3.2683138556536306	41.0	143.60915347795313	0.0	2192784.0
GotPopAS12_CKDL230018273-1A_H5YMHDSX7_L3_clmp.fp2_repr.R2	3.9427636590644255	41.0	143.32842359302148	0.0	2192784.0
GotPopAS13_CKDL230018273-1A_H5YMHDSX7_L3_clmp.fp2_repr.R1	5.191879274919785	41.0	146.6236121020037	0.0	33331340.0
GotPopAS13_CKDL230018273-1A_H5YMHDSX7_L3_clmp.fp2_repr.R2	6.234062042577818	41.0	146.2648997310039	0.0	33331340.0
GotPopAS14_CKDL230018273-1A_H5YMHDSX7_L3_clmp.fp2_repr.R1	3.5932841493579986	41.0	142.9777028830277	0.0	3226157.0
GotPopAS14_CKDL230018273-1A_H5YMHDSX7_L3_clmp.fp2_repr.R2	4.284019093148217	41.0	142.76155655164953	0.0	3226157.0
GotPopAS15_CKDL230018273-1A_H5YMHDSX7_L3_clmp.fp2_repr.R1	2.786733060721602	41.0	144.9621842989854	0.0	906158.0
GotPopAS15_CKDL230018273-1A_H5YMHDSX7_L3_clmp.fp2_repr.R2	3.03870138020784	41.0	144.73918897145973	0.0	906158.0
GotPopAS16_CKDL230018273-1A_H5YMHDSX7_L3_clmp.fp2_repr.R1	3.998492354384993	41.0	146.5134126716719	0.0	15641030.0
GotPopAS16_CKDL230018273-1A_H5YMHDSX7_L3_clmp.fp2_repr.R2	4.881562135207915	41.0	146.34704242623408	0.0	15641030.0
GotPopAS17_CKDL230018273-1A_H5YMHDSX7_L3_clmp.fp2_repr.R1	3.4871662614426953	41.0	145.22412215982249	0.0	8158689.0
GotPopAS17_CKDL230018273-1A_H5YMHDSX7_L3_clmp.fp2_repr.R2	4.168217773671543	41.0	145.0948993153189	0.0	8158689.0
GotPopAS18_CKDL230018273-1A_H5YMHDSX7_L3_clmp.fp2_repr.R1	2.9570122382196757	41.0	143.19130242506452	9.090909090909092	1175845.0
GotPopAS18_CKDL230018273-1A_H5YMHDSX7_L3_clmp.fp2_repr.R2	3.4569615890957266	41.0	143.02170949402344	0.0	1175845.0
GotPopAS19_CKDL230018273-1A_H5YMHDSX7_L3_clmp.fp2_repr.R1	3.7356859185883735	41.0	143.2601960285419	0.0	2664714.0
GotPopAS19_CKDL230018273-1A_H5YMHDSX7_L3_clmp.fp2_repr.R2	4.342151292307435	41.0	143.06191058402516	0.0	2664714.0
GotPopAS1_CKDL230018273-1A_H5YMHDSX7_L3_clmp.fp2_repr.R1	2.424256817534811	41.0	140.99867506124951	0.0	605311.0
GotPopAS1_CKDL230018273-1A_H5YMHDSX7_L3_clmp.fp2_repr.R2	2.5532594497216934	41.0	140.79045812813578	0.0	605311.0
GotPopAS21_CKDL230018273-1A_H5YMHDSX7_L3_clmp.fp2_repr.R1	3.517478428144244	41.0	145.19050921146845	0.0	3807102.0
GotPopAS21_CKDL230018273-1A_H5YMHDSX7_L3_clmp.fp2_repr.R2	3.878423089585212	41.0	145.02386565949638	0.0	3807102.0
GotPopAS22_CKDL230018273-1A_H5YMHDSX7_L3_clmp.fp2_repr.R1	2.921378469156295	41.0	144.8255552052742	0.0	5046737.0
GotPopAS22_CKDL230018273-1A_H5YMHDSX7_L3_clmp.fp2_repr.R2	3.4084418295338423	41.0	144.6539169764543	0.0	5046737.0
GotPopAS23_CKDL230018273-1A_H5YMHDSX7_L3_clmp.fp2_repr.R1	2.165169733469483	41.0	142.87011065496907	9.090909090909092	47987.0
GotPopAS23_CKDL230018273-1A_H5YMHDSX7_L3_clmp.fp2_repr.R2	1.9755350407401977	41.0	142.40517223414676	9.090909090909092	47987.0
GotPopAS24_CKDL230018273-1A_H5YMHDSX7_L3_clmp.fp2_repr.R1	3.2424249153218483	41.0	145.08532283178198	0.0	5279220.0
GotPopAS24_CKDL230018273-1A_H5YMHDSX7_L3_clmp.fp2_repr.R2	3.717398918602427	40.0	145.0013903569088	0.0	5279220.0
GotPopAS25_CKDL230018273-1A_H5YMHDSX7_L3_clmp.fp2_repr.R1	2.9661698317789416	41.0	143.63121120996288	0.0	5099892.0
GotPopAS25_CKDL230018273-1A_H5YMHDSX7_L3_clmp.fp2_repr.R2	3.5252864209433454	41.0	143.4551045394687	0.0	5099892.0
GotPopAS26_CKDL230018273-1A_H5YMHDSX7_L3_clmp.fp2_repr.R1	3.2305614708832735	41.0	143.31567047345834	0.0	5426792.0
GotPopAS26_CKDL230018273-1A_H5YMHDSX7_L3_clmp.fp2_repr.R2	3.733864254774204	41.0	143.07958366563525	0.0	5426792.0
GotPopAS27_CKDL230018273-1A_H5YMHDSX7_L3_clmp.fp2_repr.R1	3.8714542319854104	41.0	141.56838620313127	0.0	2520311.0
GotPopAS27_CKDL230018273-1A_H5YMHDSX7_L3_clmp.fp2_repr.R2	4.910203970223634	41.0	141.36120026457053	0.0	2520311.0
GotPopAS29_CKDL230018273-1A_H5YMHDSX7_L3_clmp.fp2_repr.R1	3.002000111244513	41.0	145.67646029151692	0.0	3879020.0
GotPopAS29_CKDL230018273-1A_H5YMHDSX7_L3_clmp.fp2_repr.R2	3.2786464507255886	41.0	145.319792885832	0.0	3879020.0
GotPopAS2_CKDL230018273-1A_H5YMHDSX7_L3_clmp.fp2_repr.R1	3.2006222428281035	41.0	145.87389268571388	0.0	4977697.0
GotPopAS2_CKDL230018273-1A_H5YMHDSX7_L3_clmp.fp2_repr.R2	3.7036480551710156	41.0	145.6419878510082	0.0	4977697.0
GotPopAS30_CKDL230018273-1A_H5YMHDSX7_L3_clmp.fp2_repr.R1	3.5786486222313556	41.0	145.5309287485051	0.0	6421760.0
GotPopAS30_CKDL230018273-1A_H5YMHDSX7_L3_clmp.fp2_repr.R2	4.250773813850515	41.0	145.31529565103648	0.0	6421760.0
GotPopAS31_CKDL230018273-1A_H5YMHDSX7_L3_clmp.fp2_repr.R1	3.3229023693056376	41.0	145.88399485779044	0.0	3336309.0
GotPopAS31_CKDL230018273-1A_H5YMHDSX7_L3_clmp.fp2_repr.R2	4.178804466267579	41.0	145.6797442922703	0.0	3336309.0
GotPopAS32_CKDL230018273-1A_H5YMHDSX7_L3_clmp.fp2_repr.R1	3.2013500291887595	41.0	144.86989907760167	0.0	4427263.0
GotPopAS32_CKDL230018273-1A_H5YMHDSX7_L3_clmp.fp2_repr.R2	3.77839409182603	41.0	144.7657453374692	0.0	4427263.0
GotPopAS33_CKDL230018273-1A_H5YMHDSX7_L3_clmp.fp2_repr.R1	3.6775976747174184	41.0	145.8057425741097	0.0	2680958.0
GotPopAS33_CKDL230018273-1A_H5YMHDSX7_L3_clmp.fp2_repr.R2	4.072641475308018	41.0	145.55701096399122	0.0	2680958.0
GotPopAS34_CKDL230018273-1A_H5YMHDSX7_L3_clmp.fp2_repr.R1	3.4319602059037777	41.0	145.7253480458685	0.0	7626150.0
GotPopAS34_CKDL230018273-1A_H5YMHDSX7_L3_clmp.fp2_repr.R2	4.042535447512279	41.0	145.58810002425864	0.0	7626150.0
GotPopAS35_CKDL230018273-1A_H5YMHDSX7_L3_clmp.fp2_repr.R1	2.7057274345968665	41.0	136.9642718442985	0.0	1073747.0
GotPopAS35_CKDL230018273-1A_H5YMHDSX7_L3_clmp.fp2_repr.R2	3.0209749460268824	41.0	136.8089289190098	0.0	1073747.0
GotPopAS37_CKDL230018273-1A_H5YMHDSX7_L3_clmp.fp2_repr.R1	2.8875084493975294	41.0	144.60465911292252	0.0	4212304.0
GotPopAS37_CKDL230018273-1A_H5YMHDSX7_L3_clmp.fp2_repr.R2	3.358642294779358	41.0	144.47553049352564	0.0	4212304.0
GotPopAS38_CKDL230018273-1A_H5YMHDSX7_L3_clmp.fp2_repr.R1	4.052459744645077	41.0	141.43627383311613	0.0	2136995.0
GotPopAS38_CKDL230018273-1A_H5YMHDSX7_L3_clmp.fp2_repr.R2	5.196501980266902	41.0	141.2737081743289	0.0	2136995.0
GotPopAS39_CKDL230018273-1A_H5YMHDSX7_L3_clmp.fp2_repr.R1	2.8316076430847517	41.0	144.66825083362514	0.0	3909731.0
GotPopAS39_CKDL230018273-1A_H5YMHDSX7_L3_clmp.fp2_repr.R2	3.2297288715305115	41.0	144.5558998816031	0.0	3909731.0
GotPopAS41_CKDL230018273-1A_H5YMHDSX7_L3_clmp.fp2_repr.R1	2.169713946576124	40.0	141.36930204122504	0.0	569217.0
GotPopAS41_CKDL230018273-1A_H5YMHDSX7_L3_clmp.fp2_repr.R2	2.347925999116157	40.0	141.32359715187704	0.0	569217.0
GotPopAS42_CKDL230018273-1A_H5YMHDSX7_L3_clmp.fp2_repr.R1	4.508363817282131	41.0	146.7701031578078	0.0	33056635.0
GotPopAS42_CKDL230018273-1A_H5YMHDSX7_L3_clmp.fp2_repr.R2	5.593822425241896	41.0	146.55304630976505	0.0	33056635.0
GotPopAS43_CKDL230018273-1A_H5YMHDSX7_L3_clmp.fp2_repr.R1	2.899126269914248	41.0	142.84872722177582	0.0	942073.0
GotPopAS43_CKDL230018273-1A_H5YMHDSX7_L3_clmp.fp2_repr.R2	3.1183336064539304	41.0	142.6092022592729	0.0	942073.0
GotPopAS44_CKDL230018273-1A_H5YMHDSX7_L3_clmp.fp2_repr.R1	3.4543383791802427	41.0	143.7234396311186	0.0	1201687.0
GotPopAS44_CKDL230018273-1A_H5YMHDSX7_L3_clmp.fp2_repr.R2	4.025901011538551	41.0	143.43972848170947	0.0	1201687.0
GotPopAS45_CKDL230018273-1A_H5YMHDSX7_L3_clmp.fp2_repr.R1	3.576918869088999	41.0	145.10780478826703	0.0	9377756.0
GotPopAS45_CKDL230018273-1A_H5YMHDSX7_L3_clmp.fp2_repr.R2	4.30106594292252	40.0	144.99604276332207	0.0	9377756.0
GotPopAS46_CKDL230018273-1A_H5YMHDSX7_L3_clmp.fp2_repr.R1	2.8448858565859325	41.0	143.12102132534142	0.0	3889926.0
GotPopAS46_CKDL230018273-1A_H5YMHDSX7_L3_clmp.fp2_repr.R2	3.2387445435578854	41.0	142.89058840708023	0.0	3889926.0
GotPopAS47_CKDL230018273-1A_H5YMHDSX7_L3_clmp.fp2_repr.R1	3.075015793887175	41.0	145.55237964388292	0.0	6419574.0
GotPopAS47_CKDL230018273-1A_H5YMHDSX7_L3_clmp.fp2_repr.R2	3.4023302867749123	41.0	145.21940708215217	0.0	6419574.0
GotPopAS48_CKDL230018273-1A_H5YMHDSX7_L3_clmp.fp2_repr.R1	3.955523789229332	41.0	144.8597717303219	0.0	2247079.0
GotPopAS48_CKDL230018273-1A_H5YMHDSX7_L3_clmp.fp2_repr.R2	4.874403734581946	41.0	144.6466581726766	0.0	2247079.0
GotPopAS49_CKDL230018273-1A_H5YMHDSX7_L3_clmp.fp2_repr.R1	0.9714830806305912	41.0	142.28444120895674	9.090909090909092	39836.0
GotPopAS49_CKDL230018273-1A_H5YMHDSX7_L3_clmp.fp2_repr.R2	1.0367506777788975	41.0	142.218445627071	9.090909090909092	39836.0
GotPopAS4_CKDL230018273-1A_H5YMHDSX7_L3_clmp.fp2_repr.R1	3.578310546238967	41.0	145.01266335628318	0.0	2369514.0
GotPopAS4_CKDL230018273-1A_H5YMHDSX7_L3_clmp.fp2_repr.R2	4.364543042321699	41.0	144.8410724730894	0.0	2369514.0
GotPopAS50_CKDL230018273-1A_H5YMHDSX7_L3_clmp.fp2_repr.R1	3.4140188419527675	41.0	143.60931987403254	0.0	1768393.0
GotPopAS50_CKDL230018273-1A_H5YMHDSX7_L3_clmp.fp2_repr.R2	3.8783123342509356	41.0	143.27154427777083	0.0	1768393.0
GotPopAS5_CKDL230018273-1A_H5YMHDSX7_L3_clmp.fp2_repr.R1	3.985196410952071	41.0	143.68980499773824	0.0	2491407.0
GotPopAS5_CKDL230018273-1A_H5YMHDSX7_L3_clmp.fp2_repr.R2	4.951023810890021	41.0	143.38622352750875	0.0	2491407.0
GotPopAS6_CKDL230018273-1A_H5YMHDSX7_L3_clmp.fp2_repr.R1	8.909465758091358	41.0	147.22785816811242	0.0	73264681.0
GotPopAS6_CKDL230018273-1A_H5YMHDSX7_L3_clmp.fp2_repr.R2	10.688190211733755	41.0	147.0537143538508	0.0	73264681.0
GotPopAS7_CKDL230018273-1A_H5YMHDSX7_L3_clmp.fp2_repr.R1	3.3673995326702624	41.0	144.17335976382026	0.0	3139304.0
GotPopAS7_CKDL230018273-1A_H5YMHDSX7_L3_clmp.fp2_repr.R2	4.1842485086661725	41.0	143.97728031436267	0.0	3139304.0
GotPopAS8_CKDL230018273-1A_H5YMHDSX7_L3_clmp.fp2_repr.R1	4.751299795042357	41.0	146.5351988422038	0.0	30873828.0
GotPopAS8_CKDL230018273-1A_H5YMHDSX7_L3_clmp.fp2_repr.R2	5.952747723465919	41.0	146.35664395098658	0.0	30873828.0
GotPopAS9_CKDL230018273-1A_H5YMHDSX7_L3_clmp.fp2_repr.R1	2.9910804071339783	41.0	144.03898806767023	0.0	1198341.0
GotPopAS9_CKDL230018273-1A_H5YMHDSX7_L3_clmp.fp2_repr.R2	3.379742987485045	41.0	143.88611839201027	0.0	1198341.0
GotPopBL10_CKDL230018273-1A_H5YMHDSX7_L3_clmp.fp2_repr.R1	3.101257489561121	41.0	145.6274601885237	0.0	4514339.0
GotPopBL10_CKDL230018273-1A_H5YMHDSX7_L3_clmp.fp2_repr.R2	3.5208536588697257	41.0	145.41134482811327	0.0	4514339.0
GotPopBL11_CKDL230018273-1A_H5YMHDSX7_L3_clmp.fp2_repr.R1	3.4498920218677256	41.0	144.4900364830778	0.0	1204394.0
GotPopBL11_CKDL230018273-1A_H5YMHDSX7_L3_clmp.fp2_repr.R2	3.994666230199499	41.0	144.20456345680898	0.0	1204394.0
GotPopBL12_CKDL230018273-1A_H5YMHDSX7_L3_clmp.fp2_repr.R1	1.6891150821173682	41.0	144.79355012737898	0.0	166825.0
GotPopBL12_CKDL230018273-1A_H5YMHDSX7_L3_clmp.fp2_repr.R2	1.7327264231617363	41.0	144.53765322943204	9.090909090909092	166825.0
GotPopBL13_CKDL230018273-1A_H5YMHDSX7_L3_clmp.fp2_repr.R1	3.438235637120158	41.0	142.56967491940532	0.0	2979415.0
GotPopBL13_CKDL230018273-1A_H5YMHDSX7_L3_clmp.fp2_repr.R2	4.282163013470736	41.0	142.37828667708257	0.0	2979415.0
GotPopBL14_CKDL230018273-1A_H5YMHDSX7_L3_clmp.fp2_repr.R1	4.217351798133421	41.0	146.65997028003295	0.0	17635282.0
GotPopBL14_CKDL230018273-1A_H5YMHDSX7_L3_clmp.fp2_repr.R2	5.041991901717509	41.0	146.42472646595616	0.0	17635282.0
GotPopBL15_CKDL230018273-1A_H5YMHDSX7_L3_clmp.fp2_repr.R1	3.098891236500336	41.0	144.59048707029476	0.0	4552772.0
GotPopBL15_CKDL230018273-1A_H5YMHDSX7_L3_clmp.fp2_repr.R2	3.607967470522766	41.0	144.3727357750399	0.0	4552772.0
GotPopBL16_CKDL230018273-1A_H5YMHDSX7_L3_clmp.fp2_repr.R1	3.7802163582849886	41.0	144.0797398532801	0.0	2084516.0
GotPopBL16_CKDL230018273-1A_H5YMHDSX7_L3_clmp.fp2_repr.R2	4.5296323759660595	41.0	143.83402478081243	0.0	2084516.0
GotPopBL17_CKDL230018273-1A_H5YMHDSX7_L3_clmp.fp2_repr.R1	3.630132617102973	41.0	142.8120964235269	0.0	3129983.0
GotPopBL17_CKDL230018273-1A_H5YMHDSX7_L3_clmp.fp2_repr.R2	4.853964082775718	41.0	142.66986466060678	9.090909090909092	3129983.0
GotPopBL18_CKDL230018273-1A_H5YMHDSX7_L3_clmp.fp2_repr.R1	3.5420719654998436	41.0	142.73194674087867	0.0	1420076.0
GotPopBL18_CKDL230018273-1A_H5YMHDSX7_L3_clmp.fp2_repr.R2	4.278424077338087	41.0	142.58130409921722	0.0	1420076.0
GotPopBL19_CKDL230018273-1A_H5YMHDSX7_L3_clmp.fp2_repr.R1	3.82260331027868	41.0	143.83143147210032	0.0	2126601.0
GotPopBL19_CKDL230018273-1A_H5YMHDSX7_L3_clmp.fp2_repr.R2	4.785857678344357	41.0	143.62601541144767	0.0	2126601.0
GotPopBL1_CKDL230018273-1A_H5YMHDSX7_L3_clmp.fp2_repr.R1	3.762388098975549	41.0	144.0815248695388	0.0	3479196.0
GotPopBL1_CKDL230018273-1A_H5YMHDSX7_L3_clmp.fp2_repr.R2	4.798050265902248	41.0	143.91577163229667	0.0	3479196.0
GotPopBL20_CKDL230018273-1A_H5YMHDSX7_L3_clmp.fp2_repr.R1	3.884998232551368	41.0	142.2708263094088	0.0	2568602.0
GotPopBL20_CKDL230018273-1A_H5YMHDSX7_L3_clmp.fp2_repr.R2	4.961642023542495	41.0	142.08315145748543	0.0	2568602.0
GotPopBL21_CKDL230018273-1A_H5YMHDSX7_L3_clmp.fp2_repr.R1	3.4469486674373115	41.0	141.6235741705394	0.0	2335132.0
GotPopBL21_CKDL230018273-1A_H5YMHDSX7_L3_clmp.fp2_repr.R2	4.1929656946439735	41.0	141.41822774900947	0.0	2335132.0
GotPopBL22_CKDL230018273-1A_H5YMHDSX7_L3_clmp.fp2_repr.R1	7.6670255689125355	41.0	147.28337402298547	0.0	87385854.0
GotPopBL22_CKDL230018273-1A_H5YMHDSX7_L3_clmp.fp2_repr.R2	9.548039932345247	41.0	146.95863716111305	0.0	87385854.0
GotPopBL23_CKDL230018273-1A_H5YMHDSX7_L3_clmp.fp2_repr.R1	9.574130646332804	41.0	147.2387591091171	0.0	152928515.0
GotPopBL23_CKDL230018273-1A_H5YMHDSX7_L3_clmp.fp2_repr.R2	11.553982149041246	41.0	146.7494152087987	0.0	152928515.0
GotPopBL25_CKDL230018273-1A_H5YMHDSX7_L3_clmp.fp2_repr.R1	3.2623977013691956	41.0	143.2276344134481	0.0	1109450.0
GotPopBL25_CKDL230018273-1A_H5YMHDSX7_L3_clmp.fp2_repr.R2	3.7987377166550687	41.0	143.11739961242057	0.0	1109450.0
GotPopBL26_CKDL230018273-1A_H5YMHDSX7_L3_clmp.fp2_repr.R1	3.6865695672381236	41.0	143.3870328338449	0.0	2948817.0
GotPopBL26_CKDL230018273-1A_H5YMHDSX7_L3_clmp.fp2_repr.R2	4.715738699510382	41.0	143.24563918344205	0.0	2948817.0
GotPopBL28_CKDL230018273-1A_H5YMHDSX7_L3_clmp.fp2_repr.R1	3.7894167628667077	41.0	145.8979153375423	0.0	15171329.0
GotPopBL28_CKDL230018273-1A_H5YMHDSX7_L3_clmp.fp2_repr.R2	4.659259328962804	41.0	145.7823452381792	0.0	15171329.0
GotPopBL2_CKDL230018273-1A_H5YMHDSX7_L3_clmp.fp2_repr.R1	3.5103926751525876	41.0	143.4235799395567	9.090909090909092	2042906.0
GotPopBL2_CKDL230018273-1A_H5YMHDSX7_L3_clmp.fp2_repr.R2	4.109369355117693	41.0	143.2186904341169	0.0	2042906.0
GotPopBL33_CKDL230018273-1A_H5YMHDSX7_L3_clmp.fp2_repr.R1	2.5392993817182514	41.0	142.03706817777078	0.0	342531.0
GotPopBL33_CKDL230018273-1A_H5YMHDSX7_L3_clmp.fp2_repr.R2	2.7210450835850963	41.0	141.93436214532406	0.0	342531.0
GotPopBL34_CKDL230018273-1A_H5YMHDSX7_L3_clmp.fp2_repr.R1	3.1343849231951424	41.0	144.1608935994439	0.0	5190424.0
GotPopBL34_CKDL230018273-1A_H5YMHDSX7_L3_clmp.fp2_repr.R2	3.5326190931652377	41.0	144.02465694517443	0.0	5190424.0
GotPopBL35_CKDL230018273-1A_H5YMHDSX7_L3_clmp.fp2_repr.R1	0.7493476267719927	41.0	144.31731786444743	9.090909090909092	56716.0
GotPopBL35_CKDL230018273-1A_H5YMHDSX7_L3_clmp.fp2_repr.R2	0.6805839621976162	41.0	144.1975809295437	9.090909090909092	56716.0
GotPopBL37_CKDL230018273-1A_H5YMHDSX7_L3_clmp.fp2_repr.R1	3.04060868834668	41.0	144.89076402219249	0.0	5650739.0
GotPopBL37_CKDL230018273-1A_H5YMHDSX7_L3_clmp.fp2_repr.R2	3.5339597386578276	41.0	144.6933454190682	0.0	5650739.0
GotPopBL38_CKDL230018273-1A_H5YMHDSX7_L3_clmp.fp2_repr.R1	3.2120753317359174	41.0	145.13616889167972	0.0	3984471.0
GotPopBL38_CKDL230018273-1A_H5YMHDSX7_L3_clmp.fp2_repr.R2	3.698042533279832	41.0	144.9250941969461	0.0	3984471.0
GotPopBL39_CKDL230018273-1A_H5YMHDSX7_L3_clmp.fp2_repr.R1	3.444108003573092	40.0	140.73268146018705	0.0	1516655.0
GotPopBL39_CKDL230018273-1A_H5YMHDSX7_L3_clmp.fp2_repr.R2	4.043301820807898	40.0	140.6382717229693	0.0	1516655.0
GotPopBL3_CKDL230018273-1A_H5YMHDSX7_L3_clmp.fp2_repr.R1	3.119685194258466	41.0	144.49912888325406	0.0	4782941.0
GotPopBL3_CKDL230018273-1A_H5YMHDSX7_L3_clmp.fp2_repr.R2	3.6453117867325346	41.0	144.29078552296588	0.0	4782941.0
GotPopBL40_CKDL230018273-1A_H5YMHDSX7_L3_clmp.fp2_repr.R1	3.0677329957128308	41.0	144.81984355493773	0.0	5616796.0
GotPopBL40_CKDL230018273-1A_H5YMHDSX7_L3_clmp.fp2_repr.R2	3.6172885381406417	41.0	144.62618065530597	0.0	5616796.0
GotPopBL41_CKDL230018273-1A_H5YMHDSX7_L3_clmp.fp2_repr.R1	3.183388208776165	41.0	146.23734017010094	0.0	5100266.0
GotPopBL41_CKDL230018273-1A_H5YMHDSX7_L3_clmp.fp2_repr.R2	3.576686654943714	41.0	145.86473607454982	0.0	5100266.0
GotPopBL42_CKDL230018273-1A_H5YMHDSX7_L3_clmp.fp2_repr.R1	8.45180122992042	41.0	147.1763598675873	0.0	55851743.0
GotPopBL42_CKDL230018273-1A_H5YMHDSX7_L3_clmp.fp2_repr.R2	9.89404017165839	41.0	146.83576501811234	0.0	55851743.0
GotPopBL43_CKDL230018273-1A_H5YMHDSX7_L3_clmp.fp2_repr.R1	4.188031486234678	41.0	143.7721410750621	0.0	2347176.0
GotPopBL43_CKDL230018273-1A_H5YMHDSX7_L3_clmp.fp2_repr.R2	5.313484407864934	41.0	143.57521634508873	0.0	2347176.0
GotPopBL44_CKDL230018273-1A_H5YMHDSX7_L3_clmp.fp2_repr.R1	3.2491829896026445	41.0	145.52204256441152	0.0	4338742.0
GotPopBL44_CKDL230018273-1A_H5YMHDSX7_L3_clmp.fp2_repr.R2	3.684902017967289	41.0	145.3464868388118	0.0	4338742.0
GotPopBL45_CKDL230018273-1A_H5YMHDSX7_L3_clmp.fp2_repr.R1	3.0120449362604376	41.0	144.76831852535813	0.0	4482607.0
GotPopBL45_CKDL230018273-1A_H5YMHDSX7_L3_clmp.fp2_repr.R2	3.544898676027472	41.0	144.58135254774731	0.0	4482607.0
GotPopBL46_CKDL230018273-1A_H5YMHDSX7_L3_clmp.fp2_repr.R1	3.853359725832334	41.0	142.4046918234448	0.0	2573541.0
GotPopBL46_CKDL230018273-1A_H5YMHDSX7_L3_clmp.fp2_repr.R2	4.960721422990218	41.0	142.2741763197089	9.090909090909092	2573541.0
GotPopBL47_CKDL230018273-1A_H5YMHDSX7_L3_clmp.fp2_repr.R1	2.943665742018723	41.0	144.82811926640983	0.0	4654588.0
GotPopBL47_CKDL230018273-1A_H5YMHDSX7_L3_clmp.fp2_repr.R2	3.4243902485313527	41.0	144.64147353106225	0.0	4654588.0
GotPopBL4_CKDL230018273-1A_H5YMHDSX7_L3_clmp.fp2_repr.R1	3.228752313961337	41.0	142.73594809794636	0.0	2939691.0
GotPopBL4_CKDL230018273-1A_H5YMHDSX7_L3_clmp.fp2_repr.R2	4.0012513990091065	41.0	142.57452024719606	0.0	2939691.0
GotPopBL5_CKDL230018273-1A_H5YMHDSX7_L3_clmp.fp2_repr.R1	2.8196328298805753	41.0	143.8777219391162	0.0	3833664.0
GotPopBL5_CKDL230018273-1A_H5YMHDSX7_L3_clmp.fp2_repr.R2	3.287729697173887	41.0	143.7062702939016	0.0	3833664.0
GotPopBL6_CKDL230018273-1A_H5YMHDSX7_L3_clmp.fp2_repr.R1	2.7860650907451827	41.0	144.4213886357479	9.090909090909092	812020.0
GotPopBL6_CKDL230018273-1A_H5YMHDSX7_L3_clmp.fp2_repr.R2	3.0804011736786663	41.0	144.21503903844732	0.0	812020.0
GotPopBL7_CKDL230018273-1A_H5YMHDSX7_L3_clmp.fp2_repr.R1	3.5701356853123656	41.0	144.1784761327081	0.0	3656657.0
GotPopBL7_CKDL230018273-1A_H5YMHDSX7_L3_clmp.fp2_repr.R2	4.387311998225812	41.0	144.00200538360585	0.0	3656657.0
GotPopBL8_CKDL230018273-1A_H5YMHDSX7_L3_clmp.fp2_repr.R1	3.430749107815899	41.0	144.86437804521196	0.0	1076485.0
GotPopBL8_CKDL230018273-1A_H5YMHDSX7_L3_clmp.fp2_repr.R2	4.114421253624002	41.0	144.7069006999633	0.0	1076485.0
GotPopBL9_CKDL230018273-1A_H5YMHDSX7_L3_clmp.fp2_repr.R1	5.51302665085862	41.0	146.87043437369394	0.0	44618632.0
GotPopBL9_CKDL230018273-1A_H5YMHDSX7_L3_clmp.fp2_repr.R2	6.78922829016318	41.0	146.58124312282814	0.0	44618632.0
GotPopBS10_CKDL230018273-1A_H5YMHDSX7_L3_clmp.fp2_repr.R1	3.198368112793659	41.0	144.72124723299657	0.0	5546614.0
GotPopBS10_CKDL230018273-1A_H5YMHDSX7_L3_clmp.fp2_repr.R2	3.653894793960532	41.0	144.53550778907638	0.0	5546614.0
GotPopBS11_CKDL230018273-1A_H5YMHDSX7_L3_clmp.fp2_repr.R1	3.469613351357964	41.0	146.23612614127254	0.0	9820069.0
GotPopBS11_CKDL230018273-1A_H5YMHDSX7_L3_clmp.fp2_repr.R2	4.06252175365222	41.0	145.99529015529322	0.0	9820069.0
GotPopBS12_CKDL230018273-1A_H5YMHDSX7_L3_clmp.fp2_repr.R1	3.5099268076439216	41.0	142.4098837057845	0.0	2495137.0
GotPopBS12_CKDL230018273-1A_H5YMHDSX7_L3_clmp.fp2_repr.R2	4.535455956309349	41.0	142.2740294420707	0.0	2495137.0
GotPopBS14_CKDL230018273-1A_H5YMHDSX7_L3_clmp.fp2_repr.R1	3.921294895261738	41.0	143.52794847936343	0.0	2455715.0
GotPopBS14_CKDL230018273-1A_H5YMHDSX7_L3_clmp.fp2_repr.R2	4.977586628002413	41.0	143.38878575078948	0.0	2455715.0
GotPopBS16_CKDL230018273-1A_H5YMHDSX7_L3_clmp.fp2_repr.R1	2.7287373504024544	41.0	141.6245100389658	0.0	692402.0
GotPopBS16_CKDL230018273-1A_H5YMHDSX7_L3_clmp.fp2_repr.R2	2.7991884288677227	41.0	141.2567684668733	0.0	692402.0
GotPopBS17_CKDL230018273-1A_H5YMHDSX7_L3_clmp.fp2_repr.R1	2.740590017566646	41.0	142.73096255077002	0.0	715235.0
GotPopBS17_CKDL230018273-1A_H5YMHDSX7_L3_clmp.fp2_repr.R2	3.07495935837089	41.0	142.56408872608304	0.0	715235.0
GotPopBS18_CKDL230018273-1A_H5YMHDSX7_L3_clmp.fp2_repr.R1	3.8257857311923402	41.0	145.26905944343605	0.0	2633983.0
GotPopBS18_CKDL230018273-1A_H5YMHDSX7_L3_clmp.fp2_repr.R2	4.631752774875068	41.0	145.07664893812907	0.0	2633983.0
GotPopBS1_CKDL230018273-1A_H5YMHDSX7_L3_clmp.fp2_repr.R1	2.960558229939153	40.0	141.13554618669565	0.0	1065231.0
GotPopBS1_CKDL230018273-1A_H5YMHDSX7_L3_clmp.fp2_repr.R2	3.353885104106311	40.0	140.97834272566232	0.0	1065231.0
GotPopBS20_CKDL230018273-1A_H5YMHDSX7_L3_clmp.fp2_repr.R1	1.2279091872315178	41.0	144.25389250339038	0.0	174759.0
GotPopBS20_CKDL230018273-1A_H5YMHDSX7_L3_clmp.fp2_repr.R2	1.3391347394859991	41.0	144.1445476341705	0.0	174759.0
GotPopBS22_CKDL230018273-1A_H5YMHDSX7_L3_clmp.fp2_repr.R1	3.0684316084776526	41.0	144.60465779598417	0.0	4726055.0
GotPopBS22_CKDL230018273-1A_H5YMHDSX7_L3_clmp.fp2_repr.R2	3.5337609975159836	41.0	144.44730541646257	0.0	4726055.0
GotPopBS23_CKDL230018273-1A_H5YMHDSX7_L3_clmp.fp2_repr.R1	8.958018943693716	41.0	147.04125917660173	0.0	79215735.0
GotPopBS23_CKDL230018273-1A_H5YMHDSX7_L3_clmp.fp2_repr.R2	10.660906840096274	41.0	146.62645944016046	0.0	79215735.0
GotPopBS24_CKDL230018273-1A_H5YMHDSX7_L3_clmp.fp2_repr.R1	10.276922084415276	41.0	144.44499459703562	9.090909090909092	62003.0
GotPopBS24_CKDL230018273-1A_H5YMHDSX7_L3_clmp.fp2_repr.R2	10.172088447333195	41.0	144.11059142299567	9.090909090909092	62003.0
GotPopBS25_CKDL230018273-1A_H5YMHDSX7_L3_clmp.fp2_repr.R1	3.458175012465233	40.0	140.58764516356624	0.0	2126050.0
GotPopBS25_CKDL230018273-1A_H5YMHDSX7_L3_clmp.fp2_repr.R2	4.248360254218568	41.0	140.4175917781802	0.0	2126050.0
GotPopBS26_CKDL230018273-1A_H5YMHDSX7_L3_clmp.fp2_repr.R1	2.8799417919855728	41.0	145.68471517039495	0.0	346049.0
GotPopBS26_CKDL230018273-1A_H5YMHDSX7_L3_clmp.fp2_repr.R2	3.080464054683091	41.0	145.476825536268	9.090909090909092	346049.0
GotPopBS27_CKDL230018273-1A_H5YMHDSX7_L3_clmp.fp2_repr.R1	2.189241084075661	41.0	139.8114356762882	9.090909090909092	63538.0
GotPopBS27_CKDL230018273-1A_H5YMHDSX7_L3_clmp.fp2_repr.R2	2.145172967358107	41.0	139.70213100821556	9.090909090909092	63538.0
GotPopBS28_CKDL230018273-1A_H5YMHDSX7_L3_clmp.fp2_repr.R1	3.4412399054924947	41.0	144.17056771047248	0.0	6756525.0
GotPopBS28_CKDL230018273-1A_H5YMHDSX7_L3_clmp.fp2_repr.R2	4.195110312238512	41.0	143.97503331964288	0.0	6756525.0
GotPopBS29_CKDL230018273-1A_H5YMHDSX7_L3_clmp.fp2_repr.R1	3.2346614450905946	41.0	144.94938456128912	0.0	3901932.0
GotPopBS29_CKDL230018273-1A_H5YMHDSX7_L3_clmp.fp2_repr.R2	3.9413829916753684	41.0	144.78112432507794	0.0	3901932.0
GotPopBS2_CKDL230018273-1A_H5YMHDSX7_L3_clmp.fp2_repr.R1	3.5602701692352667	41.0	144.1487667522292	0.0	6640758.0
GotPopBS2_CKDL230018273-1A_H5YMHDSX7_L3_clmp.fp2_repr.R2	4.329812311878072	41.0	144.0471140493299	0.0	6640758.0
GotPopBS30_CKDL230018273-1A_H5YMHDSX7_L3_clmp.fp2_repr.R1	1.3618168285961474	41.0	144.5186168607809	9.090909090909092	49713.0
GotPopBS30_CKDL230018273-1A_H5YMHDSX7_L3_clmp.fp2_repr.R2	1.3155512642568254	41.0	144.30410556594853	9.090909090909092	49713.0
GotPopBS31_CKDL230018273-1A_H5YMHDSX7_L3_clmp.fp2_repr.R1	6.401609978245247	41.0	147.12442922599126	0.0	62996912.0
GotPopBS31_CKDL230018273-1A_H5YMHDSX7_L3_clmp.fp2_repr.R2	8.511935879379479	41.0	146.93998862991887	0.0	62996912.0
GotPopBS32_CKDL230018273-1A_H5YMHDSX7_L3_clmp.fp2_repr.R1	3.7276054815208965	41.0	143.79468134390532	0.0	1573593.0
GotPopBS32_CKDL230018273-1A_H5YMHDSX7_L3_clmp.fp2_repr.R2	4.471802611849	41.0	143.62674274733047	0.0	1573593.0
GotPopBS33_CKDL230018273-1A_H5YMHDSX7_L3_clmp.fp2_repr.R1	2.4882142530162668	41.0	142.78672838466858	0.0	386057.0
GotPopBS33_CKDL230018273-1A_H5YMHDSX7_L3_clmp.fp2_repr.R2	2.196390302347538	41.0	142.59920428319438	0.0	386067.0
GotPopBS37_CKDL230018273-1A_H5YMHDSX7_L3_clmp.fp2_repr.R1	3.1490445948177808	41.0	143.31529146376397	0.0	1396400.0
GotPopBS37_CKDL230018273-1A_H5YMHDSX7_L3_clmp.fp2_repr.R2	3.661499809909756	41.0	143.1228351475222	0.0	1396400.0
GotPopBS38_CKDL230018273-1A_H5YMHDSX7_L3_clmp.fp2_repr.R1	3.2124328814489616	41.0	145.67266860743615	0.0	8099880.0
GotPopBS38_CKDL230018273-1A_H5YMHDSX7_L3_clmp.fp2_repr.R2	3.765640795097923	41.0	145.4571836866719	0.0	8099880.0
GotPopBS39_CKDL230018273-1A_H5YMHDSX7_L3_clmp.fp2_repr.R1	4.310342369603859	41.0	146.87455549410197	0.0	19300925.0
GotPopBS39_CKDL230018273-1A_H5YMHDSX7_L3_clmp.fp2_repr.R2	5.221378577011208	41.0	146.71582605496886	0.0	19300925.0
GotPopBS3_CKDL230018273-1A_H5YMHDSX7_L3_clmp.fp2_repr.R1	3.0863639707419566	41.0	145.49758915062327	0.0	2795073.0
GotPopBS3_CKDL230018273-1A_H5YMHDSX7_L3_clmp.fp2_repr.R2	3.8100661745809106	41.0	145.26046833123857	0.0	2795073.0
GotPopBS40_CKDL230018273-1A_H5YMHDSX7_L3_clmp.fp2_repr.R1	3.5740151985223463	40.0	140.75601521315264	9.090909090909092	2077150.0
GotPopBS40_CKDL230018273-1A_H5YMHDSX7_L3_clmp.fp2_repr.R2	4.266426135582051	40.0	140.6634720650892	0.0	2077150.0
GotPopBS41_CKDL230018273-1A_H5YMHDSX7_L3_clmp.fp2_repr.R1	3.3779991809170866	41.0	145.90337989853523	0.0	10368329.0
GotPopBS41_CKDL230018273-1A_H5YMHDSX7_L3_clmp.fp2_repr.R2	3.986909426274778	41.0	145.7549800937065	0.0	10368329.0
GotPopBS43_CKDL230018273-1A_H5YMHDSX7_L3_clmp.fp2_repr.R1	2.628261544615526	41.0	140.95789323118046	0.0	671151.0
GotPopBS43_CKDL230018273-1A_H5YMHDSX7_L3_clmp.fp2_repr.R2	2.9193264098756515	41.0	140.79691902418384	9.090909090909092	671151.0
GotPopBS44_CKDL230018273-1A_H5YMHDSX7_L3_clmp.fp2_repr.R1	3.244732613047006	41.0	145.48703395676168	0.0	4581120.0
GotPopBS44_CKDL230018273-1A_H5YMHDSX7_L3_clmp.fp2_repr.R2	3.5915760672688037	41.0	145.13909808081866	0.0	4581120.0
GotPopBS45_CKDL230018273-1A_H5YMHDSX7_L3_clmp.fp2_repr.R1	3.5753671612282716	41.0	146.28298025502127	0.0	13855472.0
GotPopBS45_CKDL230018273-1A_H5YMHDSX7_L3_clmp.fp2_repr.R2	4.302594189496176	41.0	146.12332665390252	0.0	13855472.0
GotPopBS46_CKDL230018273-1A_H5YMHDSX7_L3_clmp.fp2_repr.R1	3.399320715251605	41.0	146.13099186168958	0.0	5263869.0
GotPopBS46_CKDL230018273-1A_H5YMHDSX7_L3_clmp.fp2_repr.R2	3.774080395593657	41.0	145.76208507468556	0.0	5263869.0
GotPopBS47_CKDL230018273-1A_H5YMHDSX7_L3_clmp.fp2_repr.R1	3.5818521491908513	41.0	144.31574476023127	0.0	3066309.0
GotPopBS47_CKDL230018273-1A_H5YMHDSX7_L3_clmp.fp2_repr.R2	4.415365594943694	41.0	144.07865841309535	0.0	3066309.0
GotPopBS48_CKDL230018273-1A_H5YMHDSX7_L3_clmp.fp2_repr.R1	3.0642494041754276	41.0	143.9907516683025	0.0	1429447.0
GotPopBS48_CKDL230018273-1A_H5YMHDSX7_L3_clmp.fp2_repr.R2	3.5275508608482227	41.0	143.755546725412	0.0	1429447.0
GotPopBS49_CKDL230018273-1A_H5YMHDSX7_L3_clmp.fp2_repr.R1	3.296238798801056	41.0	145.0344778476373	0.0	8116922.0
GotPopBS49_CKDL230018273-1A_H5YMHDSX7_L3_clmp.fp2_repr.R2	3.786566001075144	41.0	144.76756226066973	0.0	8116922.0
GotPopBS4_CKDL230018273-1A_H5YMHDSX7_L3_clmp.fp2_repr.R1	3.6791229502285603	41.0	145.26243959311674	0.0	7266556.0
GotPopBS4_CKDL230018273-1A_H5YMHDSX7_L3_clmp.fp2_repr.R2	4.169100357434388	41.0	144.90155611544176	0.0	7266556.0
GotPopBS50_CKDL230018273-1A_H5YMHDSX7_L3_clmp.fp2_repr.R1	2.7442174653194513	41.0	144.52272836855843	0.0	4873843.0
GotPopBS50_CKDL230018273-1A_H5YMHDSX7_L3_clmp.fp2_repr.R2	3.18710470870856	41.0	144.36014988582932	0.0	4873843.0
GotPopBS5_CKDL230018273-1A_H5YMHDSX7_L3_clmp.fp2_repr.R1	3.390342853186155	41.0	141.66999961440783	0.0	7080019.0
GotPopBS5_CKDL230018273-1A_H5YMHDSX7_L3_clmp.fp2_repr.R2	3.882569647680583	41.0	141.41124296417848	0.0	7080019.0
GotPopBS7_CKDL230018273-1A_H5YMHDSX7_L3_clmp.fp2_repr.R1	4.274542022772849	41.0	143.72086854144678	0.0	2627117.0
GotPopBS7_CKDL230018273-1A_H5YMHDSX7_L3_clmp.fp2_repr.R2	5.293503933997641	41.0	143.54668710986226	0.0	2627117.0
GotPopBS8_CKDL230018273-1A_H5YMHDSX7_L3_clmp.fp2_repr.R1	2.8781009874125516	41.0	144.44087848230708	0.0	3770776.0
GotPopBS8_CKDL230018273-1A_H5YMHDSX7_L3_clmp.fp2_repr.R2	3.290912360868873	41.0	144.2110650433757	0.0	3770776.0
GotPopBS9_CKDL230018273-1A_H5YMHDSX7_L3_clmp.fp2_repr.R1	3.564783127899119	41.0	143.2267567224559	0.0	3167518.0
GotPopBS9_CKDL230018273-1A_H5YMHDSX7_L3_clmp.fp2_repr.R2	4.688659585173539	41.0	143.0692794800219	0.0	3167518.0
GotPopCL11_CKDL230018273-1A_H5YMHDSX7_L3_clmp.fp2_repr.R1	0.9350564504603796	41.0	144.75888609869133	9.090909090909092	48981.0
GotPopCL11_CKDL230018273-1A_H5YMHDSX7_L3_clmp.fp2_repr.R2	0.977930217839571	41.0	144.65394744901084	9.090909090909092	48981.0
GotPopCL1_CKDL230018273-1A_H5YMHDSX7_L3_clmp.fp2_repr.R1	3.3289832812772033	41.0	145.22508439375054	0.0	6600311.0
GotPopCL1_CKDL230018273-1A_H5YMHDSX7_L3_clmp.fp2_repr.R2	3.8161758152231045	41.0	144.9443008064317	0.0	6600311.0
GotPopCS11_CKDL230018273-1A_H5YMHDSX7_L3_clmp.fp2_repr.R1	3.7816687888989264	41.0	143.3032792723027	0.0	1993796.0
GotPopCS11_CKDL230018273-1A_H5YMHDSX7_L3_clmp.fp2_repr.R2	4.599256143768841	41.0	143.0995011525753	0.0	1993796.0
GotPopCS12_CKDL230018273-1A_H5YMHDSX7_L3_clmp.fp2_repr.R1	3.130892219337099	41.0	145.1083247636182	0.0	7200745.0
GotPopCS12_CKDL230018273-1A_H5YMHDSX7_L3_clmp.fp2_repr.R2	3.7015320253295414	41.0	144.92303754680938	0.0	7200745.0
GotPopCS13_CKDL230018273-1A_H5YMHDSX7_L3_clmp.fp2_repr.R1	3.6611090070861536	41.0	143.12109410650993	0.0	3736309.0
GotPopCS13_CKDL230018273-1A_H5YMHDSX7_L3_clmp.fp2_repr.R2	4.048683572101481	41.0	142.96267171692705	0.0	3736309.0
GotPopCS14_CKDL230018273-1A_H5YMHDSX7_L3_clmp.fp2_repr.R1	3.4406355678650584	41.0	143.846679433585	0.0	3411421.0
GotPopCS14_CKDL230018273-1A_H5YMHDSX7_L3_clmp.fp2_repr.R2	4.2378863745293955	41.0	143.7385245034254	0.0	3411421.0
GotPopCS15_CKDL230018273-1A_H5YMHDSX7_L3_clmp.fp2_repr.R1	3.5548856705298846	41.0	143.74194893109723	0.0	5390247.0
GotPopCS15_CKDL230018273-1A_H5YMHDSX7_L3_clmp.fp2_repr.R2	4.138299153643189	41.0	143.49444079278743	0.0	5390247.0
GotPopCS16_CKDL230018273-1A_H5YMHDSX7_L3_clmp.fp2_repr.R1	2.933707182248085	41.0	144.28013676922566	0.0	4089224.0
GotPopCS16_CKDL230018273-1A_H5YMHDSX7_L3_clmp.fp2_repr.R2	3.4570973370574194	41.0	144.07710338196196	0.0	4089224.0
GotPopCS18_CKDL230018273-1A_H5YMHDSX7_L3_clmp.fp2_repr.R1	3.0484316348598384	41.0	145.56057067533658	0.0	5646503.0
GotPopCS18_CKDL230018273-1A_H5YMHDSX7_L3_clmp.fp2_repr.R2	3.505575193475096	41.0	145.3357053029105	0.0	5646503.0
GotPopCS19_CKDL230018273-1A_H5YMHDSX7_L3_clmp.fp2_repr.R1	3.125317653194017	41.0	144.74957792992333	0.0	5019901.0
GotPopCS19_CKDL230018273-1A_H5YMHDSX7_L3_clmp.fp2_repr.R2	3.7226767643086163	41.0	144.58174334513768	9.090909090909092	5019901.0
GotPopCS1_CKDL230018273-1A_H5YMHDSX7_L3_clmp.fp2_repr.R1	3.6341598030951303	41.0	145.91855815135048	0.0	14974304.0
GotPopCS1_CKDL230018273-1A_H5YMHDSX7_L3_clmp.fp2_repr.R2	4.240109126922334	41.0	145.74515857297942	0.0	14974304.0
GotPopCS21_CKDL230018273-1A_H5YMHDSX7_L3_clmp.fp2_repr.R1	4.048316457237036	41.0	141.70757162951028	9.090909090909092	2640462.0
GotPopCS21_CKDL230018273-1A_H5YMHDSX7_L3_clmp.fp2_repr.R2	4.91075106576902	41.0	141.57809542420986	0.0	2640462.0
GotPopCS23_CKDL230018273-1A_H5YMHDSX7_L3_clmp.fp2_repr.R1	2.9888047844369083	41.0	143.86738319881155	0.0	4021406.0
GotPopCS23_CKDL230018273-1A_H5YMHDSX7_L3_clmp.fp2_repr.R2	3.5226305605643375	41.0	143.6177617977394	0.0	4021406.0
GotPopCS24_CKDL230018273-1A_H5YMHDSX7_L3_clmp.fp2_repr.R1	2.9692012154234533	41.0	144.55638186056294	0.0	6384917.0
GotPopCS24_CKDL230018273-1A_H5YMHDSX7_L3_clmp.fp2_repr.R2	3.3952889110901197	41.0	144.35291829165516	0.0	6384917.0
GotPopCS25_CKDL230018273-1A_H5YMHDSX7_L3_clmp.fp2_repr.R1	3.7489963972132188	41.0	145.79282967377895	0.0	15053290.0
GotPopCS25_CKDL230018273-1A_H5YMHDSX7_L3_clmp.fp2_repr.R2	4.412610579079839	41.0	145.61479962187667	0.0	15053290.0
GotPopCS26_CKDL230018273-1A_H5YMHDSX7_L3_clmp.fp2_repr.R1	3.136848382868493	41.0	145.33543430789138	0.0	5733847.0
GotPopCS26_CKDL230018273-1A_H5YMHDSX7_L3_clmp.fp2_repr.R2	3.666129257479639	41.0	145.11522525801612	0.0	5733847.0
GotPopCS28_CKDL230018273-1A_H5YMHDSX7_L3_clmp.fp2_repr.R1	3.1975224294300943	41.0	144.8663525410043	0.0	3799541.0
GotPopCS28_CKDL230018273-1A_H5YMHDSX7_L3_clmp.fp2_repr.R2	3.5596334155402047	41.0	144.60810608439283	0.0	3799541.0
GotPopCS29_CKDL230018273-1A_H5YMHDSX7_L3_clmp.fp2_repr.R1	3.4299862699054557	41.0	144.37318163232376	9.090909090909092	1543211.0
GotPopCS29_CKDL230018273-1A_H5YMHDSX7_L3_clmp.fp2_repr.R2	4.043860473674997	41.0	144.2096984793395	0.0	1543211.0
GotPopCS2_CKDL230018273-1A_H5YMHDSX7_L3_clmp.fp2_repr.R1	2.6887653987285205	41.0	143.6988187777	0.0	4185241.0
GotPopCS2_CKDL230018273-1A_H5YMHDSX7_L3_clmp.fp2_repr.R2	3.09166507877471	41.0	143.52291253956463	0.0	4185241.0
GotPopCS30_CKDL230018273-1A_H5YMHDSX7_L3_clmp.fp2_repr.R1	4.1274583036858274	41.0	146.83259151001496	0.0	23518628.0
GotPopCS30_CKDL230018273-1A_H5YMHDSX7_L3_clmp.fp2_repr.R2	5.0679252057542215	41.0	146.62388868942526	0.0	23518628.0
GotPopCS32_CKDL230018273-1A_H5YMHDSX7_L3_clmp.fp2_repr.R1	3.3019421821441313	41.0	145.89770030231242	0.0	9099196.0
GotPopCS32_CKDL230018273-1A_H5YMHDSX7_L3_clmp.fp2_repr.R2	3.4121988203612545	41.0	145.68534301503988	0.0	7664489.0
GotPopCS33_CKDL230018273-1A_H5YMHDSX7_L3_clmp.fp2_repr.R1	3.6590718190747964	41.0	142.51291059378866	0.0	2969693.0
GotPopCS33_CKDL230018273-1A_H5YMHDSX7_L3_clmp.fp2_repr.R2	4.725271790439862	41.0	142.33773423717537	0.0	2969693.0
GotPopCS34_CKDL230018273-1A_H5YMHDSX7_L3_clmp.fp2_repr.R1	3.360202212140422	41.0	144.18612261449582	0.0	6924532.0
GotPopCS34_CKDL230018273-1A_H5YMHDSX7_L3_clmp.fp2_repr.R2	4.060019960312829	41.0	144.0693036005899	0.0	6924532.0
GotPopCS35_CKDL230018273-1A_H5YMHDSX7_L3_clmp.fp2_repr.R1	2.3194379146671764	40.0	135.0762681580217	0.0	559670.0
GotPopCS35_CKDL230018273-1A_H5YMHDSX7_L3_clmp.fp2_repr.R2	2.555909863852591	40.0	134.9528150517269	0.0	559670.0
GotPopCS37_CKDL230018273-1A_H5YMHDSX7_L3_clmp.fp2_repr.R1	2.803559736944024	41.0	141.51813631076334	0.0	844218.0
GotPopCS37_CKDL230018273-1A_H5YMHDSX7_L3_clmp.fp2_repr.R2	3.137302382547034	41.0	141.2998076326257	0.0	844218.0
GotPopCS38_CKDL230018273-1A_H5YMHDSX7_L3_clmp.fp2_repr.R1	3.564344754838743	41.0	146.31727335068697	0.0	7929938.0
GotPopCS38_CKDL230018273-1A_H5YMHDSX7_L3_clmp.fp2_repr.R2	4.0290664107693885	41.0	146.01600731304583	0.0	7929938.0
GotPopCS39_CKDL230018273-1A_H5YMHDSX7_L3_clmp.fp2_repr.R1	3.2417995648492592	41.0	143.86484364571405	0.0	1708044.0
GotPopCS39_CKDL230018273-1A_H5YMHDSX7_L3_clmp.fp2_repr.R2	3.9532402931329074	41.0	143.69652421132008	0.0	1708044.0
GotPopCS3_CKDL230018273-1A_H5YMHDSX7_L3_clmp.fp2_repr.R1	3.4461705275489862	41.0	145.08941482817482	0.0	7702917.0
GotPopCS3_CKDL230018273-1A_H5YMHDSX7_L3_clmp.fp2_repr.R2	4.031249954147015	41.0	144.91808947181957	0.0	7702917.0
GotPopCS40_CKDL230018273-1A_H5YMHDSX7_L3_clmp.fp2_repr.R1	3.636131291607782	41.0	145.97062369418498	0.0	10329277.0
GotPopCS40_CKDL230018273-1A_H5YMHDSX7_L3_clmp.fp2_repr.R2	4.398417070182774	41.0	145.73188055659656	0.0	10329277.0
GotPopCS41_CKDL230018273-1A_H5YMHDSX7_L3_clmp.fp2_repr.R1	2.81631799066912	41.0	143.87693970061744	0.0	4386695.0
GotPopCS41_CKDL230018273-1A_H5YMHDSX7_L3_clmp.fp2_repr.R2	3.2447288659101474	41.0	143.69347150873264	0.0	4386695.0
GotPopCS42_CKDL230018273-1A_H5YMHDSX7_L3_clmp.fp2_repr.R1	3.6337185348955074	41.0	144.7211687587242	9.090909090909092	1909205.0
GotPopCS42_CKDL230018273-1A_H5YMHDSX7_L3_clmp.fp2_repr.R2	4.38451125120217	41.0	144.5739153207749	0.0	1909205.0
GotPopCS43_CKDL230018273-1A_H5YMHDSX7_L3_clmp.fp2_repr.R1	2.8820836852057425	41.0	143.8385708055625	0.0	4764894.0
GotPopCS43_CKDL230018273-1A_H5YMHDSX7_L3_clmp.fp2_repr.R2	3.2632135100894004	41.0	143.67121178351502	0.0	4764894.0
GotPopCS44_CKDL230018273-1A_H5YMHDSX7_L3_clmp.fp2_repr.R1	3.405014750764167	41.0	144.29837667724232	0.0	3321151.0
GotPopCS44_CKDL230018273-1A_H5YMHDSX7_L3_clmp.fp2_repr.R2	4.264011997194174	41.0	144.1099537479627	0.0	3321151.0
GotPopCS45_CKDL230018273-1A_H5YMHDSX7_L3_clmp.fp2_repr.R1	3.4070532151974646	41.0	145.78904812862783	0.0	9737240.0
GotPopCS45_CKDL230018273-1A_H5YMHDSX7_L3_clmp.fp2_repr.R2	4.057816381099997	41.0	145.55269686276603	0.0	9737240.0
GotPopCS46_CKDL230018273-1A_H5YMHDSX7_L3_clmp.fp2_repr.R1	3.175532153531819	41.0	143.60341554642258	0.0	3269228.0
GotPopCS46_CKDL230018273-1A_H5YMHDSX7_L3_clmp.fp2_repr.R2	4.042378437116838	41.0	143.4322179425846	0.0	3269228.0
GotPopCS47_CKDL230018273-1A_H5YMHDSX7_L3_clmp.fp2_repr.R1	3.0097120104284585	41.0	145.481692690654	0.0	4706235.0
GotPopCS47_CKDL230018273-1A_H5YMHDSX7_L3_clmp.fp2_repr.R2	3.505938828943755	41.0	145.2899085999743	0.0	4706235.0
GotPopCS48_CKDL230018273-1A_H5YMHDSX7_L3_clmp.fp2_repr.R1	1.0577247665128766	41.0	144.33687783654025	9.090909090909092	53322.0
GotPopCS48_CKDL230018273-1A_H5YMHDSX7_L3_clmp.fp2_repr.R2	1.0352199842466518	41.0	144.30840928697347	9.090909090909092	53322.0
GotPopCS49_CKDL230018273-1A_H5YMHDSX7_L3_clmp.fp2_repr.R1	3.3937164112353457	41.0	145.48652543713314	0.0	3628986.0
GotPopCS49_CKDL230018273-1A_H5YMHDSX7_L3_clmp.fp2_repr.R2	4.128074007399235	41.0	145.28053428698814	0.0	3628986.0
GotPopCS4_CKDL230018273-1A_H5YMHDSX7_L3_clmp.fp2_repr.R1	3.288790867496374	41.0	142.4266104683864	0.0	3363804.0
GotPopCS4_CKDL230018273-1A_H5YMHDSX7_L3_clmp.fp2_repr.R2	4.092588547932891	41.0	142.26469170022986	0.0	3363804.0
GotPopCS50_CKDL230018273-1A_H5YMHDSX7_L3_clmp.fp2_repr.R1	3.0882118573754838	41.0	144.06250665281365	0.0	4396636.0
GotPopCS50_CKDL230018273-1A_H5YMHDSX7_L3_clmp.fp2_repr.R2	3.5781812517912215	41.0	143.88515060150533	0.0	4396636.0
GotPopCS6_CKDL230018273-1A_H5YMHDSX7_L3_clmp.fp2_repr.R1	4.661432867078901	41.0	144.12029586115733	0.0	2576614.0
GotPopCS6_CKDL230018273-1A_H5YMHDSX7_L3_clmp.fp2_repr.R2	6.225315321614303	41.0	143.9159082423677	0.0	2576614.0
GotPopCS8_CKDL230018273-1A_H5YMHDSX7_L3_clmp.fp2_repr.R1	3.3103514542792567	41.0	142.36417578329778	0.0	2962443.0
GotPopCS8_CKDL230018273-1A_H5YMHDSX7_L3_clmp.fp2_repr.R2	4.091675486752493	40.0	142.22089370158346	0.0	2962443.0
GotPopWAL136_CKDL230018273-1A_H5YMHDSX7_L3_clmp.fp2_repr.R1	3.045460986424004	41.0	144.73949343429396	0.0	5431556.0
GotPopWAL136_CKDL230018273-1A_H5YMHDSX7_L3_clmp.fp2_repr.R2	3.4955404041083398	41.0	144.54563903971533	0.0	5431556.0
GotPopWAL182_CKDL230018273-1A_H5YMHDSX7_L3_clmp.fp2_repr.R1	3.095668489104071	41.0	146.00668754119565	0.0	5642283.0
GotPopWAL182_CKDL230018273-1A_H5YMHDSX7_L3_clmp.fp2_repr.R2	3.6192691316124126	41.0	145.8100136061945	0.0	5642283.0
GotPopWAL188_CKDL230018273-1A_H5YMHDSX7_L3_clmp.fp2_repr.R1	3.0837357121903892	41.0	143.52836009259738	0.0	2792304.0
GotPopWAL188_CKDL230018273-1A_H5YMHDSX7_L3_clmp.fp2_repr.R2	3.6326600184688687	41.0	143.2991167867109	0.0	2792304.0
GotPopWAL19_CKDL230018273-1A_H5YMHDSX7_L3_clmp.fp2_repr.R1	2.877270166297947	41.0	143.47293400731704	0.0	3824227.0
GotPopWAL19_CKDL230018273-1A_H5YMHDSX7_L3_clmp.fp2_repr.R2	3.3833421461812065	41.0	143.31012881818992	0.0	3824227.0
GotPopWAL228_CKDL230018273-1A_H5YMHDSX7_L3_clmp.fp2_repr.R1	3.2200413015536924	41.0	145.35740961758918	9.090909090909092	5942196.0
GotPopWAL228_CKDL230018273-1A_H5YMHDSX7_L3_clmp.fp2_repr.R2	3.742082145718726	41.0	145.14121328209302	9.090909090909092	5942196.0
GotPopWAL230_CKDL230018273-1A_H5YMHDSX7_L3_clmp.fp2_repr.R1	3.2131530203037073	41.0	145.709088153761	0.0	5569371.0
GotPopWAL230_CKDL230018273-1A_H5YMHDSX7_L3_clmp.fp2_repr.R2	3.5686634430557973	41.0	145.3609732589192	0.0	5569371.0
GotPopWAL25_CKDL230018273-1A_H5YMHDSX7_L3_clmp.fp2_repr.R1	3.225783105759689	41.0	144.79887673622085	0.0	5568416.0
GotPopWAL25_CKDL230018273-1A_H5YMHDSX7_L3_clmp.fp2_repr.R2	3.7827558963328443	41.0	144.59317640779713	0.0	5568416.0
GotPopWAL2_CKDL230018273-1A_H5YMHDSX7_L3_clmp.fp2_repr.R1	3.482466396300623	41.0	145.6170702840027	0.0	6805745.0
GotPopWAL2_CKDL230018273-1A_H5YMHDSX7_L3_clmp.fp2_repr.R2	4.045962122120812	41.0	145.40901385520615	0.0	6805745.0
GotPopWAL66_CKDL230018273-1A_H5YMHDSX7_L3_clmp.fp2_repr.R1	3.521508953061641	41.0	140.29888730152805	0.0	1473445.0
GotPopWAL66_CKDL230018273-1A_H5YMHDSX7_L3_clmp.fp2_repr.R2	4.224981651085443	41.0	140.14076942132215	0.0	1473445.0
GotPopWAL94_CKDL230018273-1A_H5YMHDSX7_L3_clmp.fp2_repr.R1	3.575871262044245	41.0	142.5667028708236	0.0	1545863.0
GotPopWAL94_CKDL230018273-1A_H5YMHDSX7_L3_clmp.fp2_repr.R2	4.265430165819339	41.0	142.4483922572699	0.0	1545863.0
GotPopWAS104_CKDL230018273-1A_H5YMHDSX7_L3_clmp.fp2_repr.R1	4.670741014076484	41.0	142.87978575183664	0.0	2240766.0
GotPopWAS104_CKDL230018273-1A_H5YMHDSX7_L3_clmp.fp2_repr.R2	6.292027393612571	41.0	142.70515439809424	0.0	2240766.0
GotPopWAS268_CKDL230018273-1A_H5YMHDSX7_L3_clmp.fp2_repr.R1	3.3113264087162264	41.0	144.49427197110836	0.0	5879073.0
GotPopWAS268_CKDL230018273-1A_H5YMHDSX7_L3_clmp.fp2_repr.R2	3.925684032509608	41.0	144.30297752723942	0.0	5879073.0
GotPopWAS296_CKDL230018273-1A_H5YMHDSX7_L3_clmp.fp2_repr.R1	3.1588544516703934	41.0	144.42046943910302	9.090909090909092	418116.0
GotPopWAS296_CKDL230018273-1A_H5YMHDSX7_L3_clmp.fp2_repr.R2	3.488775985754856	41.0	144.25094232222636	9.090909090909092	418116.0
GotPopWAS49_CKDL230018273-1A_H5YMHDSX7_L3_clmp.fp2_repr.R1	4.8306122534824425	41.0	143.1431008372745	9.090909090909092	1718194.0
GotPopWAS49_CKDL230018273-1A_H5YMHDSX7_L3_clmp.fp2_repr.R2	6.287509008437283	41.0	142.9568285071418	0.0	1718194.0
GotPopWAS57_CKDL230018273-1A_H5YMHDSX7_L3_clmp.fp2_repr.R1	3.202556898781822	41.0	145.4983571741942	0.0	6327512.0
GotPopWAS57_CKDL230018273-1A_H5YMHDSX7_L3_clmp.fp2_repr.R2	3.86807596585966	41.0	145.2978434493684	0.0	6327512.0
GotPopWBL100_CKDL230018273-1A_H5YMHDSX7_L3_clmp.fp2_repr.R1	2.371248200243656	41.0	143.28687562299257	9.090909090909092	90290.0
GotPopWBL100_CKDL230018273-1A_H5YMHDSX7_L3_clmp.fp2_repr.R2	2.2815372688005198	41.0	143.07022926126925	9.090909090909092	90290.0
GotPopWBL106_CKDL230018273-1A_H5YMHDSX7_L3_clmp.fp2_repr.R1	3.2585410199024807	41.0	141.60140102111984	9.090909090909092	2774405.0
GotPopWBL106_CKDL230018273-1A_H5YMHDSX7_L3_clmp.fp2_repr.R2	4.153394931662362	41.0	141.45622683061774	0.0	2774405.0
GotPopWBL10_CKDL230018273-1A_H5YMHDSX7_L3_clmp.fp2_repr.R1	3.8755647604569248	41.0	143.98047348602236	0.0	1839294.0
GotPopWBL10_CKDL230018273-1A_H5YMHDSX7_L3_clmp.fp2_repr.R2	4.799530610104171	41.0	143.75472382338006	0.0	1839294.0
GotPopWBL156_CKDL230018273-1A_H5YMHDSX7_L3_clmp.fp2_repr.R1	3.8125916685548447	41.0	141.92632725329457	0.0	2664676.0
GotPopWBL156_CKDL230018273-1A_H5YMHDSX7_L3_clmp.fp2_repr.R2	4.494398050937818	41.0	141.84542473456435	0.0	2664676.0
GotPopWBL172_CKDL230018273-1A_H5YMHDSX7_L3_clmp.fp2_repr.R1	2.828239846797601	41.0	141.45611989697878	0.0	697332.0
GotPopWBL172_CKDL230018273-1A_H5YMHDSX7_L3_clmp.fp2_repr.R2	3.1538176933241857	41.0	141.2974322130635	0.0	697332.0
GotPopWBL204_CKDL230018273-1A_H5YMHDSX7_L3_clmp.fp2_repr.R1	3.0519347810218846	41.0	144.8765978056393	0.0	4437101.0
GotPopWBL204_CKDL230018273-1A_H5YMHDSX7_L3_clmp.fp2_repr.R2	3.421147538565833	41.0	144.60270230495092	0.0	4437101.0
GotPopWBL217_CKDL230018273-1A_H5YMHDSX7_L3_clmp.fp2_repr.R1	3.0781201181842874	41.0	144.1953317054734	0.0	5572142.0
GotPopWBL217_CKDL230018273-1A_H5YMHDSX7_L3_clmp.fp2_repr.R2	3.612899468880485	41.0	144.03423853878814	0.0	5572142.0
GotPopWBL231_CKDL230018273-1A_H5YMHDSX7_L3_clmp.fp2_repr.R1	7.772981432917518	41.0	146.86326954059956	0.0	66950415.0
GotPopWBL231_CKDL230018273-1A_H5YMHDSX7_L3_clmp.fp2_repr.R2	9.468022717635122	41.0	146.46997751993024	0.0	66950415.0
GotPopWBL3_CKDL230018273-1A_H5YMHDSX7_L3_clmp.fp2_repr.R1	4.696454637959533	41.0	143.71584269293635	0.0	2494942.0
GotPopWBL3_CKDL230018273-1A_H5YMHDSX7_L3_clmp.fp2_repr.R2	6.463255108639913	41.0	143.5445529395072	0.0	2494942.0
GotPopWBL44_CKDL230018273-1A_H5YMHDSX7_L3_clmp.fp2_repr.R1	2.9973596966260203	41.0	144.73698547704436	0.0	495216.0
GotPopWBL44_CKDL230018273-1A_H5YMHDSX7_L3_clmp.fp2_repr.R2	3.3331770581656315	41.0	144.5361963264515	0.0	495216.0
GotPopWBS121_CKDL230018273-1A_H5YMHDSX7_L3_clmp.fp2_repr.R1	3.180557559561933	41.0	143.85939619512453	0.0	6140858.0
GotPopWBS121_CKDL230018273-1A_H5YMHDSX7_L3_clmp.fp2_repr.R2	3.6760325851680875	41.0	143.62254818463478	0.0	6140858.0
GotPopWBS124_CKDL230018273-1A_H5YMHDSX7_L3_clmp.fp2_repr.R1	3.387403407429886	41.0	145.09172242103625	0.0	437036.0
GotPopWBS124_CKDL230018273-1A_H5YMHDSX7_L3_clmp.fp2_repr.R2	3.737307446505355	41.0	144.81648651369682	0.0	437036.0
GotPopWBS152_CKDL230018273-1A_H5YMHDSX7_L3_clmp.fp2_repr.R1	4.240181288734604	41.0	144.28075240421734	0.0	2525770.0
GotPopWBS152_CKDL230018273-1A_H5YMHDSX7_L3_clmp.fp2_repr.R2	5.644451168776669	41.0	144.17299714542497	0.0	2525770.0
GotPopWBS161_CKDL230018273-1A_H5YMHDSX7_L3_clmp.fp2_repr.R1	4.579754409474447	41.0	142.34019517646155	0.0	2319542.0
GotPopWBS161_CKDL230018273-1A_H5YMHDSX7_L3_clmp.fp2_repr.R2	5.974618228168282	41.0	142.11807589601742	9.090909090909092	2319542.0
GotPopWBS16_CKDL230018273-1A_H5YMHDSX7_L3_clmp.fp2_repr.R1	3.572800947811146	41.0	139.45338275839	9.090909090909092	1135996.0
GotPopWBS16_CKDL230018273-1A_H5YMHDSX7_L3_clmp.fp2_repr.R2	4.451137349751704	41.0	139.30419737393441	0.0	1135996.0
GotPopWBS234_CKDL230018273-1A_H5YMHDSX7_L3_clmp.fp2_repr.R1	3.208789174892374	41.0	143.44241534954713	0.0	3983440.0
GotPopWBS234_CKDL230018273-1A_H5YMHDSX7_L3_clmp.fp2_repr.R2	3.649443863577133	41.0	143.25207785230856	0.0	3983440.0
GotPopWBS252_CKDL230018273-1A_H5YMHDSX7_L3_clmp.fp2_repr.R1	3.320716777869791	40.0	144.20995230449566	0.0	5082240.0
GotPopWBS252_CKDL230018273-1A_H5YMHDSX7_L3_clmp.fp2_repr.R2	4.031715968971582	40.0	144.1042164478655	0.0	5082240.0
GotPopWBS290_CKDL230018273-1A_H5YMHDSX7_L3_clmp.fp2_repr.R1	3.4733237550070157	41.0	140.1042927147531	0.0	852188.0
GotPopWBS290_CKDL230018273-1A_H5YMHDSX7_L3_clmp.fp2_repr.R2	4.123990001631327	41.0	139.9229407126127	0.0	852188.0
GotPopWBS53_CKDL230018273-1A_H5YMHDSX7_L3_clmp.fp2_repr.R1	3.30771418530486	41.0	144.2894560280817	0.0	4493743.0
GotPopWBS53_CKDL230018273-1A_H5YMHDSX7_L3_clmp.fp2_repr.R2	3.9318807056356775	41.0	144.15852820243614	0.0	4493743.0
GotPopWCL101_CKDL230018273-1A_H5YMHDSX7_L3_clmp.fp2_repr.R1	3.207870674757956	41.0	142.79834281780938	0.0	3168511.0
GotPopWCL101_CKDL230018273-1A_H5YMHDSX7_L3_clmp.fp2_repr.R2	3.947144540920405	41.0	142.62254162917534	0.0	3168511.0
GotPopWCL112_CKDL230018273-1A_H5YMHDSX7_L3_clmp.fp2_repr.R1	3.1401636489572553	41.0	143.5637687254184	0.0	4237422.0
GotPopWCL112_CKDL230018273-1A_H5YMHDSX7_L3_clmp.fp2_repr.R2	3.609439891971661	41.0	143.35225592353086	0.0	4237422.0
GotPopWCL116_CKDL230018273-1A_H5YMHDSX7_L3_clmp.fp2_repr.R1	3.2231758139690925	41.0	144.70749014787333	0.0	3555070.0
GotPopWCL116_CKDL230018273-1A_H5YMHDSX7_L3_clmp.fp2_repr.R2	4.08239961785614	41.0	144.51487143713064	0.0	3555070.0
GotPopWCL122_CKDL230018273-1A_H5YMHDSX7_L3_clmp.fp2_repr.R1	5.282332308915713	41.0	147.03566748667538	0.0	40791436.0
GotPopWCL122_CKDL230018273-1A_H5YMHDSX7_L3_clmp.fp2_repr.R2	6.476255039817474	41.0	146.8015782038171	0.0	40791436.0
GotPopWCL123_CKDL230018273-1A_H5YMHDSX7_L3_clmp.fp2_repr.R1	3.989032364372278	41.0	146.2338461840869	0.0	17602327.0
GotPopWCL123_CKDL230018273-1A_H5YMHDSX7_L3_clmp.fp2_repr.R2	4.947225094131454	41.0	146.07627247238392	0.0	17602327.0
GotPopWCL127_CKDL230018273-1A_H5YMHDSX7_L3_clmp.fp2_repr.R1	3.9386998627316814	41.0	146.6905387027975	0.0	15687574.0
GotPopWCL127_CKDL230018273-1A_H5YMHDSX7_L3_clmp.fp2_repr.R2	4.628625127829196	41.0	146.52786555779753	0.0	15687574.0
GotPopWCL12_CKDL230018273-1A_H5YMHDSX7_L3_clmp.fp2_repr.R1	3.6009871084821015	41.0	146.2392669597188	0.0	10912961.0
GotPopWCL12_CKDL230018273-1A_H5YMHDSX7_L3_clmp.fp2_repr.R2	4.245587259525109	41.0	146.06010082873016	0.0	10912961.0
GotPopWCL132_CKDL230018273-1A_H5YMHDSX7_L3_clmp.fp2_repr.R1	3.513579180214137	41.0	142.81137733349092	0.0	3062686.0
GotPopWCL132_CKDL230018273-1A_H5YMHDSX7_L3_clmp.fp2_repr.R2	4.2704669231357855	41.0	142.45510444100375	9.090909090909092	3062686.0
GotPopWCL134_CKDL230018273-1A_H5YMHDSX7_L3_clmp.fp2_repr.R1	3.204298721083461	41.0	141.61359708427452	0.0	2020492.0
GotPopWCL134_CKDL230018273-1A_H5YMHDSX7_L3_clmp.fp2_repr.R2	3.754092827873592	41.0	141.39327203473212	0.0	2020492.0
GotPopWCL136_CKDL230018273-1A_H5YMHDSX7_L3_clmp.fp2_repr.R1	3.0670782698967116	41.0	144.2791082129648	0.0	8060938.0
GotPopWCL136_CKDL230018273-1A_H5YMHDSX7_L3_clmp.fp2_repr.R2	3.521238377029732	41.0	144.0867447436018	0.0	8060938.0
GotPopWCL153_CKDL230018273-1A_H5YMHDSX7_L3_clmp.fp2_repr.R1	2.839877822072566	41.0	144.50200462721978	0.0	6116848.0
GotPopWCL153_CKDL230018273-1A_H5YMHDSX7_L3_clmp.fp2_repr.R2	3.3055609151609247	41.0	144.3693902480493	0.0	6116848.0
GotPopWCL155_CKDL230018273-1A_H5YMHDSX7_L3_clmp.fp2_repr.R1	3.1972130628470694	41.0	141.30521468944644	0.0	1467911.0
GotPopWCL155_CKDL230018273-1A_H5YMHDSX7_L3_clmp.fp2_repr.R2	3.769707478134663	41.0	141.19719111036022	0.0	1467911.0
GotPopWCL157_CKDL230018273-1A_H5YMHDSX7_L3_clmp.fp2_repr.R1	7.048130163629864	41.0	147.28698065812404	0.0	57294701.0
GotPopWCL157_CKDL230018273-1A_H5YMHDSX7_L3_clmp.fp2_repr.R2	8.50857604578053	41.0	146.96116017779724	0.0	57294701.0
GotPopWCL160_CKDL230018273-1A_H5YMHDSX7_L3_clmp.fp2_repr.R1	3.7809376658706384	41.0	142.5731948876469	0.0	2642384.0
GotPopWCL160_CKDL230018273-1A_H5YMHDSX7_L3_clmp.fp2_repr.R2	4.559246816538135	41.0	142.38158685490072	0.0	2642384.0
GotPopWCL16_CKDL230018273-1A_H5YMHDSX7_L3_clmp.fp2_repr.R1	4.070216647972387	41.0	144.29841034183377	0.0	2462542.0
GotPopWCL16_CKDL230018273-1A_H5YMHDSX7_L3_clmp.fp2_repr.R2	5.186159220883098	41.0	144.1320513518145	0.0	2462542.0
GotPopWCL177_CKDL230018273-1A_H5YMHDSX7_L3_clmp.fp2_repr.R1	2.824492893221503	41.0	144.46766942894587	0.0	4569777.0
GotPopWCL177_CKDL230018273-1A_H5YMHDSX7_L3_clmp.fp2_repr.R2	3.132762571935814	41.0	144.26751349135856	0.0	4569777.0
GotPopWCL180_CKDL230018273-1A_H5YMHDSX7_L3_clmp.fp2_repr.R1	3.0501834442246576	41.0	144.11300829488098	0.0	2881054.0
GotPopWCL180_CKDL230018273-1A_H5YMHDSX7_L3_clmp.fp2_repr.R2	3.8442399543009884	41.0	143.95845756448855	0.0	2881054.0
GotPopWCL188_CKDL230018273-1A_H5YMHDSX7_L3_clmp.fp2_repr.R1	2.977157917864062	41.0	144.5683642951884	0.0	4198661.0
GotPopWCL188_CKDL230018273-1A_H5YMHDSX7_L3_clmp.fp2_repr.R2	3.3285458579715765	41.0	144.30819325494485	0.0	4198661.0
GotPopWCL192_CKDL230018273-1A_H5YMHDSX7_L3_clmp.fp2_repr.R1	2.8702524464306833	41.0	143.68093893904805	0.0	3944665.0
GotPopWCL192_CKDL230018273-1A_H5YMHDSX7_L3_clmp.fp2_repr.R2	3.1806529260213097	41.0	143.4273787507938	0.0	3944665.0
GotPopWCL196_CKDL230018273-1A_H5YMHDSX7_L3_clmp.fp2_repr.R1	2.8168649126852188	41.0	146.1248116863683	0.0	5543279.0
GotPopWCL196_CKDL230018273-1A_H5YMHDSX7_L3_clmp.fp2_repr.R2	3.3061153717565617	41.0	145.95581369799356	0.0	5543279.0
GotPopWCL202_CKDL230018273-1A_H5YMHDSX7_L3_clmp.fp2_repr.R1	3.857268732409864	41.0	144.35596299948048	0.0	2619747.0
GotPopWCL202_CKDL230018273-1A_H5YMHDSX7_L3_clmp.fp2_repr.R2	4.563708899143251	41.0	144.13202267241837	0.0	2619747.0
GotPopWCL206_CKDL230018273-1A_H5YMHDSX7_L3_clmp.fp2_repr.R1	3.7943842717731684	41.0	146.0950019556577	0.0	16020186.0
GotPopWCL206_CKDL230018273-1A_H5YMHDSX7_L3_clmp.fp2_repr.R2	4.76079538469925	41.0	145.95652822008432	0.0	16020186.0
GotPopWCL209_CKDL230018273-1A_H5YMHDSX7_L3_clmp.fp2_repr.R1	3.3151078503630913	41.0	141.3625602217463	0.0	1274249.0
GotPopWCL209_CKDL230018273-1A_H5YMHDSX7_L3_clmp.fp2_repr.R2	3.8927638350509426	41.0	141.24198488678428	0.0	1274249.0
GotPopWCL20_CKDL230018273-1A_H5YMHDSX7_L3_clmp.fp2_repr.R1	3.623132335474253	41.0	146.41669333228458	0.0	11187940.0
GotPopWCL20_CKDL230018273-1A_H5YMHDSX7_L3_clmp.fp2_repr.R2	4.208819795644374	41.0	146.178813883521	0.0	11187940.0
GotPopWCL217_CKDL230018273-1A_H5YMHDSX7_L3_clmp.fp2_repr.R1	3.536573452195995	41.0	144.95963721381835	0.0	3647989.0
GotPopWCL217_CKDL230018273-1A_H5YMHDSX7_L3_clmp.fp2_repr.R2	4.357478532347301	41.0	144.71468636555647	0.0	3647989.0
GotPopWCL220_CKDL230018273-1A_H5YMHDSX7_L3_clmp.fp2_repr.R1	2.8295781341194868	41.0	144.24369703814074	9.090909090909092	4269818.0
GotPopWCL220_CKDL230018273-1A_H5YMHDSX7_L3_clmp.fp2_repr.R2	3.2959518338869316	41.0	144.0247204915994	0.0	4269818.0
GotPopWCL223_CKDL230018273-1A_H5YMHDSX7_L3_clmp.fp2_repr.R1	3.1193913211863276	41.0	143.73193175950271	0.0	1014764.0
GotPopWCL223_CKDL230018273-1A_H5YMHDSX7_L3_clmp.fp2_repr.R2	3.6136897985669947	41.0	143.56112751339228	0.0	1014764.0
GotPopWCL224_CKDL230018273-1A_H5YMHDSX7_L3_clmp.fp2_repr.R1	3.270700075795446	41.0	140.16310547208926	0.0	1497344.0
GotPopWCL224_CKDL230018273-1A_H5YMHDSX7_L3_clmp.fp2_repr.R2	3.8223973965304623	41.0	139.95696847217474	0.0	1497344.0
GotPopWCL226_CKDL230018273-1A_H5YMHDSX7_L3_clmp.fp2_repr.R1	3.1180301628693172	41.0	141.39977057280325	0.0	3007490.0
GotPopWCL226_CKDL230018273-1A_H5YMHDSX7_L3_clmp.fp2_repr.R2	3.9275724909015395	41.0	141.23688856820803	9.090909090909092	3007490.0
GotPopWCL238_CKDL230018273-1A_H5YMHDSX7_L3_clmp.fp2_repr.R1	3.8766464878019065	41.0	142.7874727999449	0.0	2599719.0
GotPopWCL238_CKDL230018273-1A_H5YMHDSX7_L3_clmp.fp2_repr.R2	4.772145212971452	40.0	142.66652165099381	9.090909090909092	2599719.0
GotPopWCL24_CKDL230018273-1A_H5YMHDSX7_L3_clmp.fp2_repr.R1	3.2668657165077235	41.0	142.90552782399703	9.090909090909092	1433385.0
GotPopWCL24_CKDL230018273-1A_H5YMHDSX7_L3_clmp.fp2_repr.R2	3.7927643230688375	41.0	142.69435776152255	9.090909090909092	1433385.0
GotPopWCL254_CKDL230018273-1A_H5YMHDSX7_L3_clmp.fp2_repr.R1	2.82237559440685	41.0	143.1347327054877	0.0	956286.0
GotPopWCL254_CKDL230018273-1A_H5YMHDSX7_L3_clmp.fp2_repr.R2	3.2455785534367294	41.0	143.03044277548767	0.0	956286.0
GotPopWCL256_CKDL230018273-1A_H5YMHDSX7_L3_clmp.fp2_repr.R1	3.390098605128671	41.0	143.87638857949392	0.0	2805655.0
GotPopWCL256_CKDL230018273-1A_H5YMHDSX7_L3_clmp.fp2_repr.R2	4.104904769201269	41.0	143.70728546453503	0.0	2805655.0
GotPopWCL259_CKDL230018273-1A_H5YMHDSX7_L3_clmp.fp2_repr.R1	3.5256166597336858	41.0	140.94528640525974	0.0	1932262.0
GotPopWCL259_CKDL230018273-1A_H5YMHDSX7_L3_clmp.fp2_repr.R2	4.377440708846962	41.0	140.86918233655683	0.0	1932262.0
GotPopWCL265_CKDL230018273-1A_H5YMHDSX7_L3_clmp.fp2_repr.R1	3.2187679923214603	41.0	137.92947727841667	0.0	1386149.0
GotPopWCL265_CKDL230018273-1A_H5YMHDSX7_L3_clmp.fp2_repr.R2	3.865249450501352	41.0	137.77478972318272	0.0	1386149.0
GotPopWCL26_CKDL230018273-1A_H5YMHDSX7_L3_clmp.fp2_repr.R1	3.61201339578173	41.0	145.7236491513323	0.0	11724907.0
GotPopWCL26_CKDL230018273-1A_H5YMHDSX7_L3_clmp.fp2_repr.R2	4.3274880017116715	41.0	145.48574773343617	0.0	11724907.0
GotPopWCL279_CKDL230018273-1A_H5YMHDSX7_L3_clmp.fp2_repr.R1	3.4597180033750163	41.0	144.24646436947754	9.090909090909092	1721263.0
GotPopWCL279_CKDL230018273-1A_H5YMHDSX7_L3_clmp.fp2_repr.R2	4.166656316548043	41.0	144.04307941319834	0.0	1721263.0
GotPopWCL29_CKDL230018273-1A_H5YMHDSX7_L3_clmp.fp2_repr.R1	1.4397247585020523	41.0	144.79350271271667	9.090909090909092	75570.0
GotPopWCL29_CKDL230018273-1A_H5YMHDSX7_L3_clmp.fp2_repr.R2	1.4211988884477904	41.0	144.68441180362578	9.090909090909092	75570.0
GotPopWCL36_CKDL230018273-1A_H5YMHDSX7_L3_clmp.fp2_repr.R1	3.3824725353916847	41.0	146.18687748827125	0.0	6124483.0
GotPopWCL36_CKDL230018273-1A_H5YMHDSX7_L3_clmp.fp2_repr.R2	3.9146042390312346	41.0	145.97316998022526	0.0	6124483.0
GotPopWCL46_CKDL230018273-1A_H5YMHDSX7_L3_clmp.fp2_repr.R1	3.3426353526188564	41.0	144.32294873909538	0.0	3928608.0
GotPopWCL46_CKDL230018273-1A_H5YMHDSX7_L3_clmp.fp2_repr.R2	3.817953272737185	41.0	144.171235460499	0.0	3928608.0
GotPopWCL47_CKDL230018273-1A_H5YMHDSX7_L3_clmp.fp2_repr.R1	3.199258958002062	41.0	145.418271905844	9.090909090909092	5839161.0
GotPopWCL47_CKDL230018273-1A_H5YMHDSX7_L3_clmp.fp2_repr.R2	3.754504563929558	41.0	145.18848272894	9.090909090909092	5839161.0
GotPopWCL48_CKDL230018273-1A_H5YMHDSX7_L3_clmp.fp2_repr.R1	3.0370800039614494	40.0	141.22691166397058	0.0	1381022.0
GotPopWCL48_CKDL230018273-1A_H5YMHDSX7_L3_clmp.fp2_repr.R2	3.548107371789868	40.0	141.15183103527679	0.0	1381022.0
GotPopWCL50_CKDL230018273-1A_H5YMHDSX7_L3_clmp.fp2_repr.R1	3.4643513694710464	41.0	146.02218442851947	0.0	13286752.0
GotPopWCL50_CKDL230018273-1A_H5YMHDSX7_L3_clmp.fp2_repr.R2	4.0737834849813055	41.0	145.86866873107888	0.0	13286752.0
GotPopWCL59_CKDL230018273-1A_H5YMHDSX7_L3_clmp.fp2_repr.R1	3.7041799702265905	41.0	145.02340715948392	0.0	2498979.0
GotPopWCL59_CKDL230018273-1A_H5YMHDSX7_L3_clmp.fp2_repr.R2	4.563504238891582	41.0	144.8179088339678	0.0	2498979.0
GotPopWCL70_CKDL230018273-1A_H5YMHDSX7_L3_clmp.fp2_repr.R1	3.3917378888981773	41.0	145.4231393486636	0.0	6397155.0
GotPopWCL70_CKDL230018273-1A_H5YMHDSX7_L3_clmp.fp2_repr.R2	4.041627180929737	41.0	145.29885707005693	0.0	6397155.0
GotPopWCL90_CKDL230018273-1A_H5YMHDSX7_L3_clmp.fp2_repr.R1	3.9270943875229847	41.0	143.78377308889526	9.090909090909092	2097491.0
GotPopWCL90_CKDL230018273-1A_H5YMHDSX7_L3_clmp.fp2_repr.R2	4.966446138479753	41.0	143.62741437269577	0.0	2097491.0
GotPopWCL94_CKDL230018273-1A_H5YMHDSX7_L3_clmp.fp2_repr.R1	2.959823872786572	41.0	143.8185723808596	0.0	3921382.0
GotPopWCL94_CKDL230018273-1A_H5YMHDSX7_L3_clmp.fp2_repr.R2	3.3925184922530036	41.0	143.64172248457305	0.0	3921382.0
GotPopWCL9_CKDL230018273-1A_H5YMHDSX7_L3_clmp.fp2_repr.R1	3.3195981620861232	41.0	144.9930728083932	0.0	8225700.0
GotPopWCL9_CKDL230018273-1A_H5YMHDSX7_L3_clmp.fp2_repr.R2	3.937276607249885	41.0	144.8571033468276	0.0	8225700.0
GotPopWCS103_CKDL230018273-1A_H5YMHDSX7_L3_clmp.fp2_repr.R1	3.108065387764995	41.0	145.60893814337177	0.0	6359173.0
GotPopWCS103_CKDL230018273-1A_H5YMHDSX7_L3_clmp.fp2_repr.R2	3.61903075902471	41.0	145.37429222321833	0.0	6359173.0
GotPopWCS124_CKDL230018273-1A_H5YMHDSX7_L3_clmp.fp2_repr.R1	3.4501268952163286	41.0	142.40140933721668	9.090909090909092	1747630.0
GotPopWCS124_CKDL230018273-1A_H5YMHDSX7_L3_clmp.fp2_repr.R2	4.037518082787827	41.0	142.2054267779793	0.0	1747630.0
GotPopWCS126_CKDL230018273-1A_H5YMHDSX7_L3_clmp.fp2_repr.R1	3.3046397970286137	41.0	144.4630856713273	0.0	5762383.0
GotPopWCS126_CKDL230018273-1A_H5YMHDSX7_L3_clmp.fp2_repr.R2	3.8265887226990998	41.0	144.3191247440512	0.0	5762383.0
GotPopWCS137_CKDL230018273-1A_H5YMHDSX7_L3_clmp.fp2_repr.R1	2.9134223924385196	41.0	144.70818778608498	0.0	4836631.0
GotPopWCS137_CKDL230018273-1A_H5YMHDSX7_L3_clmp.fp2_repr.R2	3.2701887553771627	41.0	144.5104123097255	0.0	4836631.0
GotPopWCS144_CKDL230018273-1A_H5YMHDSX7_L3_clmp.fp2_repr.R1	3.0577330689765176	41.0	139.0639285244649	0.0	2015235.0
GotPopWCS144_CKDL230018273-1A_H5YMHDSX7_L3_clmp.fp2_repr.R2	3.6873286545555004	41.0	138.88751832912786	0.0	2015235.0
GotPopWCS146_CKDL230018273-1A_H5YMHDSX7_L3_clmp.fp2_repr.R1	3.7007523639226605	41.0	143.61741696664282	0.0	2294349.0
GotPopWCS146_CKDL230018273-1A_H5YMHDSX7_L3_clmp.fp2_repr.R2	4.615146086545906	41.0	143.46547234095598	0.0	2294349.0
GotPopWCS158_CKDL230018273-1A_H5YMHDSX7_L3_clmp.fp2_repr.R1	2.9090105055814064	40.0	145.43255675832532	0.0	885641.0
GotPopWCS158_CKDL230018273-1A_H5YMHDSX7_L3_clmp.fp2_repr.R2	3.224104279809353	40.0	145.21283341670045	9.090909090909092	885641.0
GotPopWCS163_CKDL230018273-1A_H5YMHDSX7_L3_clmp.fp2_repr.R1	3.6281145192279354	41.0	146.14988661277093	9.090909090909092	11969161.0
GotPopWCS163_CKDL230018273-1A_H5YMHDSX7_L3_clmp.fp2_repr.R2	4.099636760358322	41.0	145.77137879589054	0.0	11969161.0
GotPopWCS271_CKDL230018273-1A_H5YMHDSX7_L3_clmp.fp2_repr.R1	2.891393025835143	41.0	144.00295602214305	0.0	4055450.0
GotPopWCS271_CKDL230018273-1A_H5YMHDSX7_L3_clmp.fp2_repr.R2	3.304338422579832	41.0	143.8106249614716	0.0	4055450.0
GotPopWCS281_CKDL230018273-1A_H5YMHDSX7_L3_clmp.fp2_repr.R1	2.9528979392690644	41.0	146.5560875243161	0.0	5880880.0
GotPopWCS281_CKDL230018273-1A_H5YMHDSX7_L3_clmp.fp2_repr.R2	3.3246105075083108	41.0	146.34381266069025	0.0	5880880.0
