	23.0	24.0	25.0	26.0	27.0	28.0	29.0	30.0	31.0	32.0	33.0	34.0	35.0	36.0	37.0
Sfu-ABai_005-Ex1-1A-lcwgs-1-1.clmp.fp2_repr.R1	4.0	73.0	612.0	3216.0	11901.0	30897.0	62578.0	98059.0	133444.0	171538.0	233727.0	375451.0	1088901.0	8986833.0	2391929.0
	23.0	24.0	25.0	26.0	27.0	28.0	29.0	30.0	31.0	32.0	33.0	34.0	35.0	36.0	37.0
Sfu-ABai_005-Ex1-1A-lcwgs-1-1.clmp.fp2_repr.R2	38.0	264.0	1572.0	5283.0	12540.0	24665.0	43882.0	70216.0	110883.0	175526.0	302466.0	637915.0	2194356.0	8397655.0	1611902.0
	22.0	23.0	24.0	25.0	26.0	27.0	28.0	29.0	30.0	31.0	32.0	33.0	34.0	35.0	36.0	37.0
Sfu-ABai_006-Ex1-1B-lcwgs-1-1.clmp.fp2_repr.R1	1.0	4.0	79.0	926.0	4745.0	17216.0	44466.0	89962.0	142816.0	196557.0	249227.0	337413.0	532065.0	1490521.0	12581183.0	4760761.0
	23.0	24.0	25.0	26.0	27.0	28.0	29.0	30.0	31.0	32.0	33.0	34.0	35.0	36.0	37.0
Sfu-ABai_006-Ex1-1B-lcwgs-1-1.clmp.fp2_repr.R2	26.0	315.0	2053.0	6842.0	16754.0	33253.0	59388.0	96483.0	154416.0	243273.0	415557.0	866803.0	3065292.0	12434147.0	3053340.0
	23.0	24.0	25.0	26.0	27.0	28.0	29.0	30.0	31.0	32.0	33.0	34.0	35.0	36.0	37.0
Sfu-ABai_007-Ex1-1C-lcwgs-1-1.clmp.fp2_repr.R1	6.0	66.0	694.0	3786.0	13469.0	34444.0	70427.0	111378.0	153561.0	194574.0	262780.0	416699.0	1238186.0	10079748.0	3700900.0
	23.0	24.0	25.0	26.0	27.0	28.0	29.0	30.0	31.0	32.0	33.0	34.0	35.0	36.0	37.0
Sfu-ABai_007-Ex1-1C-lcwgs-1-1.clmp.fp2_repr.R2	29.0	231.0	1339.0	4495.0	11005.0	22135.0	39758.0	65576.0	106094.0	167588.0	293047.0	623263.0	2290202.0	9925976.0	2729980.0
	22.0	23.0	24.0	25.0	26.0	27.0	28.0	29.0	30.0	31.0	32.0	33.0	34.0	35.0	36.0	37.0
Sfu-ABai_008-Ex1-1D-lcwgs-1-1.clmp.fp2_repr.R1	1.0	4.0	73.0	946.0	4858.0	16548.0	42202.0	85477.0	134552.0	185929.0	237499.0	321032.0	507656.0	1429288.0	11969582.0	4222198.0
	22.0	23.0	24.0	25.0	26.0	27.0	28.0	29.0	30.0	31.0	32.0	33.0	34.0	35.0	36.0	37.0
Sfu-ABai_008-Ex1-1D-lcwgs-1-1.clmp.fp2_repr.R2	1.0	22.0	316.0	2040.0	6590.0	15760.0	30055.0	54629.0	88517.0	142146.0	225613.0	392613.0	836043.0	2968398.0	11682268.0	2712834.0
	23.0	24.0	25.0	26.0	27.0	28.0	29.0	30.0	31.0	32.0	33.0	34.0	35.0	36.0	37.0
Sfu-ABai_009-Ex1-1E-lcwgs-1-1.clmp.fp2_repr.R1	7.0	58.0	724.0	3458.0	12057.0	30162.0	61109.0	95546.0	130440.0	162789.0	217402.0	338833.0	965957.0	8818310.0	3702480.0
	23.0	24.0	25.0	26.0	27.0	28.0	29.0	30.0	31.0	32.0	33.0	34.0	35.0	36.0	37.0
Sfu-ABai_009-Ex1-1E-lcwgs-1-1.clmp.fp2_repr.R2	23.0	201.0	1184.0	3663.0	8705.0	16868.0	30176.0	49863.0	81055.0	130725.0	232207.0	507246.0	1971403.0	9135123.0	2370890.0
	23.0	24.0	25.0	26.0	27.0	28.0	29.0	30.0	31.0	32.0	33.0	34.0	35.0	36.0	37.0
Sfu-ABai_010-Ex1-1F-lcwgs-1-1.clmp.fp2_repr.R1	2.0	58.0	677.0	3520.0	12610.0	32067.0	65271.0	102828.0	142445.0	179997.0	241442.0	378288.0	1058618.0	9126804.0	3981520.0
	22.0	23.0	24.0	25.0	26.0	27.0	28.0	29.0	30.0	31.0	32.0	33.0	34.0	35.0	36.0	37.0
Sfu-ABai_010-Ex1-1F-lcwgs-1-1.clmp.fp2_repr.R2	2.0	25.0	191.0	1297.0	4268.0	10504.0	20891.0	38582.0	62975.0	102273.0	162646.0	287835.0	629687.0	2357175.0	9358112.0	2289684.0
	23.0	24.0	25.0	26.0	27.0	28.0	29.0	30.0	31.0	32.0	33.0	34.0	35.0	36.0	37.0
Sfu-ABai_011-Ex1-1G-lcwgs-1-1.clmp.fp2_repr.R1	3.0	51.0	644.0	3225.0	10524.0	26011.0	51689.0	79994.0	107546.0	133850.0	175775.0	266859.0	704995.0	7009312.0	3684130.0
	22.0	23.0	24.0	25.0	26.0	27.0	28.0	29.0	30.0	31.0	32.0	33.0	34.0	35.0	36.0	37.0
Sfu-ABai_011-Ex1-1G-lcwgs-1-1.clmp.fp2_repr.R2	1.0	14.0	178.0	1292.0	3727.0	8605.0	16213.0	28288.0	45765.0	72167.0	113620.0	199207.0	434038.0	1687714.0	7575718.0	2068061.0
	23.0	24.0	25.0	26.0	27.0	28.0	29.0	30.0	31.0	32.0	33.0	34.0	35.0	36.0	37.0
Sfu-ABai_012-Ex1-1H-lcwgs-1-1.clmp.fp2_repr.R1	9.0	95.0	844.0	4083.0	14382.0	36103.0	72454.0	112784.0	154560.0	192161.0	256526.0	394634.0	1088471.0	9632097.0	4775887.0
	22.0	23.0	24.0	25.0	26.0	27.0	28.0	29.0	30.0	31.0	32.0	33.0	34.0	35.0	36.0	37.0
Sfu-ABai_012-Ex1-1H-lcwgs-1-1.clmp.fp2_repr.R2	2.0	20.0	267.0	1459.0	4668.0	11242.0	21393.0	39436.0	64264.0	102313.0	162391.0	280380.0	595200.0	2226061.0	10201323.0	3024671.0

