Sample	32	37	42	47	52	57	62	67	72	77	82	87	92	97	102	107	112	117	122	127	132	137	142	147	150
Sfu-ABai_005-Ex1-1A-lcwgs-1-1.clmp.fp2_repr.R1	15060.0	68243.0	120411.0	181804.0	246378.0	315368.0	383381.0	457476.0	532666.0	601229.0	633869.0	628736.0	602515.0	567717.0	531680.0	496188.0	459777.0	422501.0	384891.0	350625.0	324028.0	298853.0	282419.0	397561.0	4285787.0
Sfu-ABai_005-Ex1-1A-lcwgs-1-1.clmp.fp2_repr.R2	14285.0	66731.0	118837.0	180345.0	245412.0	314617.0	383105.0	457593.0	533415.0	602952.0	636306.0	631169.0	604834.0	570444.0	534353.0	498861.0	462697.0	425368.0	387571.0	353875.0	327534.0	302580.0	282420.0	494182.0	4159677.0
Sfu-ABai_006-Ex1-1B-lcwgs-1-1.clmp.fp2_repr.R1	37956.0	192383.0	365162.0	556525.0	737647.0	892294.0	1013461.0	1116237.0	1199942.0	1244706.0	1228328.0	1147054.0	1039096.0	929788.0	831075.0	739557.0	654608.0	569410.0	498193.0	435786.0	385666.0	346246.0	314140.0	393763.0	3578919.0
Sfu-ABai_006-Ex1-1B-lcwgs-1-1.clmp.fp2_repr.R2	36940.0	190513.0	363332.0	554858.0	736223.0	891009.0	1013250.0	1117075.0	1201722.0	1246995.0	1230988.0	1149979.0	1042266.0	932892.0	833958.0	742330.0	656868.0	571528.0	500992.0	438387.0	388515.0	349189.0	314105.0	486085.0	3457943.0
Sfu-ABai_007-Ex1-1C-lcwgs-1-1.clmp.fp2_repr.R1	36512.0	187695.0	357165.0	537689.0	704489.0	842730.0	955848.0	1044212.0	1108950.0	1128210.0	1090369.0	997108.0	882886.0	774274.0	672601.0	584464.0	501466.0	426880.0	359842.0	306420.0	263427.0	225457.0	197541.0	231847.0	1862636.0
Sfu-ABai_007-Ex1-1C-lcwgs-1-1.clmp.fp2_repr.R2	35451.0	185900.0	355690.0	536554.0	703748.0	842516.0	955848.0	1044906.0	1109990.0	1129406.0	1091906.0	998512.0	884635.0	776223.0	674075.0	586059.0	503157.0	427968.0	361080.0	307445.0	264719.0	226724.0	197468.0	278625.0	1802113.0
Sfu-ABai_008-Ex1-1D-lcwgs-1-1.clmp.fp2_repr.R1	29854.0	155130.0	305934.0	478452.0	645794.0	787036.0	896615.0	992369.0	1066041.0	1106986.0	1090793.0	1015988.0	919419.0	823715.0	737476.0	656970.0	583164.0	511682.0	453419.0	402075.0	363731.0	334298.0	311381.0	415173.0	4074350.0
Sfu-ABai_008-Ex1-1D-lcwgs-1-1.clmp.fp2_repr.R2	28857.0	152980.0	304245.0	476852.0	644660.0	786351.0	896526.0	992843.0	1067447.0	1108612.0	1093083.0	1018752.0	922144.0	826197.0	740317.0	660120.0	585828.0	513949.0	455776.0	405090.0	366627.0	337049.0	311172.0	510153.0	3952215.0
Sfu-ABai_009-Ex1-1E-lcwgs-1-1.clmp.fp2_repr.R1	28510.0	150611.0	289998.0	438787.0	569783.0	680688.0	767103.0	849262.0	917244.0	962720.0	968685.0	919571.0	850674.0	774782.0	698796.0	629925.0	558983.0	488767.0	423520.0	364143.0	315451.0	269531.0	231878.0	231582.0	1158338.0
Sfu-ABai_009-Ex1-1E-lcwgs-1-1.clmp.fp2_repr.R2	27559.0	148805.0	288267.0	437230.0	568492.0	680098.0	766774.0	849435.0	918112.0	963431.0	969689.0	920918.0	851891.0	776312.0	699935.0	630935.0	560011.0	489462.0	424254.0	364680.0	315863.0	270143.0	231564.0	256107.0	1129365.0
Sfu-ABai_010-Ex1-1F-lcwgs-1-1.clmp.fp2_repr.R1	41006.0	205349.0	368562.0	527002.0	657340.0	759153.0	834086.0	904115.0	968240.0	1010100.0	1004721.0	947877.0	869160.0	781419.0	699753.0	624214.0	550051.0	477048.0	412043.0	354584.0	303811.0	259946.0	223905.0	231493.0	1311169.0
Sfu-ABai_010-Ex1-1F-lcwgs-1-1.clmp.fp2_repr.R2	40194.0	203951.0	367008.0	525788.0	656847.0	758914.0	834479.0	904707.0	968704.0	1011227.0	1006400.0	949663.0	870648.0	783058.0	701127.0	625395.0	550997.0	477781.0	412771.0	355228.0	304269.0	261006.0	223361.0	267835.0	1264789.0
Sfu-ABai_011-Ex1-1G-lcwgs-1-1.clmp.fp2_repr.R1	44167.0	205099.0	338552.0	455621.0	551256.0	627178.0	693347.0	751267.0	806085.0	841093.0	833679.0	782977.0	712536.0	635522.0	566833.0	499735.0	436804.0	375038.0	320256.0	271313.0	231108.0	195413.0	165303.0	161424.0	753002.0
Sfu-ABai_011-Ex1-1G-lcwgs-1-1.clmp.fp2_repr.R2	43504.0	203815.0	337230.0	454628.0	550484.0	626717.0	693402.0	751619.0	806452.0	841975.0	834830.0	783890.0	713429.0	636331.0	568033.0	500463.0	437431.0	375366.0	320728.0	271803.0	231351.0	195983.0	164891.0	180316.0	729937.0
Sfu-ABai_012-Ex1-1H-lcwgs-1-1.clmp.fp2_repr.R1	58683.0	291919.0	516484.0	710008.0	848852.0	940644.0	1004130.0	1056806.0	1108351.0	1128638.0	1108067.0	1024735.0	926106.0	822000.0	727134.0	641638.0	554386.0	474421.0	401085.0	337030.0	285616.0	240496.0	201812.0	205477.0	1120572.0
Sfu-ABai_012-Ex1-1H-lcwgs-1-1.clmp.fp2_repr.R2	57541.0	290040.0	514582.0	708774.0	848030.0	939864.0	1003823.0	1057493.0	1109435.0	1129939.0	1109324.0	1026607.0	927815.0	823593.0	728563.0	642808.0	555512.0	475017.0	401634.0	337768.0	286313.0	240998.0	201021.0	235045.0	1083551.0
