Sample	Passed Filter	Low Quality	Too Many N	Low Complexity	Too Short	Too Long
Hte-ABur_001-Ex1-1A-lcwgs-1-T	144482.0	4852.0	52.0	56.0	51538.0	0.0
Hte-ABur_002-Ex1-1B-lcwgs-1-T	12784.0	1184.0	2.0	2.0	17918.0	0.0
Hte-ABur_003-Ex1-1C-lcwgs-1-T	139126.0	7152.0	72.0	24.0	113658.0	0.0
Hte-ABur_004-Ex1-1D-lcwgs-1-T	3815876.0	81588.0	1274.0	1400.0	1026806.0	0.0
Hte-ABur_005-Ex1-1E-lcwgs-1-T	11504.0	682.0	2.0	4.0	6546.0	0.0
Hte-ABur_006-Ex1-1F-lcwgs-1-T	6938.0	308.0	4.0	0.0	2566.0	0.0
Hte-ABur_007-Ex1-1G-lcwgs-1-T	48118.0	20728.0	14.0	12.0	533688.0	0.0
Hte-ABur_008-Ex1-1H-lcwgs-1-T	5320.0	350.0	0.0	4.0	2916.0	0.0
Hte-ABur_009-Ex1-2A-lcwgs-1-T	18340.0	684.0	0.0	4.0	3696.0	0.0
Hte-ABur_010-Ex1-2B-lcwgs-1-T	9974.0	522.0	8.0	2.0	4292.0	0.0
Hte-ABur_011-Ex1-2C-lcwgs-1-T	341914.0	7602.0	138.0	70.0	5382.0	0.0
Hte-ABur_012-Ex1-2D-lcwgs-1-T	21320.0	960.0	6.0	4.0	7608.0	0.0
Hte-ABur_013-Ex1-2E-lcwgs-1-T	1006676.0	12524.0	412.0	354.0	18888.0	0.0
Hte-ABur_014-Ex1-2F-lcwgs-1-T	12888.0	486.0	4.0	10.0	3146.0	0.0
Hte-ABur_015-Ex1-2G-lcwgs-1-T	48964.0	1518.0	24.0	38.0	6830.0	0.0
Hte-ABur_016-Ex1-2H-lcwgs-1-T	63070.0	1136.0	30.0	24.0	3466.0	0.0
Hte-ABur_017-Ex1-3A-lcwgs-1-T	1538446.0	36284.0	510.0	140.0	534602.0	0.0
Hte-ABur_018-Ex1-3B-lcwgs-1-T	36148.0	2628.0	10.0	10.0	44630.0	0.0
Hte-ABur_019-Ex1-3C-lcwgs-1-T	701226.0	29696.0	276.0	138.0	567876.0	0.0
Hte-ABur_020-Ex1-3D-lcwgs-1-T	567318.0	48400.0	190.0	410.0	896282.0	0.0
Hte-ABur_021-Ex1-3E-lcwgs-1-T	640174.0	35954.0	254.0	78.0	756150.0	0.0
Hte-ABur_022-Ex1-3F-lcwgs-1-T	128828.0	8318.0	44.0	54.0	157332.0	0.0
Hte-ABur_023-Ex1-3G-lcwgs-1-T	349718.0	25356.0	132.0	70.0	517828.0	0.0
Hte-ABur_024-Ex1-3H-lcwgs-1-T	7998.0	454.0	2.0	2.0	3706.0	0.0
Hte-ABur_025-Ex1-4A-lcwgs-1-T	13348.0	596.0	2.0	6.0	3814.0	0.0
Hte-ABur_026-Ex1-4B-lcwgs-1-T	415444.0	66402.0	138.0	122.0	1571826.0	0.0
Hte-ABur_027-Ex1-4C-lcwgs-1-T	415400.0	21056.0	124.0	514.0	330206.0	0.0
Hte-ABur_028-Ex1-4D-lcwgs-1-T	435464.0	19698.0	146.0	84.0	364542.0	0.0
Hte-ABur_029-Ex1-4E-lcwgs-1-T	355524.0	18784.0	110.0	108.0	371310.0	0.0
Hte-ABur_030-Ex1-4F-lcwgs-1-T	54020.0	4320.0	16.0	6.0	93508.0	0.0
Hte-ABur_031-Ex1-4G-lcwgs-1-T	71368.0	37048.0	18.0	250.0	954932.0	0.0
Hte-ABur_032-Ex1-4H-lcwgs-1-T	94706.0	16826.0	28.0	522.0	313034.0	0.0
Hte-ABur_034-Ex1-5B-lcwgs-1-T	38724.0	1712.0	16.0	18.0	10680.0	0.0
Hte-ABur_035-Ex1-5C-lcwgs-1-T	142970.0	3848.0	56.0	18.0	11868.0	0.0
Hte-ABur_036-Ex1-5D-lcwgs-1-T	291190.0	5368.0	130.0	76.0	34654.0	0.0
Hte-ABur_037-Ex1-5E-lcwgs-1-T	799268.0	14454.0	290.0	268.0	88100.0	0.0
Hte-ABur_038-Ex1-5F-lcwgs-1-T	478520.0	12722.0	172.0	406.0	31766.0	0.0
Hte-ABur_039-Ex1-5G-lcwgs-1-T	281748.0	8136.0	88.0	50.0	17842.0	0.0
Hte-ABur_040-Ex1-5H-lcwgs-1-T	302774.0	4802.0	106.0	84.0	18544.0	0.0
Hte-ABur_041-Ex1-6A-lcwgs-1-T	12708.0	628.0	8.0	2.0	3122.0	0.0
Hte-ABur_042-Ex1-6B-lcwgs-1-T	196106.0	13732.0	62.0	48.0	285874.0	0.0
Hte-ABur_043-Ex1-6C-lcwgs-1-T	89256.0	8052.0	24.0	60.0	168514.0	0.0
Hte-ABur_044-Ex1-6D-lcwgs-1-T	37236.0	2286.0	8.0	6.0	30572.0	0.0
Hte-ABur_045-Ex1-6E-lcwgs-1-T	160282.0	12518.0	54.0	140.0	254838.0	0.0
Hte-ABur_046-Ex1-6F-lcwgs-1-T	12178.0	624.0	6.0	6.0	2718.0	0.0
Hte-ABur_047-Ex1-6G-lcwgs-1-T	123968.0	31014.0	38.0	252.0	758938.0	0.0
Hte-ABur_048-Ex1-6H-lcwgs-1-T	216626.0	11596.0	66.0	280.0	180786.0	0.0
Hte-ABur_049-Ex1-7A-lcwgs-1-T	9714.0	526.0	2.0	2.0	3042.0	0.0
Hte-ABur_050-Ex1-7B-lcwgs-1-T	320592.0	11388.0	112.0	104.0	164208.0	0.0
Hte-ABur_051-Ex1-7C-lcwgs-1-T	245634.0	7902.0	78.0	52.0	65686.0	0.0
Hte-ABur_052-Ex1-7D-lcwgs-1-T	188286.0	9076.0	48.0	58.0	128688.0	0.0
Hte-ABur_053-Ex1-7E-lcwgs-1-T	24814.0	3368.0	6.0	10.0	68368.0	0.0
Hte-ABur_054-Ex1-7F-lcwgs-1-T	18180.0	1834.0	8.0	4.0	34198.0	0.0
Hte-ABur_055-Ex1-7G-lcwgs-1-T	129438.0	11656.0	60.0	28.0	246614.0	0.0
Hte-ABur_056-Ex1-7H-lcwgs-1-T	129036.0	5650.0	48.0	10.0	79722.0	0.0
Hte-ABur_057-Ex1-8A-lcwgs-1-T	1787308.0	32080.0	604.0	548.0	433238.0	0.0
Hte-ABur_058-Ex1-8B-lcwgs-1-T	7622.0	460.0	2.0	0.0	3578.0	0.0
Hte-ABur_059-Ex1-8C-lcwgs-1-T	49210.0	2280.0	20.0	4.0	34862.0	0.0
Hte-ABur_060-Ex1-8D-lcwgs-1-T	64812.0	5536.0	26.0	4.0	110714.0	0.0
Hte-ABur_061-Ex1-8E-lcwgs-1-T	105280.0	6918.0	34.0	20.0	153096.0	0.0
Hte-ABur_062-Ex1-8F-lcwgs-1-T	204900.0	13676.0	108.0	72.0	296984.0	0.0
Hte-ABur_063-Ex1-8G-lcwgs-1-T	73180.0	5072.0	32.0	14.0	104724.0	0.0
Hte-ABur_064-Ex1-8H-lcwgs-1-T	87620.0	5038.0	20.0	182.0	87026.0	0.0
Hte-ABur_065-Ex1-9A-lcwgs-1-T	532412.0	13224.0	202.0	500.0	72200.0	0.0
Hte-ABur_066-Ex1-9B-lcwgs-1-T	264132.0	7712.0	88.0	104.0	38326.0	0.0
Hte-ABur_067-Ex1-9C-lcwgs-1-T	566940.0	37836.0	210.0	446.0	608120.0	0.0
Hte-ABur_068-Ex1-9D-lcwgs-1-T	30926.0	1828.0	4.0	18.0	30298.0	0.0
Hte-ABur_069-Ex1-9E-lcwgs-1-T	488634.0	24378.0	218.0	210.0	442760.0	0.0
Hte-ABur_070-Ex1-9F-lcwgs-1-T	966100.0	26386.0	352.0	580.0	349164.0	0.0
Hte-ABur_071-Ex1-9G-lcwgs-1-T	202418.0	26790.0	58.0	184.0	596696.0	0.0
Hte-ABur_072-Ex1-9H-lcwgs-1-T	286376.0	8896.0	94.0	40.0	77828.0	0.0
Hte-ABur_073-Ex1-10A-lcwgs-1-T	2095234.0	28614.0	702.0	728.0	120798.0	0.0
Hte-ABur_074-Ex1-10B-lcwgs-1-T	4032.0	172.0	0.0	2.0	964.0	0.0
Hte-ABur_075-Ex1-10C-lcwgs-1-T	700874.0	28262.0	242.0	718.0	310332.0	0.0
Hte-ABur_076-Ex1-10D-lcwgs-1-T	137750.0	5788.0	70.0	48.0	55492.0	0.0
Hte-ABur_077-Ex1-10E-lcwgs-1-T	1774762.0	58930.0	610.0	854.0	512520.0	0.0
Hte-ABur_078-Ex1-10F-lcwgs-1-T	1523112.0	18806.0	568.0	294.0	89128.0	0.0
Hte-ABur_079-Ex1-10G-lcwgs-1-T	1008712.0	29904.0	350.0	376.0	246316.0	0.0
Hte-ABur_080-Ex1-10H-lcwgs-1-T	881350.0	20352.0	294.0	106.0	35596.0	0.0
Hte-ABur_081-Ex1-11A-lcwgs-1-T	662198.0	13326.0	186.0	320.0	21216.0	0.0
Hte-ABur_082-Ex1-11B-lcwgs-1-T	2146348.0	52070.0	762.0	648.0	495168.0	0.0
Hte-ABur_083-Ex1-11C-lcwgs-1-T	1638642.0	40282.0	472.0	908.0	54736.0	0.0
Hte-ABur_084-Ex1-11D-lcwgs-1-T	800716.0	37286.0	326.0	612.0	469378.0	0.0
Hte-ABur_085-Ex1-11E-lcwgs-1-T	1408208.0	37456.0	534.0	948.0	310844.0	0.0
Hte-ABur_086-Ex1-11F-lcwgs-1-T	5636.0	188.0	4.0	4.0	752.0	0.0
Hte-ABur_087-Ex1-11G-lcwgs-1-T	2715042.0	45098.0	1038.0	1224.0	182416.0	0.0
Hte-ABur_088-Ex1-11H-lcwgs-1-T	949906.0	19482.0	360.0	530.0	137768.0	0.0
Hte-ABur_089-Ex1-12A-lcwgs-1-T	87218.0	3412.0	26.0	220.0	9406.0	0.0
Hte-ABur_090-Ex1-12B-lcwgs-1-T	262472.0	8854.0	102.0	100.0	32764.0	0.0
Hte-ABur_091-Ex1-12C-lcwgs-1-T	1836.0	92.0	2.0	2.0	420.0	0.0
Hte-ABur_092-Ex1-12D-lcwgs-1-T	2480942.0	49430.0	878.0	922.0	399578.0	0.0
Hte-ABur_093-Ex1-12E-lcwgs-1-T	1118686.0	30380.0	396.0	702.0	213400.0	0.0
Hte-ABur_094-Ex1-12F-lcwgs-1-T	163562.0	12124.0	68.0	414.0	96778.0	0.0
Hte-ABur_095-Ex1-12G-lcwgs-1-T	964236.0	20384.0	276.0	458.0	88134.0	0.0
Hte-ABur_096-Ex1-12H-lcwgs-1-T	2872.0	70.0	0.0	0.0	610.0	0.0
Hte-AJol_001-Ex1-1A-lcwgs-1-T	3616222.0	29230.0	1348.0	690.0	102214.0	0.0
Hte-AJol_002-Ex1-2A-lcwgs-1-T	960752.0	13780.0	316.0	116.0	79124.0	0.0
Hte-AJol_003-Ex1-3A-lcwgs-1-T	3267064.0	30780.0	1144.0	320.0	142478.0	0.0
Hte-AJol_004-Ex1-4A-lcwgs-1-T	4112366.0	27648.0	1478.0	558.0	100628.0	0.0
Hte-AJol_005-Ex1-5A-lcwgs-1-T	2968592.0	22284.0	1102.0	274.0	124288.0	0.0
Hte-AJol_006-Ex1-6A-lcwgs-1-T	3038572.0	27866.0	928.0	352.0	206840.0	0.0
Hte-AJol_007-Ex1-7A-lcwgs-1-T	2545610.0	15808.0	878.0	166.0	54646.0	0.0
Hte-AJol_008-Ex1-8A-lcwgs-1-T	2852176.0	25330.0	1122.0	376.0	137908.0	0.0
Hte-AJol_009-Ex1-9A-lcwgs-1-T	2127986.0	19274.0	778.0	204.0	73350.0	0.0
Hte-AJol_010-Ex1-10A-lcwgs-1-T	4528970.0	35606.0	1552.0	332.0	58026.0	0.0
Hte-AJol_011-Ex1-11A-lcwgs-1-T	5209528.0	36718.0	1722.0	572.0	145732.0	0.0
Hte-AJol_012-Ex1-12A-lcwgs-1-T	3375330.0	34424.0	1118.0	368.0	237242.0	0.0
Hte-AJol_013-Ex1-1B-lcwgs-1-T	3524838.0	32794.0	1350.0	438.0	128648.0	0.0
Hte-AJol_014-Ex1-2B-lcwgs-1-T	4911230.0	42404.0	1750.0	688.0	277414.0	0.0
Hte-AJol_015-Ex1-3B-lcwgs-1-T	1332216.0	36120.0	420.0	84.0	37690.0	0.0
Hte-AJol_016-Ex1-4B-lcwgs-1-T	4085774.0	33132.0	1370.0	358.0	197986.0	0.0
Hte-AJol_017-Ex1-5B-lcwgs-1-T	852372.0	12836.0	314.0	104.0	30996.0	0.0
Hte-AJol_018-Ex1-6B-lcwgs-1-T	306834.0	6452.0	100.0	30.0	14592.0	0.0
Hte-AJol_019-Ex1-7B-lcwgs-1-T	291518.0	5970.0	116.0	72.0	14376.0	0.0
Hte-AJol_020-Ex1-8B-lcwgs-1-T	1120904.0	15742.0	380.0	74.0	25878.0	0.0
Hte-AJol_021-Ex1-9B-lcwgs-1-T	4254618.0	34156.0	1550.0	702.0	83474.0	0.0
Hte-AJol_022-Ex1-10B-lcwgs-1-T	4100976.0	34394.0	1344.0	558.0	81902.0	0.0
Hte-AJol_023-Ex1-11B-lcwgs-1-T	5016982.0	29808.0	1610.0	1024.0	114474.0	0.0
Hte-AJol_024-Ex1-12B-lcwgs-1-T	5374142.0	50258.0	1876.0	1262.0	317112.0	0.0
Hte-AJol_025-Ex1-1C-lcwgs-1-T	4287126.0	40446.0	1580.0	754.0	153074.0	0.0
Hte-AJol_026-Ex1-2C-lcwgs-1-T	2567646.0	55638.0	818.0	178.0	92072.0	0.0
Hte-AJol_027-Ex1-3C-lcwgs-1-T	3579522.0	95374.0	1118.0	956.0	107782.0	0.0
Hte-AJol_028-Ex1-4C-lcwgs-1-T	789372.0	10064.0	280.0	112.0	49444.0	0.0
Hte-AJol_029-Ex1-5C-lcwgs-1-T	5507682.0	41096.0	2068.0	636.0	145384.0	0.0
Hte-AJol_030-Ex1-6C-lcwgs-1-T	2454098.0	17618.0	812.0	328.0	115994.0	0.0
Hte-AJol_031-Ex1-7C-lcwgs-1-T	596402.0	15686.0	166.0	176.0	14120.0	0.0
Hte-AJol_032-Ex1-8C-lcwgs-1-T	2367476.0	22210.0	788.0	390.0	159492.0	0.0
Hte-AJol_033-Ex1-9C-lcwgs-1-T	3620300.0	31374.0	1392.0	594.0	183292.0	0.0
Hte-AJol_034-Ex1-10C-lcwgs-1-T	3164052.0	33600.0	1082.0	442.0	222664.0	0.0
Hte-AJol_035-Ex1-11C-lcwgs-1-T	3700254.0	42510.0	1206.0	1558.0	242264.0	0.0
Hte-AJol_036-Ex1-12C-lcwgs-1-T	3193702.0	32710.0	1146.0	784.0	191190.0	0.0
Hte-AJol_037-Ex1-1D-lcwgs-1-T	3414400.0	26680.0	1204.0	476.0	95264.0	0.0
Hte-AJol_038-Ex1-2D-lcwgs-1-T	7038188.0	64616.0	2592.0	1444.0	357250.0	0.0
Hte-AJol_039-Ex1-3D-lcwgs-1-T	4873420.0	46308.0	1780.0	530.0	206116.0	0.0
Hte-AJol_040-Ex1-4D-lcwgs-1-T	4028026.0	40954.0	1374.0	552.0	276738.0	0.0
Hte-AJol_041-Ex1-5D-lcwgs-1-T	828180.0	9210.0	292.0	134.0	82072.0	0.0
Hte-AJol_042-Ex1-6D-lcwgs-1-T	5648656.0	44824.0	1898.0	646.0	330122.0	0.0
Hte-AJol_043-Ex1-7D-lcwgs-1-T	1564804.0	16550.0	528.0	282.0	67292.0	0.0
Hte-AJol_044-Ex1-8D-lcwgs-1-T	450182.0	10802.0	154.0	32.0	14044.0	0.0
Hte-AJol_045-Ex1-9D-lcwgs-1-T	1862304.0	24804.0	660.0	122.0	82000.0	0.0
Hte-AJol_046-Ex1-10D-lcwgs-1-T	3710628.0	42132.0	1320.0	386.0	82826.0	0.0
Hte-AJol_047-Ex1-11D-lcwgs-1-T	1050704.0	13142.0	340.0	64.0	37574.0	0.0
Hte-AJol_048-Ex1-12D-lcwgs-1-T	5232060.0	46132.0	1756.0	714.0	379864.0	0.0
Hte-AJol_049-Ex1-1E-lcwgs-1-T	5579384.0	36454.0	1750.0	1212.0	217044.0	0.0
Hte-AJol_050-Ex1-2E-lcwgs-1-T	8628880.0	70194.0	2956.0	1334.0	399994.0	0.0
Hte-AJol_051-Ex1-3E-lcwgs-1-T	7960568.0	61996.0	2870.0	1772.0	252462.0	0.0
Hte-AJol_052-Ex1-4E-lcwgs-1-T	5257638.0	39316.0	1782.0	582.0	178028.0	0.0
Hte-AJol_053-Ex1-5E-lcwgs-1-T	5841270.0	52244.0	1936.0	1258.0	349332.0	0.0
Hte-AJol_054-Ex1-6E-lcwgs-1-T	4486268.0	32164.0	1498.0	636.0	186428.0	0.0
Hte-AJol_055-Ex1-7E-lcwgs-1-T	6724894.0	52526.0	2442.0	1608.0	215712.0	0.0
Hte-AJol_056-Ex1-8E-lcwgs-1-T	3928732.0	30420.0	1456.0	470.0	117184.0	0.0
Hte-AJol_057-Ex1-9E-lcwgs-1-T	7548090.0	62940.0	2670.0	794.0	311424.0	0.0
Hte-AJol_058-Ex1-10E-lcwgs-1-T	2127216.0	38200.0	754.0	208.0	38380.0	0.0
Hte-AJol_059-Ex1-11E-lcwgs-1-T	2442420.0	29878.0	860.0	390.0	67206.0	0.0
Hte-AJol_060-Ex1-12E-lcwgs-1-T	4572700.0	42836.0	1410.0	670.0	246728.0	0.0
Hte-AJol_061-Ex1-1F-lcwgs-1-T	4553002.0	38424.0	1726.0	900.0	223918.0	0.0
Hte-AJol_062-Ex1-2F-lcwgs-1-T	7683268.0	54256.0	2560.0	1018.0	262478.0	0.0
Hte-AJol_063-Ex1-3F-lcwgs-1-T	6084966.0	47670.0	2330.0	1354.0	249998.0	0.0
Hte-AJol_064-Ex1-4F-lcwgs-1-T	5704484.0	40862.0	1958.0	704.0	174232.0	0.0
Hte-AJol_065-Ex1-5F-lcwgs-1-T	722734.0	18946.0	248.0	34.0	22290.0	0.0
Hte-AJol_066-Ex1-6F-lcwgs-1-T	1490816.0	32550.0	434.0	132.0	24800.0	0.0
Hte-AJol_067-Ex1-7F-lcwgs-1-T	4728574.0	38276.0	1640.0	980.0	117596.0	0.0
Hte-AJol_068-Ex1-8F-lcwgs-1-T	2585964.0	23222.0	976.0	454.0	105352.0	0.0
Hte-AJol_069-Ex1-9F-lcwgs-1-T	4859342.0	36666.0	1694.0	478.0	164644.0	0.0
Hte-AJol_070-Ex1-10F-lcwgs-1-T	3883192.0	33334.0	1288.0	502.0	120242.0	0.0
Hte-AJol_071-Ex1-11F-lcwgs-1-T	527884.0	12386.0	192.0	34.0	10278.0	0.0
Hte-AJol_072-Ex1-12F-lcwgs-1-T	3702436.0	27254.0	1352.0	728.0	115634.0	0.0
Hte-AJol_073-Ex1-1G-lcwgs-1-T	5112534.0	72938.0	1460.0	2448.0	724710.0	0.0
Hte-AJol_074-Ex1-2G-lcwgs-1-T	3709674.0	63092.0	1380.0	678.0	103588.0	0.0
Hte-AJol_075-Ex1-3G-lcwgs-1-T	1746332.0	26372.0	604.0	404.0	239078.0	0.0
Hte-AJol_076-Ex1-4G-lcwgs-1-T	5278918.0	44534.0	1812.0	982.0	266764.0	0.0
Hte-AJol_077-Ex1-5G-lcwgs-1-T	246874.0	4054.0	96.0	42.0	14852.0	0.0
Hte-AJol_078-Ex1-6G-lcwgs-1-T	3804886.0	32186.0	1288.0	418.0	134866.0	0.0
Hte-AJol_079-Ex1-7G-lcwgs-1-T	5518544.0	55758.0	2164.0	1002.0	102550.0	0.0
Hte-AJol_080-Ex1-8G-lcwgs-1-T	6010496.0	46674.0	2070.0	1190.0	223096.0	0.0
Hte-AJol_081-Ex1-9G-lcwgs-1-T	5665636.0	51512.0	1946.0	978.0	264914.0	0.0
Hte-AJol_082-Ex1-10G-lcwgs-1-T	3841224.0	41796.0	1340.0	676.0	162776.0	0.0
Hte-AJol_083-Ex1-11G-lcwgs-1-T	4541104.0	31468.0	1418.0	736.0	137474.0	0.0
Hte-AJol_084-Ex1-12G-lcwgs-1-T	4696600.0	31046.0	1534.0	508.0	173392.0	0.0
Hte-AJol_085-Ex1-1H-lcwgs-1-T	2749814.0	32176.0	910.0	1212.0	220670.0	0.0
Hte-AJol_086-Ex1-2H-lcwgs-1-T	4880466.0	36332.0	1698.0	1118.0	143130.0	0.0
Hte-AJol_087-Ex1-3H-lcwgs-1-T	6480360.0	87214.0	2230.0	1704.0	530530.0	0.0
Hte-AJol_088-Ex1-4H-lcwgs-1-T	8966374.0	83282.0	3070.0	1698.0	462396.0	0.0
Hte-AJol_089-Ex1-5H-lcwgs-1-T	4201848.0	28198.0	1386.0	832.0	162970.0	0.0
Hte-AJol_090-Ex1-6H-lcwgs-1-T	6031350.0	53708.0	2084.0	2418.0	128802.0	0.0
Hte-AJol_091-Ex1-7H-lcwgs-1-T	3750144.0	36576.0	1426.0	986.0	192226.0	0.0
Hte-AJol_092-Ex1-8H-lcwgs-1-T	1831334.0	21468.0	588.0	422.0	151146.0	0.0
Hte-AJol_093-Ex1-9H-lcwgs-1-T	6946094.0	73222.0	2352.0	1884.0	442332.0	0.0
Hte-AJol_094-Ex1-10H-lcwgs-1-T	3638372.0	33460.0	1178.0	768.0	156346.0	0.0
Hte-AJol_095-Ex1-11H-lcwgs-1-T	5413168.0	57898.0	1878.0	1256.0	197704.0	0.0
Hte-AJol_096-Ex1-12H-lcwgs-1-T	4716244.0	36746.0	1578.0	1096.0	192460.0	0.0
Hte-AMvi_001-Ex1-2C1D-lcwgs-2and3-T	299462.0	3774.0	144.0	140.0	9420.0	0.0
Hte-AMvi_002-Ex1-2D-lcwgs-2-T	19016.0	916.0	4.0	10.0	3758.0	0.0
Hte-AMvi_003-Ex1-2E-lcwgs-2-T	36660.0	1404.0	18.0	14.0	6350.0	0.0
Hte-AMvi_004-Ex1-1F-lcwgs-3-T	1474716.0	13044.0	578.0	96.0	33940.0	0.0
Hte-AMvi_005-Ex1-2G1G-lcwgs-2and3-T	216846.0	2892.0	92.0	128.0	12736.0	0.0
Hte-AMvi_006-Ex1-2H-lcwgs-2-T	20584.0	988.0	8.0	6.0	6576.0	0.0
Hte-AMvi_007-Ex1-3A-lcwgs-2-T	14644.0	632.0	4.0	8.0	2154.0	0.0
Hte-AMvi_008-Ex1-3B-lcwgs-2-T	18244.0	544.0	2.0	4.0	1756.0	0.0
Hte-AMvi_009-Ex1-3C-lcwgs-2-T	17396.0	696.0	8.0	4.0	3082.0	0.0
Hte-AMvi_010-Ex1-3D-lcwgs-2-T	12950.0	616.0	2.0	6.0	2616.0	0.0
Hte-AMvi_011-Ex1-3E-lcwgs-2-T	29152.0	1066.0	12.0	6.0	5104.0	0.0
Hte-AMvi_012-Ex1-3F-lcwgs-2-T	33962.0	1152.0	20.0	8.0	4444.0	0.0
Hte-AMvi_014-Ex1-3H-lcwgs-2-T	29660.0	874.0	10.0	8.0	5034.0	0.0
Hte-AMvi_015-Ex1-4A2B-lcwgs-2and3-T	396154.0	3058.0	138.0	46.0	6408.0	0.0
Hte-AMvi_016-Ex1-4B2C-lcwgs-2and3-T	463506.0	5412.0	192.0	24.0	14684.0	0.0
Hte-AMvi_017-Ex1-4C2D-lcwgs-2and3-T	734474.0	7278.0	288.0	54.0	14906.0	0.0
Hte-AMvi_018-Ex1-4D2E-lcwgs-2and3-T	72222.0	1554.0	34.0	8.0	5782.0	0.0
Hte-AMvi_020-Ex1-4F-lcwgs-2-T	49624.0	1958.0	24.0	4.0	7632.0	0.0
Hte-AMvi_022-Ex1-11B-lcwgs-2-T	26080.0	844.0	8.0	8.0	2452.0	0.0
Hte-AMvi_023-Ex1-11C-lcwgs-2-T	32534.0	1354.0	12.0	6.0	4998.0	0.0
Hte-AMvi_024-Ex1-11D-lcwgs-2-T	16820.0	974.0	4.0	18.0	3570.0	0.0
Hte-AMvi_026-Ex1-11E-lcwgs-2-T	48714.0	1774.0	16.0	22.0	7558.0	0.0
Hte-AMvi_027-Ex1-11F-lcwgs-2-T	50370.0	1888.0	10.0	16.0	6086.0	0.0
Hte-AMvi_028-Ex1-11G-lcwgs-2-T	24882.0	890.0	10.0	12.0	2086.0	0.0
Hte-AMvi_029-Ex1-11H-lcwgs-2-T	36976.0	1462.0	8.0	24.0	8500.0	0.0
Hte-AMvi_030-Ex1-12A-lcwgs-2-T	72994.0	1126.0	20.0	38.0	4924.0	0.0
Hte-AMvi_031-Ex1-12B-lcwgs-2-T	37128.0	1164.0	6.0	14.0	4632.0	0.0
Hte-AMvi_032-Ex1-12C-lcwgs-2-T	54544.0	1430.0	22.0	34.0	8130.0	0.0
Hte-AMvi_033-Ex1-12D-lcwgs-2-T	25766.0	1124.0	2.0	10.0	5280.0	0.0
Hte-AMvi_034-Ex1-12E-lcwgs-2-T	77056.0	1966.0	18.0	28.0	9414.0	0.0
Hte-AMvi_035-Ex1-12F-lcwgs-2-T	65786.0	2260.0	30.0	48.0	8262.0	0.0
Hte-AMvi_036-Ex1-12G-lcwgs-2-T	24946.0	880.0	4.0	4.0	3000.0	0.0
Hte-AMvi_037-Ex1-12H-lcwgs-2-T	26676.0	1082.0	8.0	20.0	7542.0	0.0
Hte-AMvi_038-Ex1-1A-lcwgs-2-T	17250.0	686.0	14.0	20.0	2214.0	0.0
Hte-AMvi_039-Ex1-1B-lcwgs-2-T	31484.0	560.0	8.0	16.0	1704.0	0.0
Hte-AMvi_040-Ex1-1C-lcwgs-2-T	12988.0	524.0	0.0	2.0	2248.0	0.0
Hte-AMvi_041-Ex1-1D-lcwgs-2-T	14644.0	590.0	4.0	8.0	2790.0	0.0
Hte-AMvi_042-Ex1-1E-lcwgs-2-T	25038.0	946.0	6.0	26.0	5926.0	0.0
Hte-AMvi_043-Ex1-1F-lcwgs-2-T	28406.0	994.0	16.0	6.0	4282.0	0.0
Hte-AMvi_044-Ex1-1G1B-lcwgs-2and3-T	133140.0	1360.0	40.0	22.0	2106.0	0.0
Hte-AMvi_045-Ex1-1H-lcwgs-2-T	11842.0	536.0	2.0	6.0	3738.0	0.0
Hte-AMvi_046-Ex1-2A-lcwgs-2-T	8680.0	330.0	6.0	2.0	1264.0	0.0
Hte-AMvi_047-Ex1-2B-lcwgs-2-T	27370.0	788.0	6.0	12.0	2232.0	0.0
Hte-AMvi_048-Ex1-2G-lcwgs-1-T	875744.0	9340.0	324.0	394.0	19566.0	0.0
Hte-AMvi_049-Ex1-2H-lcwgs-1-T	407470.0	5336.0	172.0	144.0	9182.0	0.0
Hte-AMvi_050-Ex1-3A-lcwgs-1-T	338606.0	2898.0	110.0	38.0	10222.0	0.0
Hte-AMvi_051-Ex1-3B-lcwgs-1-T	15696.0	576.0	6.0	2.0	2378.0	0.0
Hte-AMvi_052-Ex1-3C-lcwgs-1-T	136496.0	2214.0	58.0	28.0	3462.0	0.0
Hte-AMvi_053-Ex1-3D-lcwgs-1-T	555006.0	6206.0	154.0	186.0	11496.0	0.0
Hte-AMvi_054-Ex1-3E-lcwgs-1-T	1181544.0	13406.0	416.0	278.0	60220.0	0.0
Hte-AMvi_055-Ex1-3F-lcwgs-1-T	1675720.0	15192.0	522.0	570.0	62086.0	0.0
Hte-AMvi_056-Ex1-3G-lcwgs-1-T	1276894.0	13404.0	428.0	166.0	47098.0	0.0
Hte-AMvi_057-Ex1-3H-lcwgs-1-T	1106028.0	14224.0	328.0	326.0	45260.0	0.0
Hte-AMvi_058-Ex1-4A-lcwgs-1-T	574512.0	6376.0	206.0	242.0	9422.0	0.0
Hte-AMvi_059-Ex1-4B-lcwgs-1-T	434478.0	3936.0	110.0	98.0	36164.0	0.0
Hte-AMvi_060-Ex1-4C-lcwgs-1-T	642238.0	4910.0	202.0	220.0	34666.0	0.0
Hte-AMvi_061-Ex1-4D-lcwgs-1-T	851222.0	7742.0	236.0	276.0	28542.0	0.0
Hte-APnd_001-Ex1-10G-lcwgs-1-T	304038.0	2744.0	112.0	96.0	10132.0	0.0
Hte-APnd_002-Ex1-10H-lcwgs-1-T	24396.0	800.0	8.0	6.0	2462.0	0.0
Hte-APnd_003-Ex1-11A-lcwgs-1-T	16092.0	474.0	2.0	6.0	1700.0	0.0
Hte-APnd_004-Ex1-11B-lcwgs-1-T	12516.0	438.0	4.0	6.0	1218.0	0.0
Hte-APnd_005-Ex1-11C-lcwgs-1-T	59926.0	1448.0	16.0	34.0	5426.0	0.0
Hte-APnd_006-Ex1-11D-lcwgs-1-T	241242.0	2740.0	84.0	90.0	15594.0	0.0
Hte-APnd_007-Ex1-11E-lcwgs-1-T	367054.0	4574.0	104.0	190.0	23526.0	0.0
Hte-APnd_008-Ex1-11F-lcwgs-1-T	176206.0	2950.0	48.0	116.0	13984.0	0.0
Hte-APnd_009-Ex1-11G-lcwgs-1-T	149492.0	2272.0	54.0	78.0	9304.0	0.0
Hte-APnd_010-Ex1-11H-lcwgs-1-T	113480.0	1522.0	44.0	50.0	4298.0	0.0
Hte-APnd_011-Ex1-12A-lcwgs-1-T	201132.0	2268.0	94.0	70.0	4326.0	0.0
Hte-APnd_012-Ex1-12B-lcwgs-1-T	5828.0	196.0	0.0	0.0	682.0	0.0
Hte-APnd_013-Ex1-12C-lcwgs-1-T	105676.0	1646.0	30.0	20.0	10282.0	0.0
Hte-APnd_014-Ex1-12D-lcwgs-1-T	9048.0	356.0	2.0	4.0	1218.0	0.0
Hte-APnd_015-Ex1-12E-lcwgs-1-T	143642.0	2260.0	50.0	72.0	13014.0	0.0
Hte-APnd_016-Ex1-12F-lcwgs-1-T	105496.0	1470.0	44.0	82.0	8830.0	0.0
Hte-APnd_017-Ex1-12G-lcwgs-1-T	41042.0	730.0	12.0	16.0	3864.0	0.0
Hte-APnd_018-Ex1-12H-lcwgs-1-T	102206.0	1208.0	26.0	42.0	9884.0	0.0
Hte-APnd_019-Ex1-1A-lcwgs-1-T	2034534.0	13922.0	710.0	378.0	47530.0	0.0
Hte-APnd_020-Ex1-1B-lcwgs-1-T	1537324.0	11902.0	518.0	550.0	61640.0	0.0
Hte-APnd_021-Ex1-1C-lcwgs-1-T	462560.0	3392.0	180.0	152.0	15146.0	0.0
Hte-APnd_022-Ex1-1D-lcwgs-1-T	905716.0	5960.0	322.0	184.0	23712.0	0.0
Hte-APnd_023-Ex1-1E-lcwgs-1-T	2244660.0	17226.0	790.0	554.0	103100.0	0.0
Hte-APnd_024-Ex1-1F-lcwgs-1-T	1264492.0	9866.0	432.0	302.0	45450.0	0.0
Hte-APnd_025-Ex1-1G-lcwgs-1-T	1811856.0	18622.0	674.0	960.0	83164.0	0.0
Hte-APnd_026-Ex1-1H-lcwgs-1-T	1473358.0	11848.0	510.0	362.0	28722.0	0.0
Hte-APnd_027-Ex1-2A-lcwgs-1-T	525328.0	5610.0	186.0	242.0	13350.0	0.0
Hte-APnd_028-Ex1-2B-lcwgs-1-T	2537126.0	23262.0	842.0	1920.0	121794.0	0.0
Hte-APnd_029-Ex1-2C-lcwgs-1-T	1089304.0	7482.0	436.0	416.0	14396.0	0.0
Hte-APnd_030-Ex1-2D-lcwgs-1-T	2061180.0	14284.0	668.0	460.0	63754.0	0.0
Hte-APnd_031-Ex1-2E-lcwgs-1-T	4458470.0	35254.0	1474.0	872.0	190496.0	0.0
Hte-APnd_032-Ex1-2F-lcwgs-1-T	4185152.0	32490.0	1512.0	868.0	74788.0	0.0
Hte-ATaw_001-Ex1-1A-lcwgs-1-T	20566.0	898.0	4.0	6.0	6656.0	0.0
Hte-ATaw_002-Ex1-1B-lcwgs-1-T	21490.0	798.0	4.0	8.0	5866.0	0.0
Hte-ATaw_003-Ex1-1C-lcwgs-1-T	17058.0	918.0	8.0	4.0	7264.0	0.0
Hte-ATaw_004-Ex1-1D-lcwgs-1-T	24844.0	888.0	6.0	2.0	6706.0	0.0
Hte-ATaw_005-Ex1-1E-lcwgs-1-T	13402.0	838.0	2.0	2.0	7196.0	0.0
Hte-ATaw_006-Ex1-1F-lcwgs-1-T	16196.0	832.0	6.0	2.0	6976.0	0.0
Hte-ATaw_007-Ex1-1G-lcwgs-1-T	16416.0	1034.0	4.0	2.0	8918.0	0.0
Hte-ATaw_008-Ex1-1H-lcwgs-1-T	22030.0	766.0	8.0	6.0	7446.0	0.0
Hte-ATaw_009-Ex1-2A-lcwgs-1-T	83052.0	2180.0	34.0	22.0	7440.0	0.0
Hte-ATaw_010-Ex1-2B-lcwgs-1-T	124156.0	1914.0	40.0	26.0	7808.0	0.0
Hte-ATaw_011-Ex1-2C-lcwgs-1-T	1035756.0	8422.0	358.0	228.0	19918.0	0.0
Hte-ATaw_012-Ex1-2D-lcwgs-1-T	18938.0	1160.0	10.0	4.0	7202.0	0.0
Hte-ATaw_013-Ex1-2E-lcwgs-1-T	786898.0	7598.0	274.0	160.0	23492.0	0.0
Hte-ATaw_014-Ex1-2F-lcwgs-1-T	383122.0	3846.0	152.0	64.0	11882.0	0.0
Hte-ATaw_015-Ex1-2G-lcwgs-1-T	174528.0	2906.0	44.0	54.0	12836.0	0.0
Hte-ATaw_016-Ex1-2H-lcwgs-1-T	39660.0	1402.0	6.0	2.0	8580.0	0.0
Hte-ATaw_017-Ex1-3A-lcwgs-1-T	46686.0	1832.0	20.0	12.0	8986.0	0.0
Hte-ATaw_018-Ex1-3B-lcwgs-1-T	20038.0	1232.0	6.0	4.0	7206.0	0.0
Hte-ATaw_019-Ex1-3C-lcwgs-1-T	61666.0	2082.0	22.0	24.0	9882.0	0.0
Hte-ATaw_020-Ex1-3D-lcwgs-1-T	74846.0	2246.0	24.0	28.0	10464.0	0.0
Hte-ATaw_021-Ex1-3E-lcwgs-1-T	110694.0	2908.0	26.0	24.0	12420.0	0.0
Hte-ATaw_022-Ex1-3F-lcwgs-1-T	374496.0	4148.0	112.0	90.0	15498.0	0.0
Hte-ATaw_023-Ex1-3G-lcwgs-1-T	40458.0	1874.0	10.0	10.0	11642.0	0.0
Hte-ATaw_024-Ex1-3H-lcwgs-1-T	533302.0	5128.0	200.0	106.0	13160.0	0.0
Hte-ATaw_025-Ex1-4A-lcwgs-1-T	1380046.0	14672.0	472.0	296.0	25494.0	0.0
Hte-ATaw_026-Ex1-4B-lcwgs-1-T	319248.0	3336.0	106.0	112.0	10230.0	0.0
Hte-ATaw_027-Ex1-4C-lcwgs-1-T	851142.0	7156.0	352.0	258.0	20094.0	0.0
Hte-ATaw_028-Ex1-4D-lcwgs-1-T	236508.0	3194.0	76.0	300.0	10420.0	0.0
Hte-ATaw_029-Ex1-4E-lcwgs-1-T	675594.0	7396.0	186.0	88.0	26772.0	0.0
Hte-ATaw_030-Ex1-4F-lcwgs-1-T	988150.0	9514.0	320.0	280.0	43018.0	0.0
Hte-ATaw_031-Ex1-4G-lcwgs-1-T	408652.0	6176.0	134.0	234.0	34768.0	0.0
Hte-ATaw_032-Ex1-4H-lcwgs-1-T	455532.0	3990.0	156.0	130.0	12564.0	0.0
Hte-ATaw_033-Ex1-5A-lcwgs-1-T	198092.0	3742.0	76.0	22.0	9956.0	0.0
Hte-ATaw_034-Ex1-5B-lcwgs-1-T	683912.0	7886.0	234.0	116.0	27370.0	0.0
Hte-ATaw_035-Ex1-5C-lcwgs-1-T	541232.0	6260.0	184.0	68.0	19184.0	0.0
Hte-ATaw_036-Ex1-5D-lcwgs-1-T	744284.0	7806.0	246.0	112.0	19758.0	0.0
Hte-ATaw_037-Ex1-5E-lcwgs-1-T	29984.0	1748.0	12.0	4.0	8254.0	0.0
Hte-ATaw_038-Ex1-5F-lcwgs-1-T	1078058.0	12244.0	370.0	248.0	41406.0	0.0
Hte-ATaw_039-Ex1-5G-lcwgs-1-T	41138.0	2072.0	16.0	16.0	10216.0	0.0
Hte-ATaw_040-Ex1-5H-lcwgs-1-T	30454.0	1608.0	8.0	6.0	8036.0	0.0
Hte-ATaw_041-Ex1-6A-lcwgs-1-T	538556.0	10838.0	164.0	46.0	20434.0	0.0
Hte-ATaw_042-Ex1-6B-lcwgs-1-T	773848.0	17242.0	262.0	48.0	18404.0	0.0
Hte-ATaw_043-Ex1-6C-lcwgs-1-T	707936.0	8416.0	234.0	138.0	41344.0	0.0
Hte-ATaw_044-Ex1-6D-lcwgs-1-T	249568.0	4794.0	70.0	14.0	18928.0	0.0
Hte-ATaw_045-Ex1-6E-lcwgs-1-T	203560.0	4036.0	70.0	24.0	12944.0	0.0
Hte-ATaw_046-Ex1-6F-lcwgs-1-T	203244.0	3674.0	66.0	44.0	17718.0	0.0
Hte-ATaw_047-Ex1-6G-lcwgs-1-T	293608.0	4986.0	110.0	26.0	22542.0	0.0
Hte-ATaw_048-Ex1-6H-lcwgs-1-T	114766.0	2956.0	40.0	22.0	10704.0	0.0
Hte-ATaw_049-Ex1-7A-lcwgs-1-T	19274.0	1302.0	6.0	8.0	6054.0	0.0
Hte-ATaw_050-Ex1-7B-lcwgs-1-T	20518.0	1286.0	12.0	14.0	5874.0	0.0
Hte-ATaw_051-Ex1-7C-lcwgs-1-T	153886.0	3410.0	40.0	20.0	14832.0	0.0
Hte-ATaw_052-Ex1-7D-lcwgs-1-T	291840.0	5410.0	114.0	62.0	24302.0	0.0
Hte-ATaw_053-Ex1-7E-lcwgs-1-T	233022.0	4328.0	78.0	36.0	18314.0	0.0
Hte-ATaw_054-Ex1-7F-lcwgs-1-T	268750.0	4426.0	98.0	64.0	20768.0	0.0
Hte-ATaw_055-Ex1-7G-lcwgs-1-T	25682.0	1692.0	8.0	8.0	8454.0	0.0
Hte-ATaw_056-Ex1-7H-lcwgs-1-T	713902.0	7102.0	228.0	60.0	21064.0	0.0
Hte-ATaw_057-Ex1-8A-lcwgs-1-T	25802.0	1298.0	10.0	10.0	6416.0	0.0
Hte-ATaw_058-Ex1-8B-lcwgs-1-T	173188.0	3602.0	44.0	28.0	16726.0	0.0
Hte-ATaw_059-Ex1-8C-lcwgs-1-T	404352.0	6072.0	116.0	56.0	35004.0	0.0
Hte-ATaw_060-Ex1-8D-lcwgs-1-T	365984.0	4338.0	96.0	44.0	15712.0	0.0
Hte-ATaw_061-Ex1-8E-lcwgs-1-T	185230.0	2514.0	46.0	26.0	14184.0	0.0
Hte-ATaw_062-Ex1-8F-lcwgs-1-T	816600.0	10000.0	306.0	144.0	31668.0	0.0
Hte-ATaw_063-Ex1-8G-lcwgs-1-T	85578.0	2830.0	36.0	10.0	17336.0	0.0
Hte-ATaw_064-Ex1-8H-lcwgs-1-T	179816.0	4136.0	54.0	90.0	20756.0	0.0
Hte-ATaw_065-Ex1-9A-lcwgs-1-T	7388.0	324.0	2.0	2.0	1752.0	0.0
Hte-ATaw_066-Ex1-9B-lcwgs-1-T	5428.0	266.0	2.0	4.0	1606.0	0.0
Hte-ATaw_067-Ex1-9C-lcwgs-1-T	229256.0	2678.0	70.0	22.0	7034.0	0.0
Hte-ATaw_068-Ex1-9D-lcwgs-1-T	149210.0	1960.0	52.0	24.0	4462.0	0.0
Hte-ATaw_069-Ex1-9E-lcwgs-1-T	80142.0	2200.0	22.0	14.0	8152.0	0.0
Hte-ATaw_070-Ex1-9F-lcwgs-1-T	57750.0	1784.0	10.0	14.0	8434.0	0.0
Hte-ATaw_071-Ex1-9G-lcwgs-1-T	110640.0	2500.0	30.0	48.0	7356.0	0.0
Hte-ATaw_072-Ex1-9H-lcwgs-1-T	261398.0	2578.0	98.0	50.0	8040.0	0.0
Hte-ATaw_073-Ex1-10A-lcwgs-1-T	262384.0	4988.0	94.0	46.0	18494.0	0.0
Hte-ATaw_074-Ex1-10B-lcwgs-1-T	262256.0	5618.0	70.0	50.0	31436.0	0.0
Hte-ATaw_075-Ex1-10C-lcwgs-1-T	138174.0	1862.0	40.0	46.0	10162.0	0.0
Hte-ATaw_076-Ex1-10D-lcwgs-1-T	156258.0	2668.0	54.0	32.0	4322.0	0.0
Hte-ATaw_077-Ex1-10E-lcwgs-1-T	131716.0	1356.0	44.0	18.0	5566.0	0.0
Hte-ATaw_078-Ex1-10F-lcwgs-1-T	252144.0	2912.0	74.0	56.0	10476.0	0.0
Hte-ATic_001-Ex1-1A-lcwgs-2-T	9730.0	656.0	2.0	0.0	4896.0	0.0
Hte-ATic_002-Ex1-2A-lcwgs-1-T	14830.0	1058.0	12.0	8.0	6088.0	0.0
Hte-ATic_003-Ex1-2H-lcwgs-2-T	37620.0	1476.0	22.0	18.0	8494.0	0.0
Hte-ATic_004-Ex1-3H-lcwgs-2-T	51248.0	2200.0	18.0	16.0	9942.0	0.0
Hte-ATic_005-Ex1-4C-lcwgs-2-T	46140.0	2066.0	12.0	20.0	11800.0	0.0
Hte-ATic_006-Ex1-4H-lcwgs-2-T	53970.0	1920.0	10.0	16.0	7828.0	0.0
Hte-ATic_007-Ex1-5G-lcwgs-1-T	529598.0	14152.0	180.0	62.0	105942.0	0.0
Hte-ATic_008-Ex1-6D-lcwgs-2-T	45678.0	2576.0	20.0	22.0	11956.0	0.0
Hte-ATic_010-Ex1-8B-lcwgs-2-T	23362.0	1468.0	8.0	16.0	8116.0	0.0
Hte-ATic_011-Ex1-9B-lcwgs-2-T	9486.0	478.0	2.0	10.0	2946.0	0.0
Hte-ATic_012-Ex1-10B-lcwgs-2-T	14244.0	370.0	6.0	0.0	1574.0	0.0
Hte-ATic_013-Ex1-1B-lcwgs-2-T	148778.0	3340.0	54.0	16.0	9394.0	0.0
Hte-ATic_015-Ex1-3A-lcwgs-2-T	37320.0	1340.0	18.0	6.0	7330.0	0.0
Hte-ATic_017-Ex1-4D-lcwgs-2-T	44164.0	1888.0	10.0	10.0	10366.0	0.0
Hte-ATic_018-Ex1-5A-lcwgs-2-T	82476.0	1156.0	40.0	10.0	5404.0	0.0
Hte-ATic_019-Ex1-5F-lcwgs-2-T	53272.0	2756.0	18.0	12.0	12116.0	0.0
Hte-ATic_020-Ex1-6E-lcwgs-2-T	69714.0	4162.0	22.0	24.0	18024.0	0.0
Hte-ATic_021-Ex1-7C-lcwgs-2-T	57062.0	2426.0	18.0	24.0	12340.0	0.0
Hte-ATic_022-Ex1-8C-lcwgs-2-T	40298.0	2344.0	12.0	14.0	14022.0	0.0
Hte-ATic_023-Ex1-9C-lcwgs-2-T	12452.0	554.0	14.0	6.0	3568.0	0.0
Hte-ATic_024-Ex1-10C-lcwgs-2-T	22278.0	938.0	2.0	8.0	3548.0	0.0
Hte-ATic_025-Ex1-1C-lcwgs-2-T	7096.0	444.0	4.0	10.0	3868.0	0.0
Hte-ATic_026-Ex1-2C-lcwgs-1-T	331326.0	7134.0	136.0	66.0	24098.0	0.0
Hte-ATic_027-Ex1-3B-lcwgs-2-T	38100.0	1044.0	16.0	14.0	5798.0	0.0
Hte-ATic_029-Ex1-4E-lcwgs-2-T	49268.0	2760.0	18.0	32.0	15774.0	0.0
Hte-ATic_030-Ex1-5B-lcwgs-2-T	37010.0	1782.0	16.0	10.0	9342.0	0.0
Hte-ATic_031-Ex1-5G-lcwgs-2-T	20534.0	1572.0	6.0	6.0	6566.0	0.0
Hte-ATic_032-Ex1-6H-lcwgs-1-T	395814.0	12256.0	162.0	106.0	116328.0	0.0
Hte-ATic_033-Ex1-7D-lcwgs-2-T	68252.0	4454.0	10.0	26.0	21008.0	0.0
Hte-ATic_034-Ex1-8D-lcwgs-2-T	45654.0	2790.0	26.0	12.0	17362.0	0.0
Hte-ATic_035-Ex1-9D-lcwgs-2-T	20070.0	1086.0	4.0	10.0	5928.0	0.0
Hte-ATic_036-Ex1-10D-lcwgs-2-T	36384.0	1420.0	8.0	22.0	5370.0	0.0
Hte-ATic_037-Ex1-1D-lcwgs-2-T	34260.0	1560.0	14.0	14.0	11022.0	0.0
Hte-ATic_038-Ex1-2C-lcwgs-2-T	57118.0	1872.0	28.0	20.0	11590.0	0.0
Hte-ATic_039-Ex1-3C-lcwgs-2-T	46240.0	2096.0	14.0	12.0	11654.0	0.0
Hte-ATic_041-Ex1-4G-lcwgs-1-T	164816.0	5610.0	72.0	44.0	39572.0	0.0
Hte-ATic_044-Ex1-6G-lcwgs-2-T	24214.0	1182.0	4.0	4.0	5320.0	0.0
Hte-ATic_045-Ex1-7E-lcwgs-2-T	45870.0	1966.0	16.0	26.0	9650.0	0.0
Hte-ATic_046-Ex1-8E-lcwgs-2-T	41988.0	2198.0	14.0	18.0	12054.0	0.0
Hte-ATic_047-Ex1-9E-lcwgs-2-T	10774.0	648.0	2.0	16.0	3326.0	0.0
Hte-ATic_048-Ex1-10E-lcwgs-2-T	35966.0	956.0	16.0	10.0	3860.0	0.0
Hte-ATic_049-Ex1-1E-lcwgs-2-T	70522.0	1850.0	20.0	30.0	12950.0	0.0
Hte-ATic_050-Ex1-2D-lcwgs-2-T	139918.0	2250.0	34.0	42.0	11672.0	0.0
Hte-ATic_051-Ex1-3D-lcwgs-2-T	85052.0	3042.0	32.0	10.0	15466.0	0.0
Hte-ATic_054-Ex1-5C-lcwgs-2-T	48912.0	2362.0	18.0	20.0	11340.0	0.0
Hte-ATic_055-Ex1-5H-lcwgs-2-T	43298.0	2222.0	20.0	12.0	9890.0	0.0
Hte-ATic_056-Ex1-6H-lcwgs-2-T	36742.0	1264.0	18.0	8.0	6554.0	0.0
Hte-ATic_057-Ex1-7F-lcwgs-2-T	28352.0	1738.0	14.0	12.0	9832.0	0.0
Hte-ATic_058-Ex1-8F-lcwgs-2-T	24598.0	1526.0	8.0	20.0	6442.0	0.0
Hte-ATic_059-Ex1-9F-lcwgs-2-T	11590.0	466.0	6.0	2.0	1776.0	0.0
Hte-ATic_060-Ex1-10F-lcwgs-2-T	33802.0	1748.0	16.0	12.0	7238.0	0.0
Hte-ATic_061-Ex1-1F-lcwgs-2-T	87706.0	2146.0	36.0	34.0	14334.0	0.0
Hte-ATic_062-Ex1-2E-lcwgs-2-T	70292.0	2864.0	38.0	34.0	16672.0	0.0
Hte-ATic_063-Ex1-3E-lcwgs-2-T	74422.0	3180.0	22.0	34.0	18120.0	0.0
Hte-ATic_067-Ex1-6A-lcwgs-2-T	21672.0	1204.0	4.0	12.0	5982.0	0.0
Hte-ATic_069-Ex1-7G-lcwgs-2-T	17782.0	946.0	14.0	10.0	5494.0	0.0
Hte-ATic_070-Ex1-8G-lcwgs-2-T	4356.0	518.0	2.0	6.0	2234.0	0.0
Hte-ATic_071-Ex1-9G-lcwgs-2-T	27956.0	1584.0	12.0	4.0	7626.0	0.0
Hte-ATic_072-Ex1-10G-lcwgs-2-T	61078.0	2544.0	32.0	36.0	14242.0	0.0
Hte-ATic_073-Ex1-1G-lcwgs-2-T	77008.0	3392.0	26.0	30.0	21226.0	0.0
Hte-ATic_074-Ex1-2F-lcwgs-2-T	74606.0	3562.0	22.0	38.0	19682.0	0.0
Hte-ATic_075-Ex1-3F-lcwgs-2-T	57902.0	3196.0	12.0	16.0	19380.0	0.0
Hte-ATic_076-Ex1-4A-lcwgs-2-T	39440.0	1740.0	20.0	34.0	8562.0	0.0
Hte-ATic_077-Ex1-4F-lcwgs-2-T	77650.0	3690.0	44.0	36.0	17584.0	0.0
Hte-ATic_078-Ex1-5D-lcwgs-2-T	82700.0	3290.0	28.0	62.0	16444.0	0.0
Hte-ATic_079-Ex1-6B-lcwgs-2-T	44354.0	4148.0	8.0	10.0	16258.0	0.0
Hte-ATic_080-Ex1-7B-lcwgs-2-T	94138.0	2414.0	42.0	26.0	9184.0	0.0
Hte-ATic_081-Ex1-7H-lcwgs-2-T	45052.0	2726.0	10.0	16.0	13770.0	0.0
Hte-ATic_082-Ex1-8H-lcwgs-2-T	62726.0	1602.0	24.0	10.0	7022.0	0.0
Hte-ATic_083-Ex1-9H-lcwgs-2-T	45208.0	1432.0	8.0	28.0	9650.0	0.0
Hte-ATic_084-Ex1-10H-lcwgs-2-T	11466.0	860.0	6.0	2.0	5114.0	0.0
Hte-ATic_085-Ex1-1H-lcwgs-2-T	46432.0	2090.0	12.0	18.0	13436.0	0.0
Hte-ATic_086-Ex1-2G-lcwgs-2-T	60320.0	3040.0	16.0	26.0	18138.0	0.0
Hte-ATic_087-Ex1-3G-lcwgs-2-T	66728.0	2860.0	22.0	28.0	15750.0	0.0
Hte-ATic_088-Ex1-4B4C-lcwgs-1and2-T	283120.0	12824.0	98.0	86.0	87040.0	0.0
Hte-ATic_089-Ex1-4G-lcwgs-2-T	47536.0	2494.0	10.0	36.0	9788.0	0.0
Hte-ATic_091-Ex1-6C-lcwgs-2-T	37272.0	2122.0	16.0	10.0	9394.0	0.0
Hte-ATic_092-Ex1-7E-lcwgs-1-T	508542.0	11464.0	172.0	130.0	64576.0	0.0
Hte-ATic_093-Ex1-8A-lcwgs-2-T	83582.0	2666.0	14.0	38.0	12740.0	0.0
Hte-ATic_094-Ex1-9A-lcwgs-2-T	41312.0	872.0	18.0	22.0	4752.0	0.0
Hte-ATic_095-Ex1-10A-lcwgs-2-T	25298.0	654.0	4.0	8.0	2028.0	0.0
Hte-ATic_096-Ex1-11A-lcwgs-2-T	71746.0	1024.0	26.0	34.0	3498.0	0.0
Hte-CBur_010-Ex1-6C-lcwgs-1-T	1976548.0	37314.0	782.0	622.0	37474.0	0.0
Hte-CBur_011-Ex1-4D-lcwgs-1-T	1639362.0	33708.0	538.0	526.0	40412.0	0.0
Hte-CBur_012-Ex1-2B-lcwgs-1-T	2746214.0	73776.0	912.0	1444.0	259188.0	0.0
Hte-CBur_017-Ex1-4B-lcwgs-1-T	1457466.0	31504.0	538.0	514.0	33652.0	0.0
Hte-CBur_018-Ex1-7E-lcwgs-1-T	1591632.0	33224.0	612.0	520.0	30798.0	0.0
Hte-CBur_019-Ex1-4G-lcwgs-1-T	2076880.0	40598.0	762.0	756.0	38498.0	0.0
Hte-CBur_020-Ex1-5C-lcwgs-1-T	1851508.0	37112.0	660.0	706.0	35144.0	0.0
Hte-CBur_022-Ex1-1H-lcwgs-1-T	573378.0	13166.0	190.0	158.0	26980.0	0.0
Hte-CBur_023-Ex1-6F-lcwgs-1-T	2255288.0	44100.0	852.0	612.0	29740.0	0.0
Hte-CBur_024-Ex1-2G-lcwgs-1-T	1039970.0	20302.0	322.0	404.0	28176.0	0.0
Hte-CBur_026-Ex1-4A-lcwgs-1-T	1988626.0	50228.0	710.0	662.0	30434.0	0.0
Hte-CBur_027-Ex1-2C-lcwgs-1-T	1434834.0	26132.0	526.0	416.0	43528.0	0.0
Hte-CBur_028-Ex1-7B-lcwgs-1-T	1883640.0	42428.0	668.0	576.0	53038.0	0.0
Hte-CBur_031-Ex1-7D-lcwgs-1-T	1220680.0	25040.0	434.0	320.0	32360.0	0.0
Hte-CBur_032-Ex1-3B-lcwgs-1-T	992252.0	20702.0	296.0	320.0	47140.0	0.0
Hte-CBur_035-Ex1-5A-lcwgs-1-T	2552560.0	65626.0	896.0	752.0	26614.0	0.0
Hte-CBur_036-Ex1-5B-lcwgs-1-T	927450.0	19604.0	356.0	334.0	25512.0	0.0
Hte-CBur_037-Ex1-5D-lcwgs-1-T	998134.0	17592.0	428.0	312.0	21538.0	0.0
Hte-CBur_038-Ex1-1G-lcwgs-1-T	1029232.0	20010.0	296.0	292.0	27666.0	0.0
Hte-CBur_040-Ex1-4F-lcwgs-1-T	1486046.0	28720.0	566.0	430.0	24552.0	0.0
Hte-CBur_041-Ex1-2F-lcwgs-1-T	1443242.0	26304.0	552.0	488.0	25018.0	0.0
Hte-CBur_042-Ex1-6H-lcwgs-1-T	2195904.0	46576.0	746.0	552.0	35904.0	0.0
Hte-CBur_044-Ex1-3F-lcwgs-1-T	629424.0	11536.0	226.0	178.0	11856.0	0.0
Hte-CBur_048-Ex1-7A-lcwgs-1-T	4056444.0	105512.0	1398.0	1194.0	48972.0	0.0
Hte-CBur_049-Ex1-6B-lcwgs-1-T	2917610.0	75044.0	1044.0	1032.0	71906.0	0.0
Hte-CBur_051-Ex1-2D-lcwgs-1-T	977714.0	19126.0	332.0	336.0	57616.0	0.0
Hte-CBur_053-Ex1-3C-lcwgs-1-T	936388.0	15670.0	344.0	316.0	15200.0	0.0
Hte-CBur_054-Ex1-3H-lcwgs-1-T	1274146.0	24214.0	442.0	336.0	19300.0	0.0
Hte-CBur_055-Ex1-6A-lcwgs-1-T	2613492.0	59520.0	866.0	724.0	54388.0	0.0
Hte-CBur_056-Ex1-8G-lcwgs-1-T	1356160.0	28880.0	500.0	344.0	26758.0	0.0
Hte-CBur_057-Ex1-5E-lcwgs-1-T	296748.0	7024.0	94.0	104.0	15200.0	0.0
Hte-CBur_058-Ex1-8H-lcwgs-1-T	1091890.0	23404.0	474.0	324.0	27624.0	0.0
Hte-CBur_059-Ex1-4C-lcwgs-1-T	2046708.0	41332.0	764.0	794.0	57726.0	0.0
Hte-CBur_060-Ex1-5H-lcwgs-1-T	1657192.0	29950.0	588.0	588.0	29408.0	0.0
Hte-CBur_061-Ex1-4E-lcwgs-1-T	1414788.0	25638.0	508.0	516.0	27768.0	0.0
Hte-CBur_062-Ex1-1B-lcwgs-1-T	2714754.0	62714.0	1004.0	766.0	40126.0	0.0
Hte-CBur_063-Ex1-5G-lcwgs-1-T	1559436.0	31122.0	548.0	432.0	25200.0	0.0
Hte-CBur_064-Ex1-3A-lcwgs-1-T	973470.0	20234.0	350.0	264.0	32076.0	0.0
Hte-CBur_066-Ex1-1D-lcwgs-1-T	2165188.0	40198.0	696.0	708.0	47752.0	0.0
Hte-CBur_067-Ex1-2A-lcwgs-1-T	3332028.0	91988.0	1148.0	1130.0	155396.0	0.0
Hte-CBur_069-Ex1-1F-lcwgs-1-T	2606508.0	55626.0	898.0	718.0	57904.0	0.0
Hte-CBur_070-Ex1-8F-lcwgs-1-T	1534360.0	32068.0	524.0	420.0	22818.0	0.0
Hte-CBur_071-Ex1-7G-lcwgs-1-T	2249018.0	49072.0	822.0	588.0	35726.0	0.0
Hte-CBur_072-Ex1-1A-lcwgs-1-T	434588.0	11886.0	140.0	94.0	23944.0	0.0
Hte-CBur_073-Ex1-1C-lcwgs-1-T	2347172.0	43974.0	838.0	846.0	35630.0	0.0
Hte-CBur_075-Ex1-3D-lcwgs-1-T	1317740.0	24494.0	522.0	382.0	16590.0	0.0
Hte-CBur_076-Ex1-2E-lcwgs-1-T	2122108.0	35114.0	816.0	668.0	26652.0	0.0
Hte-CBur_077-Ex1-6D-lcwgs-1-T	1323162.0	23112.0	436.0	408.0	31712.0	0.0
Hte-CBur_078-Ex1-7F-lcwgs-1-T	1950494.0	37496.0	714.0	508.0	30292.0	0.0
Hte-CBur_079-Ex1-6E-lcwgs-1-T	1185572.0	21544.0	436.0	336.0	27480.0	0.0
Hte-CBur_080-Ex1-6G-lcwgs-1-T	1369110.0	27890.0	498.0	386.0	31992.0	0.0
Hte-CBur_082-Ex1-1E-lcwgs-1-T	2328178.0	41634.0	854.0	818.0	63564.0	0.0
Hte-CBur_084-Ex1-8A-lcwgs-1-T	270402.0	8786.0	74.0	50.0	22538.0	0.0
Hte-CBur_085-Ex1-2H-lcwgs-1-T	1845548.0	37864.0	632.0	870.0	80316.0	0.0
Hte-CBur_087-Ex1-3G-lcwgs-1-T	691012.0	13690.0	276.0	320.0	15046.0	0.0
Hte-CBur_088-Ex1-8C-lcwgs-1-T	1455752.0	27636.0	558.0	396.0	30822.0	0.0
Hte-CBur_089-Ex1-8E-lcwgs-1-T	770732.0	15490.0	296.0	232.0	24566.0	0.0
Hte-CBur_090-Ex1-8D-lcwgs-1-T	534200.0	12262.0	194.0	112.0	27184.0	0.0
Hte-CBur_091-Ex1-8B-lcwgs-1-T	440958.0	12520.0	140.0	110.0	25216.0	0.0
Hte-CBur_092-Ex1-7H-lcwgs-1-T	2430396.0	49006.0	908.0	626.0	37746.0	0.0
Hte-CBur_093-Ex1-5F-lcwgs-1-T	473090.0	9354.0	136.0	178.0	15896.0	0.0
Hte-CBur_094-Ex1-7C-lcwgs-1-T	1102828.0	21666.0	392.0	360.0	32316.0	0.0
Hte-CBur_095-Ex1-3E-lcwgs-1-T	1009774.0	18640.0	368.0	518.0	30130.0	0.0
Hte-CBur_096-Ex1-4H-lcwgs-1-T	2954406.0	60052.0	1034.0	824.0	41192.0	0.0
Hte-CJol_002-Ex1-1B-lcwgs-1-T	49470.0	1360.0	14.0	52.0	4076.0	0.0
Hte-CJol_003-Ex1-8A-lcwgs-1-T	44114.0	1098.0	20.0	48.0	1532.0	0.0
Hte-CJol_004-Ex1-7G-lcwgs-1-T	802566.0	20838.0	288.0	750.0	26418.0	0.0
Hte-CJol_005-Ex1-6C-lcwgs-1-T	91880.0	1878.0	34.0	118.0	2752.0	0.0
Hte-CJol_006-Ex1-8F-lcwgs-1-T	98120.0	2426.0	34.0	100.0	4274.0	0.0
Hte-CJol_007-Ex1-7A-lcwgs-1-T	33314.0	914.0	20.0	22.0	1424.0	0.0
Hte-CJol_008-Ex1-5G-lcwgs-1-T	294318.0	7972.0	124.0	570.0	23870.0	0.0
Hte-CJol_009-Ex1-4G-lcwgs-1-T	295700.0	7716.0	130.0	374.0	19242.0	0.0
Hte-CJol_010-Ex1-8G-lcwgs-1-T	76376.0	1846.0	16.0	28.0	2608.0	0.0
Hte-CJol_011-Ex1-8D-lcwgs-1-T	254012.0	5926.0	96.0	402.0	6712.0	0.0
Hte-CJol_012-Ex1-7D-lcwgs-1-T	98454.0	2662.0	42.0	160.0	2198.0	0.0
Hte-CJol_013-Ex1-1G-lcwgs-1-T	308780.0	7068.0	88.0	572.0	27316.0	0.0
Hte-CJol_014-Ex1-3D-lcwgs-1-T	1050056.0	25570.0	410.0	1474.0	20650.0	0.0
Hte-CJol_016-Ex1-6D-lcwgs-1-T	195202.0	5712.0	78.0	338.0	4504.0	0.0
Hte-CJol_021-Ex1-2A-lcwgs-1-T	203718.0	5390.0	48.0	440.0	16208.0	0.0
Hte-CJol_022-Ex1-7E-lcwgs-1-T	58866.0	1352.0	18.0	34.0	1692.0	0.0
Hte-CJol_023-Ex1-7F-lcwgs-1-T	2000914.0	52672.0	758.0	2060.0	43488.0	0.0
Hte-CJol_024-Ex1-2D-lcwgs-1-T	470906.0	11508.0	174.0	750.0	52946.0	0.0
Hte-CJol_028-Ex1-2C-lcwgs-1-T	361078.0	10126.0	142.0	608.0	34968.0	0.0
Hte-CJol_030-Ex1-7B-lcwgs-1-T	141572.0	2532.0	48.0	130.0	4114.0	0.0
Hte-CJol_032-Ex1-4H-lcwgs-1-T	345200.0	7104.0	108.0	572.0	21180.0	0.0
Hte-CJol_033-Ex1-6F-lcwgs-1-T	866644.0	19136.0	314.0	1196.0	43480.0	0.0
Hte-CJol_034-Ex1-1D-lcwgs-1-T	344584.0	11120.0	98.0	1636.0	19198.0	0.0
Hte-CJol_035-Ex1-1F-lcwgs-1-T	1917388.0	60066.0	748.0	8534.0	111006.0	0.0
Hte-CJol_037-Ex1-3B-lcwgs-1-T	473984.0	12374.0	200.0	536.0	12794.0	0.0
Hte-CJol_038-Ex1-1C-lcwgs-1-T	60894.0	1712.0	32.0	112.0	4184.0	0.0
Hte-CJol_039-Ex1-3F-lcwgs-1-T	312448.0	6994.0	138.0	258.0	9692.0	0.0
Hte-CJol_040-Ex1-2F-lcwgs-1-T	666112.0	19248.0	204.0	1852.0	37782.0	0.0
Hte-CJol_041-Ex1-5E-lcwgs-1-T	85582.0	2374.0	30.0	118.0	3920.0	0.0
Hte-CJol_042-Ex1-6B-lcwgs-1-T	215000.0	4306.0	78.0	218.0	4926.0	0.0
Hte-CJol_043-Ex1-4A-lcwgs-1-T	97722.0	2822.0	32.0	108.0	12494.0	0.0
Hte-CJol_046-Ex1-3G-lcwgs-1-T	370614.0	9328.0	128.0	790.0	13580.0	0.0
Hte-CJol_048-Ex1-8C-lcwgs-1-T	435162.0	9620.0	148.0	568.0	13336.0	0.0
Hte-CJol_049-Ex1-4E-lcwgs-1-T	383490.0	9910.0	138.0	602.0	10756.0	0.0
Hte-CJol_050-Ex1-8E-lcwgs-1-T	30552.0	556.0	10.0	6.0	970.0	0.0
Hte-CJol_052-Ex1-5D-lcwgs-1-T	325420.0	7128.0	130.0	366.0	12962.0	0.0
Hte-CJol_053-Ex1-5A-lcwgs-1-T	161672.0	5684.0	48.0	244.0	6126.0	0.0
Hte-CJol_054-Ex1-4D-lcwgs-1-T	716510.0	19536.0	268.0	732.0	34354.0	0.0
Hte-CJol_055-Ex1-4B-lcwgs-1-T	524612.0	13098.0	198.0	722.0	23104.0	0.0
Hte-CJol_056-Ex1-5B-lcwgs-1-T	499232.0	10776.0	174.0	410.0	19844.0	0.0
Hte-CJol_057-Ex1-3E-lcwgs-1-T	582456.0	13118.0	248.0	764.0	15118.0	0.0
Hte-CJol_061-Ex1-1A-lcwgs-1-T	87666.0	2510.0	38.0	116.0	13666.0	0.0
Hte-CJol_062-Ex1-6A-lcwgs-1-T	135200.0	2498.0	58.0	94.0	4358.0	0.0
Hte-CJol_063-Ex1-5C-lcwgs-1-T	201638.0	4900.0	54.0	260.0	6012.0	0.0
Hte-CJol_064-Ex1-6G-lcwgs-1-T	363564.0	8464.0	128.0	448.0	15962.0	0.0
Hte-CJol_067-Ex1-2B-lcwgs-1-T	131764.0	3346.0	52.0	130.0	13772.0	0.0
Hte-CJol_068-Ex1-2G-lcwgs-1-T	749532.0	19912.0	258.0	1768.0	61128.0	0.0
Hte-CJol_069-Ex1-3H-lcwgs-1-T	676110.0	13788.0	240.0	642.0	19202.0	0.0
Hte-CJol_070-Ex1-5F-lcwgs-1-T	303958.0	8362.0	94.0	162.0	22728.0	0.0
Hte-CJol_076-Ex1-4C-lcwgs-1-T	266368.0	8990.0	82.0	894.0	11862.0	0.0
Hte-CJol_078-Ex1-7H-lcwgs-1-T	1414180.0	29526.0	474.0	2760.0	78242.0	0.0
Hte-CJol_080-Ex1-8H-lcwgs-1-T	84706.0	1946.0	34.0	96.0	3398.0	0.0
Hte-CJol_081-Ex1-7C-lcwgs-1-T	86336.0	3608.0	44.0	366.0	3432.0	0.0
Hte-CJol_082-Ex1-2E-lcwgs-1-T	151684.0	3408.0	54.0	184.0	5730.0	0.0
Hte-CJol_083-Ex1-6E-lcwgs-1-T	144632.0	3510.0	46.0	126.0	3712.0	0.0
Hte-CJol_084-Ex1-8B-lcwgs-1-T	48478.0	1062.0	16.0	20.0	1776.0	0.0
Hte-CJol_086-Ex1-1H-lcwgs-1-T	467722.0	12532.0	186.0	1342.0	49588.0	0.0
Hte-CJol_087-Ex1-2H-lcwgs-1-T	1087140.0	33990.0	360.0	3276.0	52606.0	0.0
Hte-CJol_089-Ex1-3C-lcwgs-1-T	387476.0	12218.0	144.0	782.0	53074.0	0.0
Hte-CJol_092-Ex1-3A-lcwgs-1-T	51270.0	1564.0	12.0	164.0	2184.0	0.0
Hte-CJol_093-Ex1-4F-lcwgs-1-T	561130.0	17030.0	186.0	1672.0	30516.0	0.0
Hte-CJol_094-Ex1-6H-lcwgs-1-T	386560.0	11372.0	160.0	752.0	15356.0	0.0
Hte-CJol_095-Ex1-5H-lcwgs-1-T	147762.0	3686.0	52.0	316.0	13214.0	0.0
Hte-CJol_096-Ex1-1E-lcwgs-1-T	207978.0	5746.0	88.0	464.0	9706.0	0.0
Hte-CMvi_005-Ex1-2D-lcwgs-1-T	347404.0	11530.0	126.0	72.0	6686.0	0.0
Hte-CMvi_006-Ex1-2G-lcwgs-1-T	645518.0	26858.0	238.0	320.0	38880.0	0.0
Hte-CMvi_008-Ex1-3H-lcwgs-1-T	1145008.0	29454.0	428.0	234.0	17466.0	0.0
Hte-CMvi_009-Ex1-4E-lcwgs-1-T	1186782.0	34186.0	468.0	324.0	30202.0	0.0
Hte-CMvi_010-Ex1-5D-lcwgs-1-T	1122366.0	35950.0	450.0	282.0	24492.0	0.0
Hte-CMvi_011-Ex1-6C-lcwgs-1-T	1387026.0	42672.0	474.0	358.0	33840.0	0.0
Hte-CMvi_012-Ex1-7C-lcwgs-1-T	457258.0	14496.0	154.0	136.0	33740.0	0.0
Hte-CMvi_017-Ex1-2E-lcwgs-1-T	352452.0	10336.0	104.0	58.0	6424.0	0.0
Hte-CMvi_018-Ex1-2H-lcwgs-1-T	365958.0	9002.0	158.0	86.0	6532.0	0.0
Hte-CMvi_019-Ex1-1F-lcwgs-1-T	1590902.0	54630.0	558.0	222.0	7330.0	0.0
Hte-CMvi_020-Ex1-4A-lcwgs-1-T	376424.0	8784.0	148.0	112.0	10330.0	0.0
Hte-CMvi_022-Ex1-5E-lcwgs-1-T	1499622.0	43262.0	454.0	352.0	36538.0	0.0
Hte-CMvi_023-Ex1-6D-lcwgs-1-T	1549438.0	55258.0	574.0	308.0	127232.0	0.0
Hte-CMvi_024-Ex1-7D-lcwgs-1-T	1242954.0	45588.0	492.0	314.0	119134.0	0.0
Hte-CMvi_029-Ex1-1D-lcwgs-1-T	1146792.0	38690.0	422.0	192.0	9084.0	0.0
Hte-CMvi_030-Ex1-3A-lcwgs-1-T	758424.0	23334.0	284.0	170.0	22216.0	0.0
Hte-CMvi_031-Ex1-3C-lcwgs-1-T	1016496.0	33042.0	328.0	188.0	38864.0	0.0
Hte-CMvi_032-Ex1-1G-lcwgs-1-T	2368906.0	57746.0	870.0	486.0	32318.0	0.0
Hte-CMvi_033-Ex1-4F-lcwgs-1-T	1545942.0	47582.0	602.0	406.0	69718.0	0.0
Hte-CMvi_034-Ex1-2A-lcwgs-1-T	2192826.0	66864.0	804.0	558.0	67152.0	0.0
Hte-CMvi_035-Ex1-6E-lcwgs-1-T	1555706.0	51744.0	548.0	374.0	175444.0	0.0
Hte-CMvi_036-Ex1-7E-lcwgs-1-T	1344066.0	46570.0	430.0	364.0	78914.0	0.0
Hte-CMvi_040-Ex1-2A-lcwgs-1-T	619678.0	22418.0	240.0	124.0	30400.0	0.0
Hte-CMvi_043-Ex1-3D-lcwgs-1-T	925678.0	30536.0	352.0	198.0	14410.0	0.0
Hte-CMvi_044-Ex1-4B-lcwgs-1-T	78430.0	2282.0	38.0	26.0	9224.0	0.0
Hte-CMvi_045-Ex1-4G-lcwgs-1-T	539598.0	16796.0	224.0	140.0	30584.0	0.0
Hte-CMvi_046-Ex1-5F-lcwgs-1-T	2381044.0	112694.0	868.0	546.0	58118.0	0.0
Hte-CMvi_047-Ex1-6F-lcwgs-1-T	932592.0	36020.0	344.0	276.0	44842.0	0.0
Hte-CMvi_048-Ex1-7F-lcwgs-1-T	1244824.0	58324.0	430.0	338.0	133846.0	0.0
Hte-CMvi_049-Ex1-1A-lcwgs-1-T	731382.0	23296.0	254.0	138.0	18160.0	0.0
Hte-CMvi_051-Ex1-1B-lcwgs-1-T	1915636.0	58696.0	694.0	414.0	22574.0	0.0
Hte-CMvi_055-Ex1-3E-lcwgs-1-T	1049744.0	35378.0	336.0	196.0	57946.0	0.0
Hte-CMvi_057-Ex1-4H-lcwgs-1-T	1443176.0	47054.0	572.0	370.0	33434.0	0.0
Hte-CMvi_058-Ex1-5G-lcwgs-1-T	768054.0	23358.0	280.0	190.0	26016.0	0.0
Hte-CMvi_059-Ex1-6G-lcwgs-1-T	1334410.0	41484.0	512.0	294.0	46212.0	0.0
Hte-CMvi_065-Ex1-1E-lcwgs-1-T	1045946.0	29056.0	390.0	112.0	3234.0	0.0
Hte-CMvi_066-Ex1-3B-lcwgs-1-T	319318.0	9428.0	124.0	70.0	11366.0	0.0
Hte-CMvi_067-Ex1-3F-lcwgs-1-T	469834.0	15476.0	172.0	130.0	20350.0	0.0
Hte-CMvi_068-Ex1-1H-lcwgs-1-T	1781224.0	58280.0	576.0	304.0	74646.0	0.0
Hte-CMvi_069-Ex1-5A-lcwgs-1-T	1712206.0	60474.0	640.0	396.0	85452.0	0.0
Hte-CMvi_070-Ex1-5H-lcwgs-1-T	1915406.0	69930.0	676.0	336.0	132150.0	0.0
Hte-CMvi_071-Ex1-6H-lcwgs-1-T	1683044.0	66060.0	644.0	418.0	94730.0	0.0
Hte-CMvi_072-Ex1-7G-lcwgs-1-T	3975096.0	117832.0	1438.0	1290.0	258200.0	0.0
Hte-CMvi_075-Ex1-1G-lcwgs-1-T	962858.0	47526.0	316.0	204.0	70282.0	0.0
Hte-CMvi_076-Ex1-2B-lcwgs-1-T	428784.0	14562.0	148.0	98.0	6818.0	0.0
Hte-CMvi_077-Ex1-2F-lcwgs-1-T	162148.0	12902.0	42.0	44.0	29130.0	0.0
Hte-CMvi_080-Ex1-4C-lcwgs-1-T	896482.0	26934.0	338.0	246.0	37552.0	0.0
Hte-CMvi_081-Ex1-5B-lcwgs-1-T	1055294.0	35276.0	394.0	300.0	51456.0	0.0
Hte-CMvi_082-Ex1-6A-lcwgs-1-T	2115268.0	93640.0	680.0	926.0	88900.0	0.0
Hte-CMvi_083-Ex1-7A-lcwgs-1-T	1383022.0	45164.0	558.0	428.0	58638.0	0.0
Hte-CMvi_087-Ex1-1C-lcwgs-1-T	811468.0	20806.0	274.0	126.0	9076.0	0.0
Hte-CMvi_088-Ex1-2C-lcwgs-1-T	372438.0	9190.0	130.0	88.0	5184.0	0.0
Hte-CMvi_091-Ex1-3G-lcwgs-1-T	628668.0	14600.0	266.0	184.0	16384.0	0.0
Hte-CMvi_092-Ex1-4D-lcwgs-1-T	442620.0	13438.0	162.0	120.0	25760.0	0.0
Hte-CMvi_093-Ex1-5C-lcwgs-1-T	1599114.0	43036.0	598.0	410.0	106266.0	0.0
Hte-CMvi_094-Ex1-6B-lcwgs-1-T	1188554.0	53954.0	434.0	242.0	86606.0	0.0
Hte-CMvi_095-Ex1-7B-lcwgs-1-T	1545600.0	65162.0	552.0	372.0	102810.0	0.0
Hte-CMvi_096-Ex1-7H-lcwgs-1-T	1850692.0	56186.0	662.0	330.0	40652.0	0.0
Hte-CPnd_006-Ex1-5G-lcwgs-1-T	526856.0	10492.0	212.0	390.0	13516.0	0.0
Hte-CPnd_012-Ex1-6B-lcwgs-1-T	143708.0	4788.0	50.0	88.0	6530.0	0.0
Hte-CPnd_014-Ex1-6H-lcwgs-1-T	719726.0	14402.0	266.0	494.0	38130.0	0.0
Hte-CPnd_015-Ex1-8D-lcwgs-1-T	64842.0	2112.0	30.0	30.0	2100.0	0.0
Hte-CPnd_020-Ex1-11A-lcwgs-1-T	754310.0	20942.0	290.0	484.0	40698.0	0.0
Hte-CPnd_022-Ex1-7F-lcwgs-1-T	689998.0	12916.0	278.0	242.0	22690.0	0.0
Hte-CPnd_024-Ex1-8B-lcwgs-1-T	69780.0	1970.0	24.0	26.0	4648.0	0.0
Hte-CPnd_026-Ex1-11E-lcwgs-1-T	1176048.0	23242.0	454.0	384.0	12968.0	0.0
Hte-CPnd_027-Ex1-8G-lcwgs-1-T	1422622.0	32930.0	496.0	484.0	42854.0	0.0
Hte-CPnd_028-Ex1-12C-lcwgs-1-T	1190408.0	26328.0	434.0	350.0	62198.0	0.0
Hte-CPnd_029-Ex1-7H-lcwgs-1-T	356930.0	8032.0	134.0	176.0	12820.0	0.0
Hte-CPnd_030-Ex1-10F-lcwgs-1-T	934090.0	19104.0	364.0	310.0	19746.0	0.0
Hte-CPnd_031-Ex1-8H-lcwgs-1-T	1046488.0	20982.0	362.0	378.0	21770.0	0.0
Hte-CPnd_032-Ex1-6F-lcwgs-1-T	317718.0	6016.0	112.0	200.0	15388.0	0.0
Hte-CPnd_033-Ex1-5F-lcwgs-1-T	994688.0	18014.0	416.0	676.0	89426.0	0.0
Hte-CPnd_034-Ex1-9F-lcwgs-1-T	3428688.0	74792.0	1304.0	2118.0	228710.0	0.0
Hte-CPnd_035-Ex1-6D-lcwgs-1-T	1007158.0	19206.0	384.0	298.0	42266.0	0.0
Hte-CPnd_038-Ex1-7E-lcwgs-1-T	714000.0	14006.0	274.0	222.0	16186.0	0.0
Hte-CPnd_039-Ex1-9H-lcwgs-1-T	1446254.0	31834.0	516.0	1284.0	37944.0	0.0
Hte-CPnd_040-Ex1-11D-lcwgs-1-T	1824852.0	37724.0	652.0	2138.0	16886.0	0.0
Hte-CPnd_041-Ex1-9B-lcwgs-1-T	159812.0	3568.0	62.0	58.0	6480.0	0.0
Hte-CPnd_042-Ex1-10D-lcwgs-1-T	476444.0	10384.0	168.0	212.0	4584.0	0.0
Hte-CPnd_043-Ex1-12E-lcwgs-1-T	3091428.0	49130.0	1200.0	1064.0	47586.0	0.0
Hte-CPnd_044-Ex1-6E-lcwgs-1-T	222060.0	4622.0	92.0	94.0	3608.0	0.0
Hte-CPnd_045-Ex1-12A-lcwgs-1-T	303172.0	7782.0	92.0	88.0	34952.0	0.0
Hte-CPnd_046-Ex1-10G-lcwgs-1-T	804104.0	18928.0	312.0	190.0	24450.0	0.0
Hte-CPnd_047-Ex1-8F-lcwgs-1-T	673368.0	11952.0	248.0	204.0	23664.0	0.0
Hte-CPnd_048-Ex1-11H-lcwgs-1-T	823684.0	15978.0	292.0	266.0	23842.0	0.0
Hte-CPnd_050-Ex1-9G-lcwgs-1-T	4425984.0	110502.0	1650.0	2678.0	185348.0	0.0
Hte-CPnd_051-Ex1-11C-lcwgs-1-T	2769664.0	86964.0	926.0	1274.0	263710.0	0.0
Hte-CPnd_053-Ex1-6C-lcwgs-1-T	49132.0	1502.0	10.0	24.0	4400.0	0.0
Hte-CPnd_054-Ex1-12H-lcwgs-1-T	1718066.0	35544.0	564.0	812.0	58458.0	0.0
Hte-CPnd_055-Ex1-12G-lcwgs-1-T	3203528.0	62870.0	1124.0	1300.0	109332.0	0.0
Hte-CPnd_056-Ex1-12B-lcwgs-1-T	461084.0	9266.0	174.0	230.0	22696.0	0.0
Hte-CPnd_057-Ex1-12D-lcwgs-1-T	1964134.0	39496.0	686.0	842.0	22222.0	0.0
Hte-CPnd_058-Ex1-7D-lcwgs-1-T	1037156.0	24498.0	370.0	660.0	7526.0	0.0
Hte-CPnd_059-Ex1-7A-lcwgs-1-T	318842.0	8204.0	116.0	180.0	8522.0	0.0
Hte-CPnd_060-Ex1-5D-lcwgs-1-T	119114.0	2802.0	48.0	94.0	5068.0	0.0
Hte-CPnd_062-Ex1-10B-lcwgs-1-T	2919446.0	79628.0	1088.0	1618.0	103532.0	0.0
Hte-CPnd_064-Ex1-8C-lcwgs-1-T	72332.0	2184.0	22.0	60.0	3636.0	0.0
Hte-CPnd_065-Ex1-7C-lcwgs-1-T	39856.0	1408.0	14.0	24.0	2450.0	0.0
Hte-CPnd_067-Ex1-11B-lcwgs-1-T	2001568.0	42048.0	770.0	1046.0	78240.0	0.0
Hte-CPnd_068-Ex1-10H-lcwgs-1-T	2640890.0	65682.0	944.0	1560.0	65234.0	0.0
Hte-CPnd_069-Ex1-12F-lcwgs-1-T	1592034.0	30140.0	564.0	396.0	76210.0	0.0
Hte-CPnd_070-Ex1-11F-lcwgs-1-T	766020.0	19574.0	278.0	372.0	105666.0	0.0
Hte-CPnd_071-Ex1-10A-lcwgs-1-T	754612.0	16664.0	264.0	184.0	19834.0	0.0
Hte-CPnd_072-Ex1-9E-lcwgs-1-T	792024.0	17008.0	300.0	186.0	7324.0	0.0
Hte-CPnd_074-Ex1-10E-lcwgs-1-T	2710010.0	53074.0	1040.0	1500.0	16364.0	0.0
Hte-CPnd_075-Ex1-9A-lcwgs-1-T	152180.0	4328.0	56.0	94.0	11860.0	0.0
Hte-CPnd_076-Ex1-11G-lcwgs-1-T	2632448.0	69834.0	970.0	2400.0	173114.0	0.0
Hte-CPnd_077-Ex1-7G-lcwgs-1-T	3105040.0	76852.0	1198.0	832.0	59978.0	0.0
Hte-CPnd_078-Ex1-5H-lcwgs-1-T	137878.0	2926.0	48.0	72.0	8696.0	0.0
Hte-CPnd_079-Ex1-5C-lcwgs-1-T	56064.0	1346.0	22.0	20.0	2394.0	0.0
Hte-CPnd_080-Ex1-10C-lcwgs-1-T	885296.0	24372.0	298.0	840.0	53522.0	0.0
Hte-CPnd_083-Ex1-9D-lcwgs-1-T	114512.0	2960.0	42.0	36.0	2950.0	0.0
Hte-CPnd_084-Ex1-5A-lcwgs-1-T	388352.0	9002.0	154.0	82.0	7430.0	0.0
Hte-CPnd_086-Ex1-6A-lcwgs-1-T	250784.0	7284.0	74.0	110.0	10468.0	0.0
Hte-CPnd_088-Ex1-7B-lcwgs-1-T	115918.0	2798.0	34.0	44.0	5054.0	0.0
Hte-CPnd_089-Ex1-6G-lcwgs-1-T	161016.0	5250.0	76.0	62.0	6434.0	0.0
Hte-CPnd_090-Ex1-5E-lcwgs-1-T	57074.0	1664.0	24.0	18.0	1328.0	0.0
Hte-CPnd_091-Ex1-9C-lcwgs-1-T	32980.0	1152.0	24.0	14.0	2330.0	0.0
Hte-CPnd_092-Ex1-8E-lcwgs-1-T	204820.0	4504.0	76.0	444.0	3882.0	0.0
Hte-CPnd_094-Ex1-5B-lcwgs-1-T	55926.0	1602.0	28.0	24.0	4128.0	0.0
Hte-CPnd_096-Ex1-8A-lcwgs-1-T	97542.0	2320.0	36.0	26.0	2616.0	0.0
Hte-CTaw_006-Ex1-9G-lcwgs-1-T	2001698.0	42094.0	808.0	588.0	59180.0	0.0
Hte-CTaw_012-Ex1-10B-lcwgs-1-T	1463400.0	51904.0	486.0	392.0	53588.0	0.0
Hte-CTaw_014-Ex1-10H-lcwgs-1-T	2134228.0	54812.0	794.0	562.0	70472.0	0.0
Hte-CTaw_015-Ex1-12D-lcwgs-1-T	1671244.0	30482.0	660.0	544.0	34662.0	0.0
Hte-CTaw_020-Ex1-3A-lcwgs-1-T	60704.0	1552.0	32.0	18.0	5268.0	0.0
Hte-CTaw_022-Ex1-11F-lcwgs-1-T	240256.0	5878.0	98.0	92.0	13866.0	0.0
Hte-CTaw_024-Ex1-12B-lcwgs-1-T	3418914.0	113178.0	1202.0	836.0	143350.0	0.0
Hte-CTaw_026-Ex1-3E-lcwgs-1-T	975362.0	22558.0	342.0	230.0	7692.0	0.0
Hte-CTaw_027-Ex1-12G-lcwgs-1-T	1149794.0	22706.0	390.0	358.0	34574.0	0.0
Hte-CTaw_028-Ex1-4C-lcwgs-1-T	87450.0	2554.0	36.0	36.0	20736.0	0.0
Hte-CTaw_029-Ex1-11H-lcwgs-1-T	1085768.0	19978.0	378.0	346.0	24504.0	0.0
Hte-CTaw_030-Ex1-2F-lcwgs-1-T	1841092.0	34418.0	702.0	554.0	17504.0	0.0
Hte-CTaw_031-Ex1-12H-lcwgs-1-T	907928.0	18706.0	312.0	258.0	27150.0	0.0
Hte-CTaw_032-Ex1-10F-lcwgs-1-T	802612.0	18926.0	286.0	224.0	20258.0	0.0
Hte-CTaw_033-Ex1-9F-lcwgs-1-T	722902.0	14062.0	248.0	242.0	21406.0	0.0
Hte-CTaw_034-Ex1-1F-lcwgs-1-T	1123816.0	18362.0	404.0	536.0	17266.0	0.0
Hte-CTaw_035-Ex1-10D-lcwgs-1-T	1386792.0	34094.0	518.0	376.0	35452.0	0.0
Hte-CTaw_038-Ex1-11E-lcwgs-1-T	1440236.0	31330.0	468.0	372.0	20924.0	0.0
Hte-CTaw_039-Ex1-1H-lcwgs-1-T	326090.0	6852.0	156.0	90.0	4266.0	0.0
Hte-CTaw_040-Ex1-3D-lcwgs-1-T	384542.0	6962.0	120.0	144.0	7748.0	0.0
Hte-CTaw_041-Ex1-1B-lcwgs-1-T	54104.0	1550.0	18.0	22.0	1746.0	0.0
Hte-CTaw_042-Ex1-2D-lcwgs-1-T	2757384.0	54830.0	1074.0	778.0	13856.0	0.0
Hte-CTaw_043-Ex1-4E-lcwgs-1-T	1619284.0	39312.0	568.0	506.0	15110.0	0.0
Hte-CTaw_044-Ex1-10E-lcwgs-1-T	1281714.0	30728.0	446.0	432.0	34394.0	0.0
Hte-CTaw_045-Ex1-4A-lcwgs-1-T	314702.0	7964.0	112.0	104.0	40302.0	0.0
Hte-CTaw_046-Ex1-2G-lcwgs-1-T	1158858.0	25272.0	428.0	342.0	31876.0	0.0
Hte-CTaw_047-Ex1-12F-lcwgs-1-T	1631204.0	31076.0	604.0	494.0	35420.0	0.0
Hte-CTaw_048-Ex1-3H-lcwgs-1-T	1028442.0	36926.0	332.0	250.0	46650.0	0.0
Hte-CTaw_050-Ex1-1G-lcwgs-1-T	2174992.0	49864.0	780.0	496.0	51118.0	0.0
Hte-CTaw_051-Ex1-3C-lcwgs-1-T	41244.0	1184.0	18.0	16.0	4362.0	0.0
Hte-CTaw_053-Ex1-10C-lcwgs-1-T	1401424.0	37272.0	492.0	362.0	48154.0	0.0
Hte-CTaw_054-Ex1-4H-lcwgs-1-T	802074.0	16496.0	292.0	180.0	15308.0	0.0
Hte-CTaw_055-Ex1-4G-lcwgs-1-T	2119260.0	48610.0	808.0	644.0	86450.0	0.0
Hte-CTaw_056-Ex1-4B-lcwgs-1-T	118252.0	3428.0	46.0	26.0	7280.0	0.0
Hte-CTaw_057-Ex1-4D-lcwgs-1-T	105826.0	2986.0	42.0	44.0	5300.0	0.0
Hte-CTaw_058-Ex1-11D-lcwgs-1-T	1348444.0	32392.0	474.0	464.0	70758.0	0.0
Hte-CTaw_059-Ex1-11A-lcwgs-1-T	985720.0	31630.0	324.0	280.0	35622.0	0.0
Hte-CTaw_060-Ex1-9D-lcwgs-1-T	1157904.0	25550.0	430.0	402.0	45224.0	0.0
Hte-CTaw_062-Ex1-2B-lcwgs-1-T	86322.0	2544.0	34.0	32.0	6358.0	0.0
Hte-CTaw_064-Ex1-12C-lcwgs-1-T	2393668.0	52204.0	896.0	742.0	34564.0	0.0
Hte-CTaw_065-Ex1-11C-lcwgs-1-T	1606798.0	36368.0	636.0	488.0	41162.0	0.0
Hte-CTaw_067-Ex1-3B-lcwgs-1-T	204718.0	4340.0	62.0	70.0	25532.0	0.0
Hte-CTaw_068-Ex1-2H-lcwgs-1-T	972712.0	18584.0	348.0	352.0	84620.0	0.0
Hte-CTaw_069-Ex1-4F-lcwgs-1-T	1319250.0	30016.0	416.0	526.0	41110.0	0.0
Hte-CTaw_070-Ex1-3F-lcwgs-1-T	1006212.0	18156.0	338.0	428.0	33190.0	0.0
Hte-CTaw_071-Ex1-2A-lcwgs-1-T	2784034.0	63698.0	1010.0	778.0	85474.0	0.0
Hte-CTaw_072-Ex1-1E-lcwgs-1-T	203912.0	4126.0	50.0	68.0	3384.0	0.0
Hte-CTaw_074-Ex1-2E-lcwgs-1-T	1936672.0	52446.0	640.0	434.0	8882.0	0.0
Hte-CTaw_075-Ex1-1A-lcwgs-1-T	1121680.0	26056.0	398.0	292.0	27724.0	0.0
Hte-CTaw_076-Ex1-3G-lcwgs-1-T	1259506.0	36046.0	436.0	398.0	31280.0	0.0
Hte-CTaw_077-Ex1-11G-lcwgs-1-T	1412788.0	26602.0	542.0	406.0	29918.0	0.0
Hte-CTaw_078-Ex1-9H-lcwgs-1-T	1840382.0	37428.0	656.0	678.0	56314.0	0.0
Hte-CTaw_079-Ex1-9C-lcwgs-1-T	1392678.0	32262.0	534.0	520.0	50874.0	0.0
Hte-CTaw_080-Ex1-2C-lcwgs-1-T	90262.0	2288.0	42.0	40.0	2568.0	0.0
Hte-CTaw_083-Ex1-1D-lcwgs-1-T	72692.0	2306.0	34.0	22.0	1520.0	0.0
Hte-CTaw_084-Ex1-9A-lcwgs-1-T	1663760.0	42352.0	604.0	516.0	31560.0	0.0
Hte-CTaw_086-Ex1-10A-lcwgs-1-T	3413534.0	108084.0	1194.0	944.0	56366.0	0.0
Hte-CTaw_088-Ex1-11B-lcwgs-1-T	1511372.0	46724.0	534.0	518.0	86860.0	0.0
Hte-CTaw_089-Ex1-10G-lcwgs-1-T	3177618.0	97010.0	1204.0	816.0	125620.0	0.0
Hte-CTaw_090-Ex1-9E-lcwgs-1-T	2309548.0	64552.0	798.0	512.0	122024.0	0.0
Hte-CTaw_091-Ex1-1C-lcwgs-1-T	150772.0	4652.0	48.0	40.0	2264.0	0.0
Hte-CTaw_092-Ex1-12E-lcwgs-1-T	2139144.0	50792.0	822.0	568.0	86208.0	0.0
Hte-CTaw_094-Ex1-9B-lcwgs-1-T	4107522.0	133608.0	1440.0	1044.0	54076.0	0.0
Hte-CTaw_096-Ex1-12A-lcwgs-1-T	1749458.0	48104.0	620.0	498.0	61600.0	0.0
Hte-CTic_001-Ex1-1A-lcwgs-1-T	70032.0	6168.0	34.0	8.0	66374.0	0.0
Hte-CTic_002-Ex1-2A-lcwgs-1-T	1293454.0	115546.0	516.0	310.0	1705444.0	0.0
Hte-CTic_003-Ex1-3A-lcwgs-1-T	1784146.0	94088.0	614.0	422.0	952790.0	0.0
Hte-CTic_004-Ex1-4A-lcwgs-1-T	1455284.0	126848.0	476.0	380.0	1246030.0	0.0
Hte-CTic_005-Ex1-5A-lcwgs-1-T	1575852.0	114998.0	530.0	340.0	1414304.0	0.0
Hte-CTic_006-Ex1-6A-lcwgs-1-T	1620666.0	71218.0	538.0	340.0	420042.0	0.0
Hte-CTic_007-Ex1-7A-lcwgs-1-T	1621428.0	99736.0	592.0	406.0	1116712.0	0.0
Hte-CTic_008-Ex1-7H-lcwgs-1-T	419746.0	36076.0	152.0	112.0	383948.0	0.0
Hte-CTic_009-Ex1-8H-lcwgs-1-T	344400.0	39386.0	116.0	86.0	560798.0	0.0
Hte-CTic_013-Ex1-1B-lcwgs-1-T	249936.0	30350.0	96.0	72.0	549684.0	0.0
Hte-CTic_014-Ex1-2B-lcwgs-1-T	443046.0	146478.0	178.0	118.0	2061542.0	0.0
Hte-CTic_015-Ex1-3B-lcwgs-1-T	1232776.0	88390.0	378.0	358.0	561848.0	0.0
Hte-CTic_016-Ex1-4B-lcwgs-1-T	848830.0	70392.0	340.0	204.0	972598.0	0.0
Hte-CTic_017-Ex1-5B-lcwgs-1-T	1224482.0	102646.0	468.0	306.0	903680.0	0.0
Hte-CTic_018-Ex1-6B-lcwgs-1-T	1184334.0	82692.0	464.0	272.0	1045292.0	0.0
Hte-CTic_019-Ex1-7B-lcwgs-1-T	566720.0	70418.0	226.0	148.0	449126.0	0.0
Hte-CTic_020-Ex1-8A-lcwgs-1-T	656910.0	48590.0	254.0	140.0	661278.0	0.0
Hte-CTic_025-Ex1-1C-lcwgs-1-T	619432.0	55510.0	208.0	156.0	836484.0	0.0
Hte-CTic_026-Ex1-2C-lcwgs-1-T	858592.0	48462.0	288.0	196.0	497184.0	0.0
Hte-CTic_027-Ex1-3C-lcwgs-1-T	770312.0	65540.0	272.0	190.0	867374.0	0.0
Hte-CTic_028-Ex1-4C-lcwgs-1-T	1530834.0	84888.0	616.0	350.0	617748.0	0.0
Hte-CTic_029-Ex1-5C-lcwgs-1-T	1375704.0	70114.0	494.0	294.0	632806.0	0.0
Hte-CTic_031-Ex1-7C-lcwgs-1-T	425632.0	46184.0	162.0	90.0	541254.0	0.0
Hte-CTic_032-Ex1-8B-lcwgs-1-T	412536.0	41884.0	172.0	90.0	422566.0	0.0
Hte-CTic_037-Ex1-1D-lcwgs-1-T	373756.0	44600.0	132.0	84.0	746552.0	0.0
Hte-CTic_038-Ex1-2D-lcwgs-1-T	305810.0	32288.0	98.0	44.0	349368.0	0.0
Hte-CTic_039-Ex1-3D-lcwgs-1-T	918850.0	57608.0	362.0	224.0	540278.0	0.0
Hte-CTic_040-Ex1-4D-lcwgs-1-T	1179684.0	95850.0	392.0	276.0	677614.0	0.0
Hte-CTic_041-Ex1-5D-lcwgs-1-T	1084170.0	88000.0	390.0	268.0	939444.0	0.0
Hte-CTic_042-Ex1-6D-lcwgs-1-T	1187834.0	78254.0	406.0	236.0	717502.0	0.0
Hte-CTic_043-Ex1-7D-lcwgs-1-T	891980.0	106520.0	332.0	276.0	839698.0	0.0
Hte-CTic_044-Ex1-8C-lcwgs-1-T	717822.0	45774.0	274.0	126.0	576296.0	0.0
Hte-CTic_049-Ex1-1E-lcwgs-1-T	124218.0	15466.0	46.0	36.0	262572.0	0.0
Hte-CTic_050-Ex1-2E-lcwgs-1-T	809546.0	49732.0	270.0	186.0	537004.0	0.0
Hte-CTic_051-Ex1-3E-lcwgs-1-T	341278.0	39446.0	122.0	98.0	427388.0	0.0
Hte-CTic_052-Ex1-4E-lcwgs-1-T	398382.0	21612.0	140.0	70.0	204870.0	0.0
Hte-CTic_053-Ex1-5E-lcwgs-1-T	758554.0	65390.0	254.0	168.0	735198.0	0.0
Hte-CTic_054-Ex1-6E-lcwgs-1-T	1410444.0	90496.0	508.0	290.0	808390.0	0.0
Hte-CTic_055-Ex1-7E-lcwgs-1-T	710992.0	74100.0	182.0	200.0	716606.0	0.0
Hte-CTic_056-Ex1-8D-lcwgs-1-T	501826.0	32286.0	192.0	124.0	323516.0	0.0
Hte-CTic_061-Ex1-1F-lcwgs-1-T	69146.0	5522.0	28.0	16.0	64512.0	0.0
Hte-CTic_062-Ex1-2F-lcwgs-1-T	882522.0	52040.0	378.0	198.0	491484.0	0.0
Hte-CTic_063-Ex1-3F-lcwgs-1-T	558462.0	39326.0	210.0	100.0	284740.0	0.0
Hte-CTic_064-Ex1-4F-lcwgs-1-T	158764.0	13632.0	52.0	24.0	175628.0	0.0
Hte-CTic_065-Ex1-5F-lcwgs-1-T	1219166.0	76902.0	452.0	232.0	899022.0	0.0
Hte-CTic_066-Ex1-6F-lcwgs-1-T	1161794.0	96106.0	408.0	256.0	805822.0	0.0
Hte-CTic_067-Ex1-7F-lcwgs-1-T	271414.0	21996.0	98.0	74.0	208456.0	0.0
Hte-CTic_068-Ex1-8E-lcwgs-1-T	450394.0	62648.0	152.0	106.0	878534.0	0.0
Hte-CTic_073-Ex1-1G-lcwgs-1-T	98058.0	58600.0	34.0	32.0	1220572.0	0.0
Hte-CTic_074-Ex1-2G-lcwgs-1-T	129586.0	8814.0	34.0	28.0	89930.0	0.0
Hte-CTic_075-Ex1-3G-lcwgs-1-T	845226.0	43030.0	300.0	196.0	306504.0	0.0
Hte-CTic_076-Ex1-4G-lcwgs-1-T	447980.0	43492.0	162.0	104.0	582224.0	0.0
Hte-CTic_077-Ex1-5G-lcwgs-1-T	531312.0	68188.0	176.0	114.0	666248.0	0.0
Hte-CTic_078-Ex1-6G-lcwgs-1-T	785012.0	79520.0	272.0	182.0	510350.0	0.0
Hte-CTic_079-Ex1-7G-lcwgs-1-T	210618.0	20414.0	68.0	58.0	189806.0	0.0
Hte-CTic_080-Ex1-8F-lcwgs-1-T	373448.0	73312.0	152.0	94.0	818194.0	0.0
Hte-CTic_085-Ex1-1H-lcwgs-1-T	63950.0	3626.0	22.0	16.0	31034.0	0.0
Hte-CTic_086-Ex1-2H-lcwgs-1-T	414274.0	35006.0	126.0	90.0	338432.0	0.0
Hte-CTic_087-Ex1-3H-lcwgs-1-T	154762.0	12192.0	46.0	38.0	162422.0	0.0
Hte-CTic_088-Ex1-4H-lcwgs-1-T	679034.0	42304.0	202.0	188.0	416556.0	0.0
Hte-CTic_089-Ex1-5H-lcwgs-1-T	612358.0	47934.0	228.0	174.0	680680.0	0.0
Hte-CTic_090-Ex1-6H-lcwgs-1-T	1098376.0	60090.0	420.0	242.0	550000.0	0.0
Hte-CTic_092-Ex1-8G-lcwgs-1-T	537196.0	42198.0	178.0	126.0	529598.0	0.0
