	23.0	24.0	25.0	26.0	27.0	28.0	29.0	30.0	31.0	32.0	33.0	34.0	35.0	36.0	37.0
Sfa-ABas_001_Ex1_L3_clmp.fp2_repr.R1	25.0	230.0	1654.0	6986.0	21519.0	49493.0	91255.0	130259.0	169944.0	208985.0	275141.0	415095.0	1007350.0	10821896.0	5406426.0
	21.0	22.0	23.0	24.0	25.0	26.0	27.0	28.0	29.0	30.0	31.0	32.0	33.0	34.0	35.0	36.0	37.0
Sfa-ABas_001_Ex1_L3_clmp.fp2_repr.R2	1.0	4.0	56.0	439.0	2318.0	7132.0	16118.0	31457.0	55425.0	84034.0	122685.0	173747.0	268367.0	497632.0	1763158.0	12271116.0	3312569.0
	22.0	23.0	24.0	25.0	26.0	27.0	28.0	29.0	30.0	31.0	32.0	33.0	34.0	35.0	36.0	37.0
Sfa-ABas_002_Ex1_L3_clmp.fp2_repr.R1	3.0	21.0	251.0	1645.0	6875.0	21587.0	49490.0	89966.0	130538.0	171580.0	215080.0	289012.0	439480.0	1077875.0	11455001.0	4900693.0
	22.0	23.0	24.0	25.0	26.0	27.0	28.0	29.0	30.0	31.0	32.0	33.0	34.0	35.0	36.0	37.0
Sfa-ABas_002_Ex1_L3_clmp.fp2_repr.R2	1.0	59.0	437.0	2720.0	8012.0	18054.0	34762.0	59471.0	90118.0	131602.0	188104.0	290720.0	544019.0	1904390.0	12514127.0	3062501.0
	22.0	23.0	24.0	25.0	26.0	27.0	28.0	29.0	30.0	31.0	32.0	33.0	34.0	35.0	36.0	37.0
Sfa-ABas_003_Ex1_L3_clmp.fp2_repr.R1	1.0	23.0	219.0	1526.0	6679.0	20624.0	47566.0	88502.0	128232.0	167577.0	207607.0	278855.0	426557.0	1070250.0	10979428.0	4744331.0
	22.0	23.0	24.0	25.0	26.0	27.0	28.0	29.0	30.0	31.0	32.0	33.0	34.0	35.0	36.0	37.0
Sfa-ABas_003_Ex1_L3_clmp.fp2_repr.R2	3.0	47.0	414.0	2175.0	6778.0	15430.0	29863.0	52953.0	80093.0	118899.0	170684.0	264679.0	500769.0	1788685.0	12035814.0	3100691.0
	22.0	23.0	24.0	25.0	26.0	27.0	28.0	29.0	30.0	31.0	32.0	33.0	34.0	35.0	36.0	37.0
Sfa-ABas_004_Ex1_L3_clmp.fp2_repr.R1	2.0	18.0	191.0	1457.0	5964.0	19230.0	44766.0	82578.0	121644.0	159828.0	200570.0	271900.0	421034.0	1076709.0	10541455.0	4367132.0
	22.0	23.0	24.0	25.0	26.0	27.0	28.0	29.0	30.0	31.0	32.0	33.0	34.0	35.0	36.0	37.0
Sfa-ABas_004_Ex1_L3_clmp.fp2_repr.R2	2.0	51.0	435.0	2345.0	7241.0	16800.0	32704.0	57769.0	88542.0	130501.0	188307.0	298970.0	582982.0	2064713.0	11212348.0	2630768.0
	23.0	24.0	25.0	26.0	27.0	28.0	29.0	30.0	31.0	32.0	33.0	34.0	35.0	36.0	37.0
Sfa-ABas_005_Ex1_L3_clmp.fp2_repr.R1	32.0	277.0	1714.0	7281.0	22067.0	50685.0	92880.0	134761.0	177722.0	222328.0	299349.0	462118.0	1178603.0	11797657.0	5288987.0
	22.0	23.0	24.0	25.0	26.0	27.0	28.0	29.0	30.0	31.0	32.0	33.0	34.0	35.0	36.0	37.0
Sfa-ABas_005_Ex1_L3_clmp.fp2_repr.R2	3.0	58.0	476.0	2627.0	7797.0	18081.0	35594.0	61396.0	92902.0	135994.0	195198.0	306676.0	587430.0	2111901.0	12672598.0	3507730.0
	22.0	23.0	24.0	25.0	26.0	27.0	28.0	29.0	30.0	31.0	32.0	33.0	34.0	35.0	36.0	37.0
Sfa-ABas_006_Ex1_L3_clmp.fp2_repr.R1	2.0	29.0	191.0	1356.0	5547.0	16943.0	39068.0	71770.0	104803.0	138757.0	172898.0	233897.0	360189.0	918246.0	9394507.0	4142143.0
	22.0	23.0	24.0	25.0	26.0	27.0	28.0	29.0	30.0	31.0	32.0	33.0	34.0	35.0	36.0	37.0
Sfa-ABas_006_Ex1_L3_clmp.fp2_repr.R2	2.0	44.0	364.0	1969.0	5893.0	13894.0	26967.0	47174.0	72633.0	106903.0	154608.0	240698.0	461147.0	1659516.0	10133666.0	2674868.0
	23.0	24.0	25.0	26.0	27.0	28.0	29.0	30.0	31.0	32.0	33.0	34.0	35.0	36.0	37.0
Sfa-ABas_007_Ex1_L3_clmp.fp2_repr.R1	26.0	229.0	1546.0	6473.0	19652.0	43567.0	78308.0	111835.0	144245.0	177384.0	235628.0	355916.0	871642.0	9160982.0	3927976.0
	22.0	23.0	24.0	25.0	26.0	27.0	28.0	29.0	30.0	31.0	32.0	33.0	34.0	35.0	36.0	37.0
Sfa-ABas_007_Ex1_L3_clmp.fp2_repr.R2	2.0	52.0	464.0	2496.0	7129.0	15664.0	29581.0	50421.0	76406.0	110776.0	157475.0	239166.0	440014.0	1529071.0	10029721.0	2446971.0
	22.0	23.0	24.0	25.0	26.0	27.0	28.0	29.0	30.0	31.0	32.0	33.0	34.0	35.0	36.0	37.0
Sfa-ABas_008_Ex1_L3_clmp.fp2_repr.R1	2.0	28.0	277.0	1765.0	7752.0	23112.0	51763.0	92544.0	132810.0	170284.0	209022.0	277557.0	417143.0	1030974.0	10448938.0	3772754.0
	22.0	23.0	24.0	25.0	26.0	27.0	28.0	29.0	30.0	31.0	32.0	33.0	34.0	35.0	36.0	37.0
Sfa-ABas_008_Ex1_L3_clmp.fp2_repr.R2	3.0	59.0	588.0	3235.0	9368.0	20126.0	37147.0	63990.0	96363.0	142074.0	202397.0	307303.0	560474.0	1880639.0	11094180.0	2218779.0
	23.0	24.0	25.0	26.0	27.0	28.0	29.0	30.0	31.0	32.0	33.0	34.0	35.0	36.0	37.0
Sfa-ABas_009_Ex1_L3_clmp.fp2_repr.R1	16.0	244.0	1619.0	7109.0	22479.0	51670.0	92831.0	134247.0	174170.0	215893.0	289736.0	447963.0	1232567.0	11678934.0	3183126.0
	22.0	23.0	24.0	25.0	26.0	27.0	28.0	29.0	30.0	31.0	32.0	33.0	34.0	35.0	36.0	37.0
Sfa-ABas_009_Ex1_L3_clmp.fp2_repr.R2	4.0	50.0	500.0	2773.0	8397.0	19476.0	38167.0	66931.0	102203.0	149852.0	210154.0	320728.0	593116.0	2076974.0	11698962.0	2244317.0
	22.0	23.0	24.0	25.0	26.0	27.0	28.0	29.0	30.0	31.0	32.0	33.0	34.0	35.0	36.0	37.0
Sfa-ABas_010_Ex1_L3_clmp.fp2_repr.R1	4.0	30.0	214.0	1479.0	6310.0	19883.0	46254.0	86004.0	125216.0	165782.0	209297.0	285313.0	460646.0	1338659.0	11439087.0	3013593.0
	22.0	23.0	24.0	25.0	26.0	27.0	28.0	29.0	30.0	31.0	32.0	33.0	34.0	35.0	36.0	37.0
Sfa-ABas_010_Ex1_L3_clmp.fp2_repr.R2	2.0	36.0	465.0	2347.0	7335.0	17058.0	33331.0	58208.0	88460.0	131212.0	188186.0	297819.0	582605.0	2077453.0	11300094.0	2413160.0
	23.0	24.0	25.0	26.0	27.0	28.0	29.0	30.0	31.0	32.0	33.0	34.0	35.0	36.0	37.0
Sfa-ABas_013_Ex1_L3_clmp.fp2_repr.R1	21.0	248.0	1636.0	7001.0	21895.0	50560.0	92462.0	133698.0	171290.0	211006.0	280729.0	422420.0	1022944.0	11108537.0	4687002.0
	22.0	23.0	24.0	25.0	26.0	27.0	28.0	29.0	30.0	31.0	32.0	33.0	34.0	35.0	36.0	37.0
Sfa-ABas_013_Ex1_L3_clmp.fp2_repr.R2	4.0	55.0	503.0	2745.0	7948.0	17842.0	34203.0	59235.0	89628.0	130649.0	185044.0	279568.0	508714.0	1764117.0	12244433.0	2886761.0
	22.0	23.0	24.0	25.0	26.0	27.0	28.0	29.0	30.0	31.0	32.0	33.0	34.0	35.0	36.0	37.0
Sfa-ABas_014_Ex1_L3_clmp.fp2_repr.R1	2.0	14.0	167.0	1091.0	4528.0	14603.0	33718.0	61228.0	88098.0	113400.0	139697.0	184300.0	276051.0	670153.0	7231409.0	3141826.0
	22.0	23.0	24.0	25.0	26.0	27.0	28.0	29.0	30.0	31.0	32.0	33.0	34.0	35.0	36.0	37.0
Sfa-ABas_014_Ex1_L3_clmp.fp2_repr.R2	1.0	24.0	296.0	1696.0	5017.0	11364.0	21280.0	36936.0	55928.0	81697.0	115700.0	174598.0	317511.0	1102544.0	7982059.0	2053634.0
	22.0	23.0	24.0	25.0	26.0	27.0	28.0	29.0	30.0	31.0	32.0	33.0	34.0	35.0	36.0	37.0
Sfa-ABas_016_Ex1_L3_clmp.fp2_repr.R1	1.0	27.0	218.0	1515.0	6602.0	20527.0	46737.0	85127.0	122177.0	159002.0	195150.0	257884.0	383108.0	895726.0	9573152.0	4257207.0
	22.0	23.0	24.0	25.0	26.0	27.0	28.0	29.0	30.0	31.0	32.0	33.0	34.0	35.0	36.0	37.0
Sfa-ABas_016_Ex1_L3_clmp.fp2_repr.R2	5.0	61.0	529.0	2903.0	8501.0	19831.0	38281.0	66328.0	98907.0	142664.0	199679.0	301044.0	551300.0	1870276.0	10530927.0	2172924.0
	22.0	23.0	24.0	25.0	26.0	27.0	28.0	29.0	30.0	31.0	32.0	33.0	34.0	35.0	36.0	37.0
Sfa-ABas_017_Ex1_L3_clmp.fp2_repr.R1	3.0	17.0	202.0	1354.0	6157.0	19101.0	44395.0	80787.0	116393.0	150835.0	186018.0	245982.0	371776.0	916831.0	9804944.0	4098809.0
	22.0	23.0	24.0	25.0	26.0	27.0	28.0	29.0	30.0	31.0	32.0	33.0	34.0	35.0	36.0	37.0
Sfa-ABas_017_Ex1_L3_clmp.fp2_repr.R2	2.0	65.0	468.0	2623.0	7868.0	17844.0	34981.0	59003.0	88595.0	128493.0	180940.0	280362.0	533881.0	1876476.0	10558572.0	2273431.0
	21.0	22.0	23.0	24.0	25.0	26.0	27.0	28.0	29.0	30.0	31.0	32.0	33.0	34.0	35.0	36.0	37.0
Sfa-ABas_018_Ex1_L3_clmp.fp2_repr.R1	1.0	1.0	16.0	242.0	1546.0	6656.0	20827.0	47420.0	86115.0	124144.0	161476.0	198995.0	265961.0	402373.0	990075.0	10329778.0	3984942.0
	22.0	23.0	24.0	25.0	26.0	27.0	28.0	29.0	30.0	31.0	32.0	33.0	34.0	35.0	36.0	37.0
Sfa-ABas_018_Ex1_L3_clmp.fp2_repr.R2	1.0	48.0	506.0	2679.0	8034.0	18191.0	35307.0	60301.0	92358.0	134142.0	191161.0	292080.0	546391.0	1885191.0	11107119.0	2247059.0
	22.0	23.0	24.0	25.0	26.0	27.0	28.0	29.0	30.0	31.0	32.0	33.0	34.0	35.0	36.0	37.0
Sfa-ABas_019_Ex1_L3_clmp.fp2_repr.R1	2.0	26.0	232.0	1607.0	6855.0	20497.0	46417.0	83512.0	119375.0	154691.0	192517.0	257277.0	391740.0	977300.0	10209397.0	4183320.0
	22.0	23.0	24.0	25.0	26.0	27.0	28.0	29.0	30.0	31.0	32.0	33.0	34.0	35.0	36.0	37.0
Sfa-ABas_019_Ex1_L3_clmp.fp2_repr.R2	3.0	52.0	465.0	2534.0	7608.0	16750.0	32358.0	54989.0	81621.0	119671.0	169124.0	260088.0	486239.0	1716946.0	11038765.0	2657552.0
	22.0	23.0	24.0	25.0	26.0	27.0	28.0	29.0	30.0	31.0	32.0	33.0	34.0	35.0	36.0	37.0
Sfa-ABas_020_Ex1_L3_clmp.fp2_repr.R1	1.0	17.0	211.0	1288.0	5627.0	17007.0	37721.0	66802.0	94478.0	120054.0	144821.0	187089.0	274691.0	665582.0	6808416.0	2588416.0
	22.0	23.0	24.0	25.0	26.0	27.0	28.0	29.0	30.0	31.0	32.0	33.0	34.0	35.0	36.0	37.0
Sfa-ABas_020_Ex1_L3_clmp.fp2_repr.R2	2.0	55.0	473.0	2383.0	6935.0	15332.0	27814.0	46713.0	69786.0	101574.0	142919.0	213572.0	393033.0	1326911.0	7293149.0	1371570.0
	23.0	24.0	25.0	26.0	27.0	28.0	29.0	30.0	31.0	32.0	33.0	34.0	35.0	36.0	37.0
Sfa-ABas_021_Ex1_L3_clmp.fp2_repr.R1	9.0	89.0	562.0	2508.0	8004.0	18265.0	33352.0	48293.0	64219.0	80016.0	110300.0	175770.0	510194.0	4481220.0	1154267.0
	22.0	23.0	24.0	25.0	26.0	27.0	28.0	29.0	30.0	31.0	32.0	33.0	34.0	35.0	36.0	37.0
Sfa-ABas_021_Ex1_L3_clmp.fp2_repr.R2	1.0	23.0	189.0	1008.0	3212.0	6778.0	13236.0	22928.0	34430.0	50486.0	72873.0	114012.0	221757.0	784441.0	4403173.0	958521.0
	22.0	23.0	24.0	25.0	26.0	27.0	28.0	29.0	30.0	31.0	32.0	33.0	34.0	35.0	36.0	37.0
Sfa-ABas_022_Ex1_L3_clmp.fp2_repr.R1	1.0	18.0	227.0	1432.0	6365.0	20326.0	47434.0	87455.0	126646.0	166070.0	208305.0	282406.0	448980.0	1291185.0	11347024.0	2860128.0
	22.0	23.0	24.0	25.0	26.0	27.0	28.0	29.0	30.0	31.0	32.0	33.0	34.0	35.0	36.0	37.0
Sfa-ABas_022_Ex1_L3_clmp.fp2_repr.R2	1.0	31.0	438.0	2462.0	7471.0	17089.0	33695.0	58333.0	88856.0	130381.0	187199.0	288913.0	551569.0	1955393.0	11229742.0	2342429.0
	22.0	23.0	24.0	25.0	26.0	27.0	28.0	29.0	30.0	31.0	32.0	33.0	34.0	35.0	36.0	37.0
Sfa-ABas_023_Ex1_L3_clmp.fp2_repr.R1	1.0	23.0	192.0	1348.0	5676.0	17815.0	41023.0	74348.0	105898.0	137277.0	171402.0	231763.0	368274.0	1079566.0	9337852.0	2426132.0
	22.0	23.0	24.0	25.0	26.0	27.0	28.0	29.0	30.0	31.0	32.0	33.0	34.0	35.0	36.0	37.0
Sfa-ABas_023_Ex1_L3_clmp.fp2_repr.R2	2.0	47.0	373.0	2042.0	6106.0	14037.0	27519.0	48720.0	74552.0	110251.0	157989.0	243272.0	456291.0	1573962.0	9167639.0	2115788.0
	22.0	23.0	24.0	25.0	26.0	27.0	28.0	29.0	30.0	31.0	32.0	33.0	34.0	35.0	36.0	37.0
Sfa-ABas_024_Ex1_L3_clmp.fp2_repr.R1	1.0	18.0	223.0	1545.0	6454.0	19874.0	44388.0	78679.0	111377.0	143797.0	175925.0	230930.0	345698.0	818942.0	7890821.0	3093994.0
	22.0	23.0	24.0	25.0	26.0	27.0	28.0	29.0	30.0	31.0	32.0	33.0	34.0	35.0	36.0	37.0
Sfa-ABas_024_Ex1_L3_clmp.fp2_repr.R2	2.0	50.0	455.0	2473.0	6953.0	15212.0	28393.0	48107.0	73623.0	107938.0	152785.0	233223.0	422445.0	1351495.0	8575942.0	1943570.0
	22.0	23.0	24.0	25.0	26.0	27.0	28.0	29.0	30.0	31.0	32.0	33.0	34.0	35.0	36.0	37.0
Sfa-ABas_025_Ex1_L3_clmp.fp2_repr.R1	3.0	29.0	252.0	1670.0	6368.0	18935.0	41320.0	73490.0	104151.0	134449.0	166518.0	222736.0	334788.0	815227.0	8835964.0	4933497.0
	22.0	23.0	24.0	25.0	26.0	27.0	28.0	29.0	30.0	31.0	32.0	33.0	34.0	35.0	36.0	37.0
Sfa-ABas_025_Ex1_L3_clmp.fp2_repr.R2	2.0	57.0	395.0	2062.0	5946.0	13397.0	25098.0	42785.0	63203.0	92092.0	129929.0	200216.0	371675.0	1327182.0	9959781.0	3455577.0
	23.0	24.0	25.0	26.0	27.0	28.0	29.0	30.0	31.0	32.0	33.0	34.0	35.0	36.0	37.0
Sfa-ABas_026_Ex1_L3_clmp.fp2_repr.R1	24.0	225.0	1754.0	7354.0	22855.0	52797.0	97060.0	138946.0	180030.0	221578.0	292919.0	440591.0	1078309.0	11284707.0	4911482.0
	22.0	23.0	24.0	25.0	26.0	27.0	28.0	29.0	30.0	31.0	32.0	33.0	34.0	35.0	36.0	37.0
Sfa-ABas_026_Ex1_L3_clmp.fp2_repr.R2	6.0	63.0	524.0	2785.0	8126.0	18245.0	34920.0	60239.0	91446.0	134121.0	189183.0	290644.0	535440.0	1849014.0	12440172.0	3075703.0
	22.0	23.0	24.0	25.0	26.0	27.0	28.0	29.0	30.0	31.0	32.0	33.0	34.0	35.0	36.0	37.0
Sfa-ABas_027_Ex1_L3_clmp.fp2_repr.R1	4.0	20.0	222.0	1455.0	6274.0	20055.0	46650.0	87710.0	129554.0	173031.0	217683.0	296352.0	457626.0	1138493.0	11442221.0	4608698.0
	22.0	23.0	24.0	25.0	26.0	27.0	28.0	29.0	30.0	31.0	32.0	33.0	34.0	35.0	36.0	37.0
Sfa-ABas_027_Ex1_L3_clmp.fp2_repr.R2	5.0	58.0	496.0	2670.0	8323.0	19565.0	39093.0	68362.0	105001.0	156615.0	227104.0	358284.0	695235.0	2444195.0	12087007.0	2414035.0
	23.0	24.0	25.0	26.0	27.0	28.0	29.0	30.0	31.0	32.0	33.0	34.0	35.0	36.0	37.0
Sfa-ABas_028_Ex1_L3_clmp.fp2_repr.R1	18.0	182.0	1214.0	5434.0	17692.0	41463.0	77054.0	113125.0	148639.0	186610.0	250489.0	379965.0	930153.0	9756167.0	3836982.0
	22.0	23.0	24.0	25.0	26.0	27.0	28.0	29.0	30.0	31.0	32.0	33.0	34.0	35.0	36.0	37.0
Sfa-ABas_028_Ex1_L3_clmp.fp2_repr.R2	4.0	48.0	411.0	2512.0	7404.0	17111.0	34031.0	59604.0	90558.0	133306.0	189351.0	292989.0	556099.0	1948897.0	10463248.0	1949614.0
	23.0	24.0	25.0	26.0	27.0	28.0	29.0	30.0	31.0	32.0	33.0	34.0	35.0	36.0	37.0
Sfa-ABas_029_Ex1_L3_clmp.fp2_repr.R1	22.0	225.0	1502.0	6179.0	19154.0	44248.0	81265.0	117502.0	153220.0	191805.0	257239.0	395405.0	998061.0	10064536.0	4002281.0
	22.0	23.0	24.0	25.0	26.0	27.0	28.0	29.0	30.0	31.0	32.0	33.0	34.0	35.0	36.0	37.0
Sfa-ABas_029_Ex1_L3_clmp.fp2_repr.R2	1.0	45.0	437.0	2400.0	7250.0	16829.0	33002.0	57499.0	88109.0	130036.0	186910.0	290530.0	559228.0	1988584.0	10667964.0	2303820.0
	22.0	23.0	24.0	25.0	26.0	27.0	28.0	29.0	30.0	31.0	32.0	33.0	34.0	35.0	36.0	37.0
Sfa-ABas_030_Ex1_L3_clmp.fp2_repr.R1	3.0	46.0	316.0	1936.0	7391.0	20741.0	43816.0	77112.0	108048.0	138775.0	171752.0	230320.0	354485.0	916573.0	8972057.0	4810580.0
	22.0	23.0	24.0	25.0	26.0	27.0	28.0	29.0	30.0	31.0	32.0	33.0	34.0	35.0	36.0	37.0
Sfa-ABas_030_Ex1_L3_clmp.fp2_repr.R2	2.0	56.0	490.0	2525.0	6919.0	14731.0	26380.0	44108.0	65050.0	94036.0	133623.0	208157.0	392889.0	1401140.0	9781470.0	3682375.0
	23.0	24.0	25.0	26.0	27.0	28.0	29.0	30.0	31.0	32.0	33.0	34.0	35.0	36.0	37.0
Sfa-ABas_031_Ex1_L3_clmp.fp2_repr.R1	22.0	130.0	857.0	3261.0	8915.0	17859.0	30786.0	43177.0	56238.0	69803.0	94243.0	146502.0	376880.0	3688887.0	1737906.0
	23.0	24.0	25.0	26.0	27.0	28.0	29.0	30.0	31.0	32.0	33.0	34.0	35.0	36.0	37.0
Sfa-ABas_031_Ex1_L3_clmp.fp2_repr.R2	34.0	254.0	1291.0	3434.0	6463.0	10698.0	17068.0	25490.0	37329.0	52704.0	83756.0	157473.0	559736.0	3967752.0	1351984.0
	23.0	24.0	25.0	26.0	27.0	28.0	29.0	30.0	31.0	32.0	33.0	34.0	35.0	36.0	37.0
Sfa-ABas_032_Ex1_L3_clmp.fp2_repr.R1	19.0	250.0	1586.0	6679.0	20061.0	45739.0	82115.0	117250.0	152093.0	188960.0	254110.0	391020.0	1001736.0	10196939.0	4144570.0
	21.0	22.0	23.0	24.0	25.0	26.0	27.0	28.0	29.0	30.0	31.0	32.0	33.0	34.0	35.0	36.0	37.0
Sfa-ABas_032_Ex1_L3_clmp.fp2_repr.R2	1.0	6.0	42.0	458.0	2327.0	6787.0	15002.0	28842.0	50123.0	76097.0	112205.0	161059.0	248303.0	462478.0	1618191.0	10906436.0	2914770.0
	21.0	22.0	23.0	24.0	25.0	26.0	27.0	28.0	29.0	30.0	31.0	32.0	33.0	34.0	35.0	36.0	37.0
Sfa-ABas_033_Ex1_L3_clmp.fp2_repr.R1	1.0	0.0	32.0	271.0	1647.0	7020.0	21568.0	49025.0	89083.0	128915.0	168767.0	213162.0	292473.0	470227.0	1416016.0	12220507.0	3413969.0
	22.0	23.0	24.0	25.0	26.0	27.0	28.0	29.0	30.0	31.0	32.0	33.0	34.0	35.0	36.0	37.0
Sfa-ABas_033_Ex1_L3_clmp.fp2_repr.R2	8.0	41.0	448.0	2476.0	7265.0	17105.0	33693.0	58147.0	86873.0	127902.0	182952.0	287842.0	554479.0	2015815.0	12033610.0	3084027.0
	22.0	23.0	24.0	25.0	26.0	27.0	28.0	29.0	30.0	31.0	32.0	33.0	34.0	35.0	36.0	37.0
Sfa-ABas_034_Ex1_L3_clmp.fp2_repr.R1	1.0	37.0	287.0	1929.0	7926.0	24387.0	55891.0	102175.0	149133.0	198405.0	252376.0	347473.0	561838.0	1662609.0	14448977.0	3664984.0
	22.0	23.0	24.0	25.0	26.0	27.0	28.0	29.0	30.0	31.0	32.0	33.0	34.0	35.0	36.0	37.0
Sfa-ABas_034_Ex1_L3_clmp.fp2_repr.R2	4.0	76.0	527.0	2943.0	8688.0	20424.0	39864.0	68776.0	105246.0	155366.0	224987.0	354763.0	690031.0	2503267.0	14136433.0	3167033.0
	22.0	23.0	24.0	25.0	26.0	27.0	28.0	29.0	30.0	31.0	32.0	33.0	34.0	35.0	36.0	37.0
Sfa-ABas_035_Ex1_L3_clmp.fp2_repr.R1	1.0	21.0	217.0	1598.0	6528.0	19970.0	45839.0	81961.0	116578.0	148649.0	180021.0	234050.0	346324.0	831247.0	8033349.0	3602841.0
	22.0	23.0	24.0	25.0	26.0	27.0	28.0	29.0	30.0	31.0	32.0	33.0	34.0	35.0	36.0	37.0
Sfa-ABas_035_Ex1_L3_clmp.fp2_repr.R2	3.0	37.0	348.0	1921.0	6014.0	13982.0	26951.0	47306.0	72055.0	104811.0	150005.0	227908.0	417721.0	1366779.0	8926064.0	2287289.0
	23.0	24.0	25.0	26.0	27.0	28.0	29.0	30.0	31.0	32.0	33.0	34.0	35.0	36.0	37.0
Sfa-CBas_001_Ex1_L3_clmp.fp2_repr.R1	1.0	53.0	376.0	1617.0	4709.0	10786.0	18940.0	28628.0	38683.0	51755.0	72225.0	113180.0	286970.0	3051758.0	754375.0
	23.0	24.0	25.0	26.0	27.0	28.0	29.0	30.0	31.0	32.0	33.0	34.0	35.0	36.0	37.0
Sfa-CBas_001_Ex1_L3_clmp.fp2_repr.R2	18.0	145.0	862.0	2523.0	5622.0	10180.0	16857.0	25155.0	37437.0	53903.0	82618.0	158037.0	578448.0	3116938.0	345313.0
	23.0	24.0	25.0	26.0	27.0	28.0	29.0	30.0	31.0	32.0	33.0	34.0	35.0	36.0	37.0
Sfa-CBas_002_Ex1_L3_clmp.fp2_repr.R1	7.0	56.0	397.0	1880.0	5626.0	12991.0	23600.0	35970.0	49480.0	66158.0	93611.0	148228.0	383973.0	3834925.0	951012.0
	22.0	23.0	24.0	25.0	26.0	27.0	28.0	29.0	30.0	31.0	32.0	33.0	34.0	35.0	36.0	37.0
Sfa-CBas_002_Ex1_L3_clmp.fp2_repr.R2	1.0	28.0	242.0	1364.0	4157.0	9288.0	16723.0	27565.0	40943.0	60403.0	88988.0	144458.0	300120.0	1020713.0	3556082.0	336839.0
	23.0	24.0	25.0	26.0	27.0	28.0	29.0	30.0	31.0	32.0	33.0	34.0	35.0	36.0	37.0
Sfa-CBas_003_Ex1_L3_clmp.fp2_repr.R1	5.0	53.0	479.0	2107.0	6677.0	15002.0	27099.0	40867.0	57389.0	77211.0	110543.0	178567.0	474565.0	4383324.0	935652.0
	22.0	23.0	24.0	25.0	26.0	27.0	28.0	29.0	30.0	31.0	32.0	33.0	34.0	35.0	36.0	37.0
Sfa-CBas_003_Ex1_L3_clmp.fp2_repr.R2	2.0	40.0	352.0	1919.0	6042.0	13225.0	23185.0	37063.0	53752.0	79065.0	117000.0	191291.0	402623.0	1303732.0	3796200.0	284049.0
	23.0	24.0	25.0	26.0	27.0	28.0	29.0	30.0	31.0	32.0	33.0	34.0	35.0	36.0	37.0
Sfa-CBas_006_Ex1_L3_clmp.fp2_repr.R1	7.0	68.0	509.0	2166.0	6590.0	14377.0	26148.0	39224.0	55037.0	73331.0	105010.0	164908.0	416710.0	4138054.0	1006998.0
	22.0	23.0	24.0	25.0	26.0	27.0	28.0	29.0	30.0	31.0	32.0	33.0	34.0	35.0	36.0	37.0
Sfa-CBas_006_Ex1_L3_clmp.fp2_repr.R2	1.0	31.0	295.0	1703.0	5511.0	12336.0	21402.0	34058.0	49555.0	72557.0	104131.0	164016.0	329042.0	1094372.0	3813937.0	346190.0
	23.0	24.0	25.0	26.0	27.0	28.0	29.0	30.0	31.0	32.0	33.0	34.0	35.0	36.0	37.0
Sfa-CBas_007_Ex1_L3_clmp.fp2_repr.R1	6.0	57.0	443.0	1827.0	5730.0	12852.0	23741.0	36545.0	50639.0	67462.0	95940.0	154197.0	403135.0	3809488.0	835894.0
	21.0	22.0	23.0	24.0	25.0	26.0	27.0	28.0	29.0	30.0	31.0	32.0	33.0	34.0	35.0	36.0	37.0
Sfa-CBas_007_Ex1_L3_clmp.fp2_repr.R2	1.0	1.0	19.0	234.0	1260.0	3949.0	8977.0	16044.0	26253.0	39107.0	58097.0	84711.0	135903.0	274387.0	935889.0	3549874.0	363250.0
	23.0	24.0	25.0	26.0	27.0	28.0	29.0	30.0	31.0	32.0	33.0	34.0	35.0	36.0	37.0
Sfa-CBas_008_Ex1_L3_clmp.fp2_repr.R1	7.0	65.0	445.0	1904.0	5899.0	13095.0	24254.0	36067.0	50026.0	66361.0	94199.0	150031.0	384960.0	3746086.0	917301.0
	23.0	24.0	25.0	26.0	27.0	28.0	29.0	30.0	31.0	32.0	33.0	34.0	35.0	36.0	37.0
Sfa-CBas_008_Ex1_L3_clmp.fp2_repr.R2	17.0	189.0	1033.0	3298.0	7396.0	13549.0	22428.0	33827.0	50011.0	72465.0	113035.0	217122.0	761933.0	3721989.0	472408.0
	23.0	24.0	25.0	26.0	27.0	28.0	29.0	30.0	31.0	32.0	33.0	34.0	35.0	36.0	37.0
Sfa-CBas_009_Ex1_L3_clmp.fp2_repr.R1	4.0	82.0	542.0	2334.0	6983.0	16212.0	29699.0	44507.0	61772.0	81842.0	115355.0	181987.0	457171.0	4444502.0	1110977.0
	23.0	24.0	25.0	26.0	27.0	28.0	29.0	30.0	31.0	32.0	33.0	34.0	35.0	36.0	37.0
Sfa-CBas_009_Ex1_L3_clmp.fp2_repr.R2	27.0	287.0	1590.0	5321.0	12065.0	21457.0	35275.0	51776.0	76025.0	109176.0	172982.0	342010.0	1143776.0	4187927.0	394275.0
	23.0	24.0	25.0	26.0	27.0	28.0	29.0	30.0	31.0	32.0	33.0	34.0	35.0	36.0	37.0
Sfa-CBas_010_Ex1_L3_clmp.fp2_repr.R1	6.0	65.0	566.0	2197.0	6897.0	16238.0	29564.0	44212.0	60791.0	80302.0	111686.0	174320.0	430216.0	4359694.0	1169683.0
	22.0	23.0	24.0	25.0	26.0	27.0	28.0	29.0	30.0	31.0	32.0	33.0	34.0	35.0	36.0	37.0
Sfa-CBas_010_Ex1_L3_clmp.fp2_repr.R2	1.0	29.0	255.0	1521.0	4516.0	10538.0	19105.0	31885.0	47838.0	70024.0	100375.0	157418.0	307718.0	1042409.0	4249953.0	442852.0
	22.0	23.0	24.0	25.0	26.0	27.0	28.0	29.0	30.0	31.0	32.0	33.0	34.0	35.0	36.0	37.0
Sfa-CBas_014_Ex1_L3_clmp.fp2_repr.R1	1.0	9.0	54.0	358.0	1629.0	4858.0	11205.0	20127.0	30588.0	43019.0	58270.0	83438.0	133362.0	339184.0	3242729.0	742092.0
	22.0	23.0	24.0	25.0	26.0	27.0	28.0	29.0	30.0	31.0	32.0	33.0	34.0	35.0	36.0	37.0
Sfa-CBas_014_Ex1_L3_clmp.fp2_repr.R2	2.0	24.0	228.0	1243.0	3840.0	8818.0	15456.0	25022.0	37301.0	54775.0	79255.0	126014.0	249331.0	843066.0	3008356.0	258192.0
	23.0	24.0	25.0	26.0	27.0	28.0	29.0	30.0	31.0	32.0	33.0	34.0	35.0	36.0	37.0
Sfa-CBas_015_Ex1_L3_clmp.fp2_repr.R1	3.0	46.0	391.0	1734.0	5449.0	12529.0	22919.0	35316.0	49293.0	65183.0	92146.0	143825.0	369339.0	3754656.0	881453.0
	22.0	23.0	24.0	25.0	26.0	27.0	28.0	29.0	30.0	31.0	32.0	33.0	34.0	35.0	36.0	37.0
Sfa-CBas_015_Ex1_L3_clmp.fp2_repr.R2	4.0	17.0	188.0	1116.0	3557.0	8085.0	14978.0	24772.0	36805.0	55100.0	80478.0	127313.0	254274.0	884268.0	3590238.0	353089.0
	22.0	23.0	24.0	25.0	26.0	27.0	28.0	29.0	30.0	31.0	32.0	33.0	34.0	35.0	36.0	37.0
Sfa-CBas_016_Ex1_L3_clmp.fp2_repr.R1	1.0	12.0	67.0	592.0	2459.0	7324.0	16175.0	29721.0	44706.0	63837.0	87533.0	126104.0	203021.0	522507.0	4855280.0	1021731.0
	22.0	23.0	24.0	25.0	26.0	27.0	28.0	29.0	30.0	31.0	32.0	33.0	34.0	35.0	36.0	37.0
Sfa-CBas_016_Ex1_L3_clmp.fp2_repr.R2	2.0	52.0	372.0	2076.0	6512.0	14873.0	25855.0	41310.0	60703.0	89979.0	130745.0	206452.0	413778.0	1356439.0	4307374.0	324548.0
	23.0	24.0	25.0	26.0	27.0	28.0	29.0	30.0	31.0	32.0	33.0	34.0	35.0	36.0	37.0
Sfa-CBas_017_Ex1_L3_clmp.fp2_repr.R1	9.0	46.0	431.0	1873.0	5615.0	12257.0	22358.0	34313.0	48652.0	66637.0	95909.0	155361.0	403041.0	3632069.0	714205.0
	21.0	22.0	23.0	24.0	25.0	26.0	27.0	28.0	29.0	30.0	31.0	32.0	33.0	34.0	35.0	36.0	37.0
Sfa-CBas_017_Ex1_L3_clmp.fp2_repr.R2	1.0	2.0	39.0	294.0	1795.0	5453.0	12225.0	21581.0	33519.0	49040.0	72326.0	105358.0	168642.0	348052.0	1103801.0	3078997.0	191651.0
	22.0	23.0	24.0	25.0	26.0	27.0	28.0	29.0	30.0	31.0	32.0	33.0	34.0	35.0	36.0	37.0
Sfa-CBas_019_Ex1_L3_clmp.fp2_repr.R1	2.0	0.0	50.0	476.0	1905.0	5575.0	12162.0	21522.0	32193.0	45480.0	61123.0	88191.0	140298.0	359508.0	3225276.0	675216.0
	22.0	23.0	24.0	25.0	26.0	27.0	28.0	29.0	30.0	31.0	32.0	33.0	34.0	35.0	36.0	37.0
Sfa-CBas_019_Ex1_L3_clmp.fp2_repr.R2	5.0	20.0	236.0	1319.0	4143.0	9381.0	16200.0	25948.0	37716.0	55421.0	79691.0	123430.0	239205.0	810255.0	3034881.0	231126.0
	23.0	24.0	25.0	26.0	27.0	28.0	29.0	30.0	31.0	32.0	33.0	34.0	35.0	36.0	37.0
Sfa-CBas_020_Ex1_L3_clmp.fp2_repr.R1	3.0	41.0	495.0	2064.0	6325.0	14387.0	26610.0	39929.0	55678.0	73346.0	103398.0	164513.0	427990.0	4260359.0	998467.0
	22.0	23.0	24.0	25.0	26.0	27.0	28.0	29.0	30.0	31.0	32.0	33.0	34.0	35.0	36.0	37.0
Sfa-CBas_020_Ex1_L3_clmp.fp2_repr.R2	1.0	25.0	218.0	1341.0	4132.0	9284.0	16480.0	27007.0	40215.0	59714.0	86176.0	135892.0	271242.0	974858.0	4128226.0	418794.0
	23.0	24.0	25.0	26.0	27.0	28.0	29.0	30.0	31.0	32.0	33.0	34.0	35.0	36.0	37.0
Sfa-CBas_021_Ex1_L3_clmp.fp2_repr.R1	2.0	56.0	465.0	2036.0	6083.0	13547.0	24739.0	37402.0	52489.0	70274.0	99903.0	159915.0	413198.0	3833379.0	830666.0
	22.0	23.0	24.0	25.0	26.0	27.0	28.0	29.0	30.0	31.0	32.0	33.0	34.0	35.0	36.0	37.0
Sfa-CBas_021_Ex1_L3_clmp.fp2_repr.R2	4.0	20.0	228.0	1392.0	4646.0	10121.0	18277.0	29746.0	43332.0	63829.0	92799.0	147249.0	292601.0	990354.0	3547851.0	301705.0
	23.0	24.0	25.0	26.0	27.0	28.0	29.0	30.0	31.0	32.0	33.0	34.0	35.0	36.0	37.0
Sfa-CBas_023_Ex1_L3_clmp.fp2_repr.R1	4.0	52.0	400.0	1718.0	5175.0	11133.0	20296.0	30516.0	43335.0	59293.0	85049.0	135645.0	341644.0	3170341.0	700127.0
	22.0	23.0	24.0	25.0	26.0	27.0	28.0	29.0	30.0	31.0	32.0	33.0	34.0	35.0	36.0	37.0
Sfa-CBas_023_Ex1_L3_clmp.fp2_repr.R2	1.0	12.0	222.0	1231.0	3812.0	8534.0	15168.0	24676.0	36021.0	53446.0	76913.0	119806.0	230803.0	777765.0	2992050.0	264268.0
	22.0	23.0	24.0	25.0	26.0	27.0	28.0	29.0	30.0	31.0	32.0	33.0	34.0	35.0	36.0	37.0
Sfa-CBas_025_Ex1_L3_clmp.fp2_repr.R1	1.0	6.0	51.0	453.0	1850.0	5517.0	12321.0	22694.0	34332.0	48212.0	65529.0	92295.0	146722.0	370027.0	3459918.0	801772.0
	22.0	23.0	24.0	25.0	26.0	27.0	28.0	29.0	30.0	31.0	32.0	33.0	34.0	35.0	36.0	37.0
Sfa-CBas_025_Ex1_L3_clmp.fp2_repr.R2	2.0	17.0	223.0	1300.0	3997.0	8817.0	15700.0	25846.0	38428.0	56623.0	81828.0	127160.0	243428.0	814043.0	3316352.0	327936.0
	23.0	24.0	25.0	26.0	27.0	28.0	29.0	30.0	31.0	32.0	33.0	34.0	35.0	36.0	37.0
Sfa-CBas_026_Ex1_L3_clmp.fp2_repr.R1	4.0	73.0	507.0	2365.0	6996.0	15502.0	28474.0	42135.0	59066.0	78025.0	109991.0	172702.0	429771.0	4031663.0	979645.0
	22.0	23.0	24.0	25.0	26.0	27.0	28.0	29.0	30.0	31.0	32.0	33.0	34.0	35.0	36.0	37.0
Sfa-CBas_026_Ex1_L3_clmp.fp2_repr.R2	3.0	38.0	287.0	1767.0	5129.0	11288.0	20507.0	33037.0	49827.0	72389.0	104730.0	163334.0	314978.0	1032645.0	3796919.0	350041.0
	23.0	24.0	25.0	26.0	27.0	28.0	29.0	30.0	31.0	32.0	33.0	34.0	35.0	36.0	37.0
Sfa-CBas_027_Ex1_L3_clmp.fp2_repr.R1	3.0	51.0	302.0	1251.0	3744.0	8155.0	15072.0	22112.0	30664.0	40410.0	56068.0	86857.0	208992.0	2242332.0	623029.0
	22.0	23.0	24.0	25.0	26.0	27.0	28.0	29.0	30.0	31.0	32.0	33.0	34.0	35.0	36.0	37.0
Sfa-CBas_027_Ex1_L3_clmp.fp2_repr.R2	2.0	9.0	123.0	565.0	1803.0	4028.0	7453.0	12260.0	18638.0	27702.0	40479.0	61737.0	114193.0	401947.0	2347433.0	300670.0
	22.0	23.0	24.0	25.0	26.0	27.0	28.0	29.0	30.0	31.0	32.0	33.0	34.0	35.0	36.0	37.0
Sfa-CBas_028_Ex1_L3_clmp.fp2_repr.R1	2.0	4.0	71.0	406.0	1835.0	5565.0	12658.0	23127.0	35112.0	48471.0	65189.0	92118.0	145623.0	375073.0	3669734.0	823729.0
	22.0	23.0	24.0	25.0	26.0	27.0	28.0	29.0	30.0	31.0	32.0	33.0	34.0	35.0	36.0	37.0
Sfa-CBas_028_Ex1_L3_clmp.fp2_repr.R2	1.0	23.0	222.0	1176.0	3919.0	8838.0	15866.0	26010.0	38145.0	55854.0	80597.0	125216.0	242412.0	840812.0	3532744.0	326882.0
	22.0	23.0	24.0	25.0	26.0	27.0	28.0	29.0	30.0	31.0	32.0	33.0	34.0	35.0	36.0	37.0
Sfa-CBas_029_Ex1_L3_clmp.fp2_repr.R1	1.0	1.0	42.0	307.0	1297.0	4073.0	9120.0	16964.0	24343.0	33864.0	44927.0	62553.0	96132.0	235581.0	2522894.0	713934.0
	22.0	23.0	24.0	25.0	26.0	27.0	28.0	29.0	30.0	31.0	32.0	33.0	34.0	35.0	36.0	37.0
Sfa-CBas_029_Ex1_L3_clmp.fp2_repr.R2	1.0	10.0	135.0	689.0	2060.0	4605.0	8239.0	13745.0	21134.0	31534.0	45451.0	69251.0	128002.0	456687.0	2635794.0	348696.0
	23.0	24.0	25.0	26.0	27.0	28.0	29.0	30.0	31.0	32.0	33.0	34.0	35.0	36.0	37.0
Sfa-CBas_030_Ex1_L3_clmp.fp2_repr.R1	4.0	40.0	322.0	1343.0	3963.0	8569.0	16002.0	24263.0	33277.0	45215.0	64113.0	103210.0	265554.0	2483608.0	528512.0
	23.0	24.0	25.0	26.0	27.0	28.0	29.0	30.0	31.0	32.0	33.0	34.0	35.0	36.0	37.0
Sfa-CBas_030_Ex1_L3_clmp.fp2_repr.R2	17.0	141.0	868.0	2898.0	6501.0	11916.0	19228.0	28184.0	41413.0	59796.0	93504.0	185254.0	624368.0	2308417.0	195490.0
	23.0	24.0	25.0	26.0	27.0	28.0	29.0	30.0	31.0	32.0	33.0	34.0	35.0	36.0	37.0
Sfa-CBas_031_Ex1_L3_clmp.fp2_repr.R1	1.0	40.0	271.0	1070.0	3293.0	7599.0	13761.0	20853.0	29699.0	40285.0	57682.0	92560.0	236678.0	2216579.0	470891.0
	22.0	23.0	24.0	25.0	26.0	27.0	28.0	29.0	30.0	31.0	32.0	33.0	34.0	35.0	36.0	37.0
Sfa-CBas_031_Ex1_L3_clmp.fp2_repr.R2	2.0	15.0	156.0	948.0	3052.0	6551.0	11627.0	18259.0	27139.0	39675.0	57221.0	89517.0	176197.0	585530.0	2015571.0	159802.0
	23.0	24.0	25.0	26.0	27.0	28.0	29.0	30.0	31.0	32.0	33.0	34.0	35.0	36.0	37.0
Sfa-CBas_032_Ex1_L3_clmp.fp2_repr.R1	10.0	61.0	469.0	1946.0	6461.0	14361.0	26781.0	40326.0	56166.0	74808.0	105941.0	167372.0	429931.0	4234290.0	1029186.0
	23.0	24.0	25.0	26.0	27.0	28.0	29.0	30.0	31.0	32.0	33.0	34.0	35.0	36.0	37.0
Sfa-CBas_032_Ex1_L3_clmp.fp2_repr.R2	25.0	237.0	1344.0	4219.0	9365.0	17042.0	28363.0	42448.0	62899.0	91099.0	144477.0	289458.0	1003305.0	4042403.0	451425.0
	23.0	24.0	25.0	26.0	27.0	28.0	29.0	30.0	31.0	32.0	33.0	34.0	35.0	36.0	37.0
Sfa-CBas_033_Ex1_L3_clmp.fp2_repr.R1	2.0	69.0	402.0	1651.0	5107.0	11311.0	20317.0	30630.0	43562.0	59292.0	84856.0	136542.0	352031.0	3174603.0	634055.0
	21.0	22.0	23.0	24.0	25.0	26.0	27.0	28.0	29.0	30.0	31.0	32.0	33.0	34.0	35.0	36.0	37.0
Sfa-CBas_033_Ex1_L3_clmp.fp2_repr.R2	1.0	1.0	26.0	267.0	1447.0	4648.0	9982.0	17777.0	28280.0	41466.0	60816.0	87487.0	137271.0	270049.0	870587.0	2814552.0	209773.0
	23.0	24.0	25.0	26.0	27.0	28.0	29.0	30.0	31.0	32.0	33.0	34.0	35.0	36.0	37.0
Sfa-CBas_036_Ex1_L3_clmp.fp2_repr.R1	5.0	60.0	412.0	1936.0	5765.0	12808.0	22938.0	34623.0	47978.0	64634.0	92357.0	148180.0	385821.0	3615571.0	772635.0
	22.0	23.0	24.0	25.0	26.0	27.0	28.0	29.0	30.0	31.0	32.0	33.0	34.0	35.0	36.0	37.0
Sfa-CBas_036_Ex1_L3_clmp.fp2_repr.R2	2.0	29.0	249.0	1253.0	4020.0	8970.0	15908.0	25704.0	38143.0	54998.0	80637.0	126196.0	249244.0	870438.0	3434653.0	295279.0
	23.0	24.0	25.0	26.0	27.0	28.0	29.0	30.0	31.0	32.0	33.0	34.0	35.0	36.0	37.0
Sfa-CBas_039_Ex1_L3_clmp.fp2_repr.R1	5.0	58.0	408.0	1731.0	5267.0	11568.0	21239.0	31562.0	45055.0	60744.0	86245.0	135120.0	327550.0	3164623.0	794466.0
	23.0	24.0	25.0	26.0	27.0	28.0	29.0	30.0	31.0	32.0	33.0	34.0	35.0	36.0	37.0
Sfa-CBas_039_Ex1_L3_clmp.fp2_repr.R2	15.0	250.0	1443.0	4349.0	9874.0	17863.0	28691.0	42657.0	62760.0	91405.0	143150.0	282031.0	899505.0	2875724.0	225924.0
	23.0	24.0	25.0	26.0	27.0	28.0	29.0	30.0	31.0	32.0	33.0	34.0	35.0	36.0	37.0
Sfa-CBas_041_Ex1_L3_clmp.fp2_repr.R1	3.0	65.0	451.0	1812.0	5679.0	13064.0	24144.0	36780.0	49681.0	66048.0	92503.0	146844.0	380638.0	3658652.0	899682.0
	22.0	23.0	24.0	25.0	26.0	27.0	28.0	29.0	30.0	31.0	32.0	33.0	34.0	35.0	36.0	37.0
Sfa-CBas_041_Ex1_L3_clmp.fp2_repr.R2	2.0	23.0	203.0	1188.0	3434.0	7930.0	14676.0	24365.0	36055.0	53651.0	77427.0	122962.0	244916.0	856326.0	3551092.0	381796.0
	23.0	24.0	25.0	26.0	27.0	28.0	29.0	30.0	31.0	32.0	33.0	34.0	35.0	36.0	37.0
Sfa-CBas_042_Ex1_L3_clmp.fp2_repr.R1	1.0	37.0	303.0	1242.0	4116.0	9451.0	17760.0	27004.0	37132.0	49397.0	68702.0	110127.0	285075.0	2864992.0	665081.0
	22.0	23.0	24.0	25.0	26.0	27.0	28.0	29.0	30.0	31.0	32.0	33.0	34.0	35.0	36.0	37.0
Sfa-CBas_042_Ex1_L3_clmp.fp2_repr.R2	1.0	23.0	143.0	742.0	2313.0	5315.0	9924.0	16668.0	24987.0	37376.0	54150.0	84914.0	167056.0	598814.0	2817398.0	320596.0
	23.0	24.0	25.0	26.0	27.0	28.0	29.0	30.0	31.0	32.0	33.0	34.0	35.0	36.0	37.0
Sfa-CBas_043_Ex1_L3_clmp.fp2_repr.R1	5.0	96.0	604.0	2567.0	7954.0	17915.0	33778.0	50022.0	69001.0	90103.0	125123.0	197265.0	497482.0	5046926.0	1329754.0
	22.0	23.0	24.0	25.0	26.0	27.0	28.0	29.0	30.0	31.0	32.0	33.0	34.0	35.0	36.0	37.0
Sfa-CBas_043_Ex1_L3_clmp.fp2_repr.R2	2.0	37.0	261.0	1470.0	4701.0	10541.0	19715.0	32915.0	49157.0	72406.0	103552.0	159549.0	302451.0	1068328.0	5038713.0	604797.0
	23.0	24.0	25.0	26.0	27.0	28.0	29.0	30.0	31.0	32.0	33.0	34.0	35.0	36.0	37.0
Sfa-CBas_044_Ex1_L3_clmp.fp2_repr.R1	4.0	59.0	401.0	1690.0	5033.0	11220.0	20486.0	31025.0	44324.0	60754.0	88106.0	141077.0	360983.0	3333480.0	717173.0
	22.0	23.0	24.0	25.0	26.0	27.0	28.0	29.0	30.0	31.0	32.0	33.0	34.0	35.0	36.0	37.0
Sfa-CBas_044_Ex1_L3_clmp.fp2_repr.R2	2.0	26.0	280.0	1769.0	5380.0	11896.0	20759.0	32913.0	47403.0	69472.0	101717.0	165806.0	341993.0	1061832.0	2774937.0	179630.0
	22.0	23.0	24.0	25.0	26.0	27.0	28.0	29.0	30.0	31.0	32.0	33.0	34.0	35.0	36.0	37.0
Sfa-CBas_046_Ex1_L3_clmp.fp2_repr.R1	1.0	4.0	39.0	293.0	1124.0	3533.0	7639.0	13634.0	20579.0	29119.0	39383.0	56841.0	90609.0	226607.0	2136087.0	483969.0
	23.0	24.0	25.0	26.0	27.0	28.0	29.0	30.0	31.0	32.0	33.0	34.0	35.0	36.0	37.0
Sfa-CBas_046_Ex1_L3_clmp.fp2_repr.R2	19.0	212.0	1024.0	3466.0	7371.0	12661.0	20091.0	29375.0	43374.0	62613.0	101100.0	205639.0	647465.0	1843155.0	131896.0
	22.0	23.0	24.0	25.0	26.0	27.0	28.0	29.0	30.0	31.0	32.0	33.0	34.0	35.0	36.0	37.0
Sfa-CBas_048_Ex1_L3_clmp.fp2_repr.R1	1.0	5.0	84.0	501.0	1903.0	5870.0	13307.0	23871.0	35883.0	50551.0	67557.0	96221.0	152553.0	380192.0	3662875.0	878734.0
	22.0	23.0	24.0	25.0	26.0	27.0	28.0	29.0	30.0	31.0	32.0	33.0	34.0	35.0	36.0	37.0
Sfa-CBas_048_Ex1_L3_clmp.fp2_repr.R2	1.0	25.0	231.0	1256.0	3778.0	8537.0	15428.0	25468.0	38359.0	56334.0	81902.0	128126.0	245071.0	837706.0	3570799.0	357087.0
	23.0	24.0	25.0	26.0	27.0	28.0	29.0	30.0	31.0	32.0	33.0	34.0	35.0	36.0	37.0
Sfa-CBas_056_Ex1_L3_clmp.fp2_repr.R1	3.0	61.0	428.0	2039.0	6306.0	13720.0	24706.0	37434.0	53131.0	71775.0	102745.0	163351.0	411683.0	3984365.0	901207.0
	23.0	24.0	25.0	26.0	27.0	28.0	29.0	30.0	31.0	32.0	33.0	34.0	35.0	36.0	37.0
Sfa-CBas_056_Ex1_L3_clmp.fp2_repr.R2	34.0	266.0	1543.0	4878.0	10917.0	19150.0	30265.0	44963.0	65823.0	94713.0	146883.0	284456.0	970953.0	3777235.0	320875.0
	23.0	24.0	25.0	26.0	27.0	28.0	29.0	30.0	31.0	32.0	33.0	34.0	35.0	36.0	37.0
Sfa-CBas_059_Ex1_L3_clmp.fp2_repr.R1	3.0	42.0	326.0	1498.0	4417.0	9624.0	17732.0	26906.0	39127.0	52799.0	76621.0	123710.0	321538.0	2922858.0	586582.0
	22.0	23.0	24.0	25.0	26.0	27.0	28.0	29.0	30.0	31.0	32.0	33.0	34.0	35.0	36.0	37.0
Sfa-CBas_059_Ex1_L3_clmp.fp2_repr.R2	1.0	28.0	207.0	1257.0	3964.0	9199.0	16200.0	25772.0	37962.0	54995.0	81335.0	130172.0	263884.0	841166.0	2534687.0	182954.0
	23.0	24.0	25.0	26.0	27.0	28.0	29.0	30.0	31.0	32.0	33.0	34.0	35.0	36.0	37.0
Sfa-CBas_061_Ex1_L3_clmp.fp2_repr.R1	5.0	72.0	528.0	2291.0	6850.0	15297.0	27952.0	42071.0	59168.0	80156.0	114267.0	182029.0	463198.0	4139200.0	855385.0
	22.0	23.0	24.0	25.0	26.0	27.0	28.0	29.0	30.0	31.0	32.0	33.0	34.0	35.0	36.0	37.0
Sfa-CBas_061_Ex1_L3_clmp.fp2_repr.R2	2.0	35.0	342.0	1784.0	5614.0	12264.0	22088.0	35074.0	52066.0	76515.0	111293.0	175452.0	346247.0	1112898.0	3719171.0	317624.0
	23.0	24.0	25.0	26.0	27.0	28.0	29.0	30.0	31.0	32.0	33.0	34.0	35.0	36.0	37.0
Sfa-CBas_062_Ex1_L3_clmp.fp2_repr.R1	5.0	77.0	523.0	2163.0	6484.0	14939.0	27444.0	41227.0	57447.0	76357.0	107438.0	166141.0	410768.0	3862236.0	962377.0
	23.0	24.0	25.0	26.0	27.0	28.0	29.0	30.0	31.0	32.0	33.0	34.0	35.0	36.0	37.0
Sfa-CBas_062_Ex1_L3_clmp.fp2_repr.R2	23.0	230.0	1356.0	4142.0	9679.0	17743.0	29681.0	44170.0	65845.0	95307.0	146624.0	275261.0	901505.0	3748392.0	395668.0
	23.0	24.0	25.0	26.0	27.0	28.0	29.0	30.0	31.0	32.0	33.0	34.0	35.0	36.0	37.0
Sfa-CBas_066_Ex1_L3_clmp.fp2_repr.R1	7.0	61.0	549.0	2131.0	6441.0	14102.0	25757.0	38991.0	55354.0	75133.0	108088.0	173143.0	436464.0	3983915.0	856789.0
	22.0	23.0	24.0	25.0	26.0	27.0	28.0	29.0	30.0	31.0	32.0	33.0	34.0	35.0	36.0	37.0
Sfa-CBas_066_Ex1_L3_clmp.fp2_repr.R2	3.0	21.0	313.0	1666.0	5536.0	12239.0	21844.0	34815.0	51967.0	76483.0	111221.0	176325.0	349923.0	1109538.0	3528307.0	296724.0
	23.0	24.0	25.0	26.0	27.0	28.0	29.0	30.0	31.0	32.0	33.0	34.0	35.0	36.0	37.0
Sfa-CBas_067_Ex1_L3_clmp.fp2_repr.R1	5.0	60.0	421.0	1861.0	5766.0	12959.0	23687.0	35544.0	49896.0	66308.0	93543.0	147059.0	368254.0	3490384.0	947139.0
	22.0	23.0	24.0	25.0	26.0	27.0	28.0	29.0	30.0	31.0	32.0	33.0	34.0	35.0	36.0	37.0
Sfa-CBas_067_Ex1_L3_clmp.fp2_repr.R2	1.0	26.0	226.0	1161.0	3670.0	8103.0	14943.0	24771.0	37690.0	55812.0	81830.0	129465.0	254105.0	838118.0	3362106.0	430859.0
	23.0	24.0	25.0	26.0	27.0	28.0	29.0	30.0	31.0	32.0	33.0	34.0	35.0	36.0	37.0
Sfa-CBas_073_Ex1_L3_clmp.fp2_repr.R1	2.0	60.0	464.0	1796.0	5365.0	12013.0	21544.0	32535.0	44721.0	60474.0	84652.0	131949.0	324355.0	3303381.0	867213.0
	23.0	24.0	25.0	26.0	27.0	28.0	29.0	30.0	31.0	32.0	33.0	34.0	35.0	36.0	37.0
Sfa-CBas_073_Ex1_L3_clmp.fp2_repr.R2	27.0	232.0	1252.0	3966.0	8798.0	15889.0	25680.0	37407.0	54743.0	78873.0	122893.0	239436.0	806043.0	3177454.0	317831.0
	23.0	24.0	25.0	26.0	27.0	28.0	29.0	30.0	31.0	32.0	33.0	34.0	35.0	36.0	37.0
Sfa-CBas_076_Ex1_L3_clmp.fp2_repr.R1	1.0	51.0	446.0	1976.0	5824.0	13289.0	24129.0	36282.0	50223.0	65952.0	92052.0	142707.0	349660.0	3632662.0	1006583.0
	22.0	23.0	24.0	25.0	26.0	27.0	28.0	29.0	30.0	31.0	32.0	33.0	34.0	35.0	36.0	37.0
Sfa-CBas_076_Ex1_L3_clmp.fp2_repr.R2	1.0	34.0	256.0	1322.0	3778.0	8222.0	15197.0	24945.0	37228.0	54990.0	79483.0	122684.0	236621.0	827067.0	3607120.0	402889.0
	23.0	24.0	25.0	26.0	27.0	28.0	29.0	30.0	31.0	32.0	33.0	34.0	35.0	36.0	37.0
Sfa-CBas_078_Ex1_L3_clmp.fp2_repr.R1	4.0	59.0	426.0	1886.0	5496.0	12507.0	23018.0	34495.0	48597.0	65714.0	93746.0	151956.0	395984.0	3634070.0	741413.0
	22.0	23.0	24.0	25.0	26.0	27.0	28.0	29.0	30.0	31.0	32.0	33.0	34.0	35.0	36.0	37.0
Sfa-CBas_078_Ex1_L3_clmp.fp2_repr.R2	2.0	25.0	251.0	1382.0	4402.0	9489.0	16801.0	27375.0	40896.0	60006.0	87691.0	138283.0	273485.0	906495.0	3330355.0	312433.0
	23.0	24.0	25.0	26.0	27.0	28.0	29.0	30.0	31.0	32.0	33.0	34.0	35.0	36.0	37.0
Sfa-CBas_084_Ex1_L3_clmp.fp2_repr.R1	6.0	29.0	258.0	1122.0	3123.0	7163.0	13413.0	20263.0	27392.0	36106.0	50241.0	78972.0	193135.0	2021891.0	560171.0
	22.0	23.0	24.0	25.0	26.0	27.0	28.0	29.0	30.0	31.0	32.0	33.0	34.0	35.0	36.0	37.0
Sfa-CBas_084_Ex1_L3_clmp.fp2_repr.R2	3.0	9.0	129.0	758.0	2181.0	4675.0	8671.0	14354.0	21172.0	31248.0	44775.0	70362.0	138909.0	488656.0	1979724.0	207659.0
	23.0	24.0	25.0	26.0	27.0	28.0	29.0	30.0	31.0	32.0	33.0	34.0	35.0	36.0	37.0
Sfa-CBas_086_Ex1_L3_clmp.fp2_repr.R1	3.0	55.0	360.0	1864.0	5123.0	11153.0	20529.0	30216.0	43198.0	58768.0	83807.0	135653.0	348655.0	3186673.0	679946.0
	22.0	23.0	24.0	25.0	26.0	27.0	28.0	29.0	30.0	31.0	32.0	33.0	34.0	35.0	36.0	37.0
Sfa-CBas_086_Ex1_L3_clmp.fp2_repr.R2	3.0	30.0	211.0	1228.0	3947.0	8532.0	15115.0	24180.0	35903.0	52352.0	75911.0	118746.0	235150.0	801495.0	2974039.0	259161.0
	23.0	24.0	25.0	26.0	27.0	28.0	29.0	30.0	31.0	32.0	33.0	34.0	35.0	36.0	37.0
Sfa-CBas_088_Ex1_L3_clmp.fp2_repr.R1	9.0	55.0	417.0	1789.0	5350.0	12455.0	23137.0	34207.0	47975.0	64313.0	91486.0	146730.0	389547.0	3667442.0	789497.0
	23.0	24.0	25.0	26.0	27.0	28.0	29.0	30.0	31.0	32.0	33.0	34.0	35.0	36.0	37.0
Sfa-CBas_088_Ex1_L3_clmp.fp2_repr.R2	27.0	203.0	1160.0	3642.0	8214.0	14953.0	24448.0	36529.0	53407.0	77860.0	123622.0	244930.0	839627.0	3455113.0	390674.0
	22.0	23.0	24.0	25.0	26.0	27.0	28.0	29.0	30.0	31.0	32.0	33.0	34.0	35.0	36.0	37.0
Sfa-CBas_090_Ex1_L3_clmp.fp2_repr.R1	1.0	3.0	42.0	287.0	1241.0	3692.0	7953.0	14190.0	21342.0	30302.0	41705.0	59445.0	94873.0	234851.0	2161188.0	484559.0
	23.0	24.0	25.0	26.0	27.0	28.0	29.0	30.0	31.0	32.0	33.0	34.0	35.0	36.0	37.0
Sfa-CBas_090_Ex1_L3_clmp.fp2_repr.R2	19.0	222.0	1194.0	3811.0	8186.0	14299.0	22570.0	32940.0	47646.0	69354.0	109888.0	221139.0	677049.0	1831419.0	115938.0
	23.0	24.0	25.0	26.0	27.0	28.0	29.0	30.0	31.0	32.0	33.0	34.0	35.0	36.0	37.0
Sfa-CBas_091_Ex1_L3_clmp.fp2_repr.R1	11.0	71.0	538.0	2048.0	6345.0	14538.0	25720.0	38818.0	53393.0	70895.0	98587.0	155784.0	391450.0	3857522.0	953005.0
	22.0	23.0	24.0	25.0	26.0	27.0	28.0	29.0	30.0	31.0	32.0	33.0	34.0	35.0	36.0	37.0
Sfa-CBas_091_Ex1_L3_clmp.fp2_repr.R2	2.0	27.0	213.0	1160.0	3408.0	7743.0	14020.0	23027.0	34476.0	50975.0	73612.0	113402.0	212777.0	733045.0	3919613.0	481225.0
	23.0	24.0	25.0	26.0	27.0	28.0	29.0	30.0	31.0	32.0	33.0	34.0	35.0	36.0	37.0
Sfa-CBas_092_Ex1_L3_clmp.fp2_repr.R1	2.0	71.0	477.0	2083.0	6140.0	13454.0	23907.0	36044.0	51348.0	70318.0	100959.0	160108.0	394417.0	3696398.0	868677.0
	22.0	23.0	24.0	25.0	26.0	27.0	28.0	29.0	30.0	31.0	32.0	33.0	34.0	35.0	36.0	37.0
Sfa-CBas_092_Ex1_L3_clmp.fp2_repr.R2	3.0	34.0	333.0	1960.0	6261.0	13662.0	23693.0	37933.0	54452.0	79687.0	115265.0	183281.0	371027.0	1148280.0	3168137.0	220395.0
	23.0	24.0	25.0	26.0	27.0	28.0	29.0	30.0	31.0	32.0	33.0	34.0	35.0	36.0	37.0
Sfa-CBas_096_Ex1_L3_clmp.fp2_repr.R1	8.0	77.0	513.0	2098.0	6314.0	14274.0	26237.0	39112.0	54006.0	71415.0	100898.0	156279.0	385899.0	4072709.0	1064673.0
	22.0	23.0	24.0	25.0	26.0	27.0	28.0	29.0	30.0	31.0	32.0	33.0	34.0	35.0	36.0	37.0
Sfa-CBas_096_Ex1_L3_clmp.fp2_repr.R2	1.0	36.0	275.0	1417.0	4329.0	9783.0	17381.0	28243.0	41926.0	61711.0	88704.0	136419.0	261596.0	922231.0	4023833.0	396627.0

