#BaseNum	Match1	Sub1	Del1	Ins1	N1	Other1
1	0.97695	0.02153	0.00000	0.00000	0.00000	0.00152
2	0.97568	0.02280	0.00000	0.00000	0.00000	0.00152
3	0.98024	0.01824	0.00000	0.00000	0.00000	0.00152
4	0.98354	0.01469	0.00025	0.00025	0.00000	0.00152
5	0.98328	0.01494	0.00000	0.00025	0.00000	0.00152
6	0.98506	0.01266	0.00000	0.00076	0.00000	0.00152
7	0.98328	0.01520	0.00000	0.00000	0.00000	0.00152
8	0.98303	0.01520	0.00000	0.00025	0.00000	0.00152
9	0.98556	0.01190	0.00025	0.00101	0.00000	0.00152
10	0.98759	0.01013	0.00025	0.00076	0.00000	0.00152
11	0.98632	0.01114	0.00000	0.00127	0.00000	0.00127
12	0.98480	0.01266	0.00000	0.00127	0.00000	0.00127
13	0.98734	0.01013	0.00127	0.00127	0.00000	0.00127
14	0.98835	0.00937	0.00000	0.00101	0.00000	0.00127
15	0.98784	0.00963	0.00000	0.00127	0.00000	0.00127
16	0.98658	0.01114	0.00000	0.00101	0.00000	0.00127
17	0.98987	0.00836	0.00000	0.00076	0.00000	0.00101
18	0.98734	0.01140	0.00025	0.00025	0.00000	0.00101
19	0.98961	0.00912	0.00025	0.00025	0.00000	0.00101
20	0.98784	0.01114	0.00000	0.00000	0.00000	0.00101
21	0.98987	0.00912	0.00025	0.00000	0.00000	0.00101
22	0.99088	0.00760	0.00000	0.00051	0.00000	0.00101
23	0.98886	0.00963	0.00025	0.00051	0.00000	0.00101
24	0.98987	0.00861	0.00000	0.00051	0.00000	0.00101
25	0.98961	0.00861	0.00025	0.00076	0.00000	0.00101
26	0.98936	0.00861	0.00000	0.00101	0.00000	0.00101
27	0.99037	0.00785	0.00025	0.00076	0.00000	0.00101
28	0.98810	0.01013	0.00000	0.00076	0.00000	0.00101
29	0.99189	0.00659	0.00000	0.00051	0.00000	0.00101
30	0.99139	0.00709	0.00000	0.00051	0.00000	0.00101
31	0.99063	0.00760	0.00025	0.00076	0.00000	0.00101
32	0.98961	0.00887	0.00000	0.00051	0.00000	0.00101
33	0.99012	0.00811	0.00000	0.00076	0.00000	0.00101
34	0.98911	0.00963	0.00051	0.00025	0.00000	0.00101
35	0.99011	0.00837	0.00025	0.00076	0.00000	0.00076
36	0.99087	0.00786	0.00000	0.00051	0.00000	0.00076
37	0.99290	0.00609	0.00000	0.00025	0.00000	0.00076
38	0.99315	0.00584	0.00000	0.00025	0.00000	0.00076
39	0.99212	0.00737	0.00051	0.00000	0.00000	0.00051
40	0.99110	0.00788	0.00000	0.00051	0.00000	0.00051
41	0.99109	0.00840	0.00025	0.00000	0.00000	0.00051
42	0.99261	0.00662	0.00000	0.00025	0.00000	0.00051
43	0.99439	0.00536	0.00000	0.00000	0.00000	0.00026
44	0.99080	0.00843	0.00026	0.00051	0.00000	0.00026
45	0.99131	0.00793	0.00026	0.00051	0.00000	0.00026
46	0.99334	0.00614	0.00000	0.00026	0.00000	0.00026
47	0.99206	0.00768	0.00000	0.00000	0.00000	0.00026
48	0.99231	0.00744	0.00077	0.00000	0.00000	0.00026
49	0.99050	0.00924	0.00000	0.00000	0.00000	0.00026
50	0.99280	0.00694	0.00000	0.00000	0.00000	0.00026
51	0.99201	0.00747	0.00026	0.00026	0.00000	0.00026
52	0.99329	0.00620	0.00000	0.00026	0.00000	0.00026
53	0.99276	0.00698	0.00000	0.00000	0.00000	0.00026
54	0.99118	0.00856	0.00026	0.00000	0.00000	0.00026
55	0.99325	0.00649	0.00000	0.00000	0.00000	0.00026
56	0.99246	0.00676	0.00000	0.00052	0.00000	0.00026
57	0.99035	0.00861	0.00000	0.00078	0.00000	0.00026
58	0.99243	0.00653	0.00000	0.00078	0.00000	0.00026
59	0.99267	0.00707	0.00000	0.00000	0.00000	0.00026
60	0.99056	0.00891	0.00000	0.00026	0.00000	0.00026
61	0.99028	0.00920	0.00026	0.00026	0.00000	0.00026
62	0.99183	0.00817	0.00000	0.00000	0.00000	0.00000
63	0.99313	0.00687	0.00000	0.00000	0.00000	0.00000
64	0.99207	0.00793	0.00026	0.00000	0.00000	0.00000
65	0.99231	0.00769	0.00000	0.00000	0.00000	0.00000
66	0.99176	0.00824	0.00053	0.00000	0.00000	0.00000
67	0.99226	0.00774	0.00000	0.00000	0.00000	0.00000
68	0.99252	0.00748	0.00000	0.00000	0.00000	0.00000
69	0.99197	0.00803	0.00000	0.00000	0.00000	0.00000
70	0.99061	0.00939	0.00000	0.00000	0.00000	0.00000
71	0.99356	0.00644	0.00000	0.00000	0.00000	0.00000
72	0.99327	0.00673	0.00000	0.00000	0.00000	0.00000
73	0.99407	0.00593	0.00000	0.00000	0.00000	0.00000
74	0.99055	0.00918	0.00000	0.00027	0.00000	0.00000
75	0.99051	0.00922	0.00000	0.00000	0.00000	0.00027
76	0.99075	0.00925	0.00000	0.00000	0.00000	0.00000
77	0.99345	0.00655	0.00000	0.00000	0.00000	0.00000
78	0.98960	0.01013	0.00000	0.00027	0.00000	0.00000
79	0.99205	0.00795	0.00000	0.00000	0.00000	0.00000
80	0.99231	0.00769	0.00027	0.00000	0.00000	0.00000
81	0.99338	0.00662	0.00000	0.00000	0.00000	0.00000
82	0.99086	0.00914	0.00000	0.00000	0.00000	0.00000
83	0.99167	0.00833	0.00000	0.00000	0.00000	0.00000
84	0.99108	0.00892	0.00000	0.00000	0.00000	0.00000
85	0.99078	0.00894	0.00000	0.00028	0.00000	0.00000
86	0.99468	0.00504	0.00000	0.00000	0.00000	0.00028
87	0.99155	0.00788	0.00000	0.00028	0.00000	0.00028
88	0.99379	0.00593	0.00000	0.00000	0.00000	0.00028
89	0.99207	0.00765	0.00028	0.00000	0.00000	0.00028
90	0.99402	0.00569	0.00000	0.00000	0.00000	0.00028
91	0.99314	0.00657	0.00057	0.00000	0.00000	0.00029
92	0.98851	0.01034	0.00000	0.00000	0.00000	0.00115
93	0.98876	0.00980	0.00000	0.00000	0.00000	0.00144
94	0.99012	0.00843	0.00000	0.00000	0.00000	0.00145
95	0.98919	0.00935	0.00000	0.00000	0.00000	0.00146
96	0.98882	0.00853	0.00000	0.00088	0.00000	0.00177
97	0.99111	0.00652	0.00000	0.00059	0.00000	0.00178
98	0.98804	0.00957	0.00000	0.00060	0.00000	0.00179
99	0.98945	0.00814	0.00060	0.00060	0.00000	0.00181
100	0.98847	0.00880	0.00030	0.00091	0.00000	0.00182
101	0.98927	0.00828	0.00000	0.00061	0.00000	0.00184
102	0.99070	0.00713	0.00000	0.00031	0.00000	0.00186
103	0.98964	0.00817	0.00000	0.00031	0.00000	0.00188
104	0.99043	0.00702	0.00032	0.00032	0.00000	0.00223
105	0.98971	0.00804	0.00000	0.00000	0.00000	0.00225
106	0.99156	0.00617	0.00000	0.00000	0.00000	0.00227
107	0.98977	0.00792	0.00000	0.00000	0.00000	0.00231
108	0.98995	0.00770	0.00000	0.00033	0.00000	0.00201
109	0.99321	0.00442	0.00000	0.00034	0.00000	0.00204
110	0.99002	0.00723	0.00000	0.00034	0.00000	0.00241
111	0.99025	0.00696	0.00000	0.00035	0.00000	0.00244
112	0.99117	0.00636	0.00000	0.00000	0.00000	0.00247
113	0.99141	0.00572	0.00000	0.00036	0.00000	0.00250
114	0.99164	0.00545	0.00000	0.00036	0.00036	0.00218
115	0.98956	0.00783	0.00037	0.00075	0.00000	0.00186
116	0.98937	0.00835	0.00000	0.00038	0.00000	0.00190
117	0.99188	0.00541	0.00000	0.00039	0.00000	0.00232
118	0.98899	0.00825	0.00000	0.00000	0.00000	0.00275
119	0.98842	0.00838	0.00000	0.00040	0.00000	0.00279
120	0.98983	0.00732	0.00000	0.00000	0.00000	0.00285
121	0.98476	0.01236	0.00000	0.00000	0.00000	0.00288
122	0.98950	0.00756	0.00000	0.00000	0.00000	0.00294
123	0.98846	0.00855	0.00000	0.00000	0.00000	0.00299
124	0.98781	0.00914	0.00044	0.00000	0.00000	0.00305
125	0.98981	0.00709	0.00000	0.00000	0.00000	0.00310
126	0.98829	0.00856	0.00135	0.00000	0.00000	0.00315
127	0.98946	0.00687	0.00000	0.00046	0.00000	0.00321
128	0.98883	0.00745	0.00000	0.00047	0.00000	0.00326
129	0.98812	0.00808	0.00000	0.00048	0.00000	0.00333
130	0.98977	0.00682	0.00000	0.00049	0.00000	0.00292
131	0.99010	0.00644	0.00000	0.00050	0.00000	0.00297
132	0.98534	0.01112	0.00000	0.00051	0.00000	0.00303
133	0.98503	0.01084	0.00000	0.00103	0.00000	0.00310
134	0.98361	0.01163	0.00000	0.00159	0.00000	0.00317
135	0.98491	0.01024	0.00000	0.00162	0.00000	0.00323
136	0.98189	0.01427	0.00055	0.00055	0.00000	0.00329
137	0.98934	0.00617	0.00000	0.00112	0.00000	0.00337
138	0.98402	0.01142	0.00000	0.00114	0.00000	0.00342
139	0.98658	0.00992	0.00058	0.00058	0.00000	0.00292
140	0.98741	0.00899	0.00000	0.00060	0.00000	0.00300
141	0.99077	0.00615	0.00000	0.00062	0.00000	0.00246
142	0.98172	0.01513	0.00000	0.00063	0.00000	0.00252
143	0.98968	0.00709	0.00000	0.00064	0.00000	0.00258
144	0.98809	0.00927	0.00000	0.00066	0.00000	0.00199
145	0.98370	0.01359	0.00000	0.00068	0.00000	0.00204
146	0.98819	0.00972	0.00000	0.00000	0.00000	0.00208
147	0.99002	0.00784	0.00000	0.00000	0.00000	0.00214
148	0.98907	0.00875	0.00000	0.00000	0.00000	0.00219
149	0.98342	0.01432	0.00000	0.00000	0.00000	0.00226
150	0.98970	0.00792	0.00000	0.00000	0.00000	0.00238
