	14.0	15.0	16.0	17.0	18.0	19.0	20.0	21.0	22.0	23.0	24.0	25.0	26.0	27.0	28.0	29.0	30.0	31.0	32.0	33.0	34.0	35.0	36.0	37.0	38.0	39.0	40.0
Cha-APnd_001-Ex1-1A-lcwgs-1-1.1	1.0	8.0	22.0	44.0	61.0	87.0	206.0	344.0	581.0	988.0	1610.0	5425.0	23405.0	5499.0	3347.0	3622.0	4156.0	5028.0	6403.0	8121.0	11494.0	16804.0	24910.0	34399.0	45348.0	62349.0	244255.0
	12.0	13.0	14.0	15.0	16.0	17.0	18.0	19.0	20.0	21.0	22.0	23.0	24.0	25.0	26.0	27.0	28.0	29.0	30.0	31.0	32.0	33.0	34.0	35.0	36.0	37.0	38.0	39.0	40.0
Cha-APnd_001-Ex1-1A-lcwgs-1-1.2	7.0	129.0	173.0	150.0	146.0	196.0	278.0	414.0	619.0	909.0	1223.0	1503.0	1962.0	2775.0	12321.0	19169.0	5462.0	4735.0	4650.0	5104.0	5962.0	7696.0	10563.0	15198.0	22187.0	32449.0	45543.0	72984.0	234010.0
	16.0	17.0	18.0	19.0	20.0	21.0	22.0	23.0	24.0	25.0	26.0	27.0	28.0	29.0	30.0	31.0	32.0	33.0	34.0	35.0	36.0	37.0	38.0	39.0	40.0
Cha-APnd_002-Ex1-1B-lcwgs-1-1.1	8.0	16.0	29.0	88.0	213.0	487.0	896.0	1716.0	3159.0	16513.0	105213.0	19573.0	6410.0	5072.0	5218.0	5582.0	6201.0	7116.0	9235.0	13112.0	19373.0	27478.0	37427.0	53392.0	213567.0
	12.0	13.0	14.0	15.0	16.0	17.0	18.0	19.0	20.0	21.0	22.0	23.0	24.0	25.0	26.0	27.0	28.0	29.0	30.0	31.0	32.0	33.0	34.0	35.0	36.0	37.0	38.0	39.0	40.0
Cha-APnd_002-Ex1-1B-lcwgs-1-1.2	18.0	254.0	365.0	438.0	568.0	423.0	337.0	453.0	634.0	910.0	1329.0	1821.0	2543.0	4180.0	42719.0	83191.0	14973.0	9047.0	6412.0	5399.0	5558.0	6142.0	8175.0	11233.0	16403.0	24708.0	35625.0	57177.0	216059.0
	15.0	16.0	17.0	18.0	19.0	20.0	21.0	22.0	23.0	24.0	25.0	26.0	27.0	28.0	29.0	30.0	31.0	32.0	33.0	34.0	35.0	36.0	37.0	38.0	39.0	40.0
Cha-APnd_003-Ex1-1C-lcwgs-1-1.1	1.0	5.0	16.0	67.0	141.0	390.0	799.0	1559.0	3424.0	7225.0	23328.0	104504.0	25596.0	17716.0	21100.0	27876.0	41309.0	71218.0	116937.0	171555.0	233519.0	294757.0	342283.0	370980.0	411082.0	1112127.0
	12.0	13.0	14.0	15.0	16.0	17.0	18.0	19.0	20.0	21.0	22.0	23.0	24.0	25.0	26.0	27.0	28.0	29.0	30.0	31.0	32.0	33.0	34.0	35.0	36.0	37.0	38.0	39.0	40.0
Cha-APnd_003-Ex1-1C-lcwgs-1-1.2	53.0	1587.0	1923.0	1216.0	1189.0	1061.0	967.0	1283.0	1784.0	2720.0	3803.0	5096.0	6663.0	9824.0	52423.0	84033.0	23838.0	22205.0	24187.0	30635.0	48140.0	84858.0	137731.0	198310.0	264769.0	327170.0	379756.0	477107.0	1205183.0
	15.0	16.0	17.0	18.0	19.0	20.0	21.0	22.0	23.0	24.0	25.0	26.0	27.0	28.0	29.0	30.0	31.0	32.0	33.0	34.0	35.0	36.0	37.0	38.0	39.0	40.0
Cha-APnd_004-Ex1-1D-lcwgs-1-1.1	1.0	2.0	24.0	58.0	144.0	317.0	706.0	1318.0	2630.0	5441.0	19244.0	86799.0	20395.0	13218.0	15132.0	18685.0	24353.0	34278.0	49271.0	73102.0	109697.0	158863.0	213774.0	267943.0	346361.0	1229145.0
	11.0	12.0	13.0	14.0	15.0	16.0	17.0	18.0	19.0	20.0	21.0	22.0	23.0	24.0	25.0	26.0	27.0	28.0	29.0	30.0	31.0	32.0	33.0	34.0	35.0	36.0	37.0	38.0	39.0	40.0
Cha-APnd_004-Ex1-1D-lcwgs-1-1.2	1.0	41.0	975.0	1270.0	834.0	879.0	905.0	921.0	1120.0	1644.0	2451.0	3444.0	4471.0	5832.0	8576.0	43496.0	71859.0	20542.0	18103.0	19080.0	22023.0	28346.0	40739.0	60800.0	92094.0	137181.0	196797.0	266818.0	399178.0	1240481.0
	15.0	16.0	17.0	18.0	19.0	20.0	21.0	22.0	23.0	24.0	25.0	26.0	27.0	28.0	29.0	30.0	31.0	32.0	33.0	34.0	35.0	36.0	37.0	38.0	39.0	40.0
Cha-APnd_005-Ex1-1E-lcwgs-1-1.1	6.0	25.0	73.0	139.0	234.0	622.0	1360.0	2504.0	4365.0	7238.0	24241.0	110039.0	28596.0	19349.0	22445.0	27888.0	39340.0	63961.0	100807.0	146405.0	194771.0	245775.0	289229.0	323434.0	378338.0	1139183.0
	12.0	13.0	14.0	15.0	16.0	17.0	18.0	19.0	20.0	21.0	22.0	23.0	24.0	25.0	26.0	27.0	28.0	29.0	30.0	31.0	32.0	33.0	34.0	35.0	36.0	37.0	38.0	39.0	40.0
Cha-APnd_005-Ex1-1E-lcwgs-1-1.2	21.0	571.0	762.0	745.0	805.0	853.0	1094.0	1541.0	2336.0	3505.0	4828.0	6625.0	8448.0	11445.0	51624.0	93438.0	26939.0	23882.0	24494.0	29272.0	42990.0	70768.0	114181.0	164696.0	218634.0	274505.0	326677.0	424386.0	1240302.0
	15.0	16.0	17.0	18.0	19.0	20.0	21.0	22.0	23.0	24.0	25.0	26.0	27.0	28.0	29.0	30.0	31.0	32.0	33.0	34.0	35.0	36.0	37.0	38.0	39.0	40.0
Cha-APnd_006-Ex1-1F-lcwgs-1-1.1	2.0	21.0	53.0	85.0	158.0	410.0	832.0	1574.0	2702.0	4944.0	22663.0	116934.0	22725.0	9231.0	8022.0	8418.0	9728.0	11362.0	13393.0	17391.0	25060.0	37109.0	53030.0	73222.0	104959.0	426712.0
	12.0	13.0	14.0	15.0	16.0	17.0	18.0	19.0	20.0	21.0	22.0	23.0	24.0	25.0	26.0	27.0	28.0	29.0	30.0	31.0	32.0	33.0	34.0	35.0	36.0	37.0	38.0	39.0	40.0
Cha-APnd_006-Ex1-1F-lcwgs-1-1.2	15.0	476.0	678.0	871.0	1173.0	847.0	761.0	1026.0	1474.0	1882.0	2532.0	3249.0	4388.0	6803.0	50781.0	94152.0	18441.0	12654.0	10122.0	9294.0	10109.0	11916.0	15846.0	21861.0	31871.0	48395.0	70510.0	115023.0	423590.0
	16.0	17.0	18.0	19.0	20.0	21.0	22.0	23.0	24.0	25.0	26.0	27.0	28.0	29.0	30.0	31.0	32.0	33.0	34.0	35.0	36.0	37.0	38.0	39.0	40.0
Cha-APnd_007-Ex1-1G-lcwgs-1-1.1	6.0	23.0	31.0	67.0	173.0	361.0	582.0	1008.0	1678.0	4992.0	19619.0	6102.0	5185.0	6304.0	8404.0	12695.0	22011.0	35898.0	51128.0	66065.0	79876.0	89979.0	96047.0	105728.0	291632.0
	12.0	13.0	14.0	15.0	16.0	17.0	18.0	19.0	20.0	21.0	22.0	23.0	24.0	25.0	26.0	27.0	28.0	29.0	30.0	31.0	32.0	33.0	34.0	35.0	36.0	37.0	38.0	39.0	40.0
Cha-APnd_007-Ex1-1G-lcwgs-1-1.2	7.0	120.0	188.0	195.0	249.0	251.0	341.0	486.0	689.0	1029.0	1377.0	1802.0	2154.0	2951.0	9939.0	17520.0	6189.0	6225.0	6826.0	8894.0	14429.0	25155.0	40894.0	57143.0	73093.0	87481.0	99243.0	122160.0	318564.0
	14.0	15.0	16.0	17.0	18.0	19.0	20.0	21.0	22.0	23.0	24.0	25.0	26.0	27.0	28.0	29.0	30.0	31.0	32.0	33.0	34.0	35.0	36.0	37.0	38.0	39.0	40.0
Cha-APnd_008-Ex1-1H-lcwgs-1-1.1	1.0	2.0	7.0	22.0	58.0	158.0	453.0	951.0	1913.0	3411.0	6219.0	24560.0	120865.0	28725.0	18346.0	21333.0	26641.0	35653.0	52748.0	81209.0	122927.0	181773.0	253122.0	319525.0	376351.0	459832.0	1516002.0
	11.0	12.0	13.0	14.0	15.0	16.0	17.0	18.0	19.0	20.0	21.0	22.0	23.0	24.0	25.0	26.0	27.0	28.0	29.0	30.0	31.0	32.0	33.0	34.0	35.0	36.0	37.0	38.0	39.0	40.0
Cha-APnd_008-Ex1-1H-lcwgs-1-1.2	1.0	18.0	469.0	624.0	666.0	773.0	753.0	837.0	1223.0	2026.0	3162.0	4416.0	5737.0	7789.0	10936.0	55571.0	101338.0	27566.0	24265.0	25084.0	29274.0	39590.0	60498.0	94929.0	146368.0	214713.0	293987.0	374833.0	515710.0	1609651.0
	14.0	15.0	16.0	17.0	18.0	19.0	20.0	21.0	22.0	23.0	24.0	25.0	26.0	27.0	28.0	29.0	30.0	31.0	32.0	33.0	34.0	35.0	36.0	37.0	38.0	39.0	40.0
Cha-APnd_009-Ex1-2A-lcwgs-1-1.1	1.0	2.0	13.0	37.0	122.0	235.0	566.0	1318.0	2454.0	4490.0	8052.0	33117.0	174891.0	37914.0	19004.0	19883.0	23147.0	30444.0	46523.0	70759.0	103000.0	143354.0	188572.0	233813.0	272611.0	330750.0	1095340.0
	11.0	12.0	13.0	14.0	15.0	16.0	17.0	18.0	19.0	20.0	21.0	22.0	23.0	24.0	25.0	26.0	27.0	28.0	29.0	30.0	31.0	32.0	33.0	34.0	35.0	36.0	37.0	38.0	39.0	40.0
Cha-APnd_009-Ex1-2A-lcwgs-1-1.2	3.0	28.0	592.0	986.0	1125.0	1508.0	1251.0	1112.0	1507.0	2143.0	3402.0	5096.0	6699.0	9107.0	13873.0	86551.0	134360.0	30951.0	25528.0	24804.0	27026.0	35789.0	54936.0	86292.0	123898.0	169877.0	222738.0	277434.0	385528.0	1106268.0
	15.0	16.0	17.0	18.0	19.0	20.0	21.0	22.0	23.0	24.0	25.0	26.0	27.0	28.0	29.0	30.0	31.0	32.0	33.0	34.0	35.0	36.0	37.0	38.0	39.0	40.0
Cha-APnd_010-Ex1-2B-lcwgs-1-1.1	1.0	4.0	24.0	45.0	95.0	219.0	454.0	866.0	1664.0	2991.0	12183.0	71821.0	16545.0	8541.0	9630.0	11688.0	15148.0	22533.0	34612.0	52096.0	75046.0	103526.0	131121.0	155001.0	187652.0	616021.0
	12.0	13.0	14.0	15.0	16.0	17.0	18.0	19.0	20.0	21.0	22.0	23.0	24.0	25.0	26.0	27.0	28.0	29.0	30.0	31.0	32.0	33.0	34.0	35.0	36.0	37.0	38.0	39.0	40.0
Cha-APnd_010-Ex1-2B-lcwgs-1-1.2	7.0	205.0	461.0	769.0	948.0	737.0	707.0	921.0	1261.0	1574.0	2058.0	2700.0	3581.0	5314.0	32441.0	56411.0	13836.0	11116.0	10996.0	12093.0	16469.0	25185.0	40418.0	61624.0	88940.0	121173.0	153174.0	209163.0	655245.0
	15.0	16.0	17.0	18.0	19.0	20.0	21.0	22.0	23.0	24.0	25.0	26.0	27.0	28.0	29.0	30.0	31.0	32.0	33.0	34.0	35.0	36.0	37.0	38.0	39.0	40.0
Cha-APnd_011-Ex1-2C-lcwgs-1-1.1	6.0	29.0	81.0	128.0	231.0	415.0	893.0	1623.0	2857.0	4885.0	21245.0	119575.0	25921.0	12055.0	11515.0	13246.0	16830.0	24235.0	35026.0	51881.0	73333.0	97788.0	123925.0	147506.0	183447.0	635596.0
	12.0	13.0	14.0	15.0	16.0	17.0	18.0	19.0	20.0	21.0	22.0	23.0	24.0	25.0	26.0	27.0	28.0	29.0	30.0	31.0	32.0	33.0	34.0	35.0	36.0	37.0	38.0	39.0	40.0
Cha-APnd_011-Ex1-2C-lcwgs-1-1.2	14.0	209.0	435.0	654.0	961.0	852.0	886.0	1299.0	1749.0	2165.0	3291.0	4308.0	5585.0	8239.0	56818.0	93168.0	20478.0	15839.0	14117.0	14495.0	18145.0	26595.0	42136.0	62209.0	86607.0	116672.0	148687.0	210629.0	647030.0
	15.0	16.0	17.0	18.0	19.0	20.0	21.0	22.0	23.0	24.0	25.0	26.0	27.0	28.0	29.0	30.0	31.0	32.0	33.0	34.0	35.0	36.0	37.0	38.0	39.0	40.0
Cha-APnd_012-Ex1-2D-lcwgs-1-1.1	1.0	4.0	16.0	41.0	96.0	241.0	523.0	1070.0	1909.0	3427.0	10071.0	44804.0	13929.0	11445.0	14116.0	17924.0	25510.0	42667.0	67635.0	99248.0	136370.0	176542.0	212574.0	238921.0	279836.0	866184.0
	11.0	12.0	13.0	14.0	15.0	16.0	17.0	18.0	19.0	20.0	21.0	22.0	23.0	24.0	25.0	26.0	27.0	28.0	29.0	30.0	31.0	32.0	33.0	34.0	35.0	36.0	37.0	38.0	39.0	40.0
Cha-APnd_012-Ex1-2D-lcwgs-1-1.2	2.0	17.0	259.0	464.0	463.0	661.0	636.0	795.0	985.0	1425.0	2105.0	2864.0	3791.0	4868.0	6574.0	24173.0	37806.0	14114.0	14238.0	15936.0	19902.0	29498.0	49808.0	79546.0	116499.0	158208.0	201378.0	244889.0	324550.0	908650.0
	16.0	17.0	18.0	19.0	20.0	21.0	22.0	23.0	24.0	25.0	26.0	27.0	28.0	29.0	30.0	31.0	32.0	33.0	34.0	35.0	36.0	37.0	38.0	39.0	40.0
Cha-APnd_013-Ex1-2E-lcwgs-1-1.1	8.0	17.0	25.0	67.0	147.0	326.0	656.0	956.0	1578.0	3785.0	15901.0	4786.0	3620.0	3915.0	4861.0	5877.0	7881.0	10955.0	16571.0	23930.0	33407.0	44342.0	54850.0	70189.0	234062.0
	12.0	13.0	14.0	15.0	16.0	17.0	18.0	19.0	20.0	21.0	22.0	23.0	24.0	25.0	26.0	27.0	28.0	29.0	30.0	31.0	32.0	33.0	34.0	35.0	36.0	37.0	38.0	39.0	40.0
Cha-APnd_013-Ex1-2E-lcwgs-1-1.2	6.0	81.0	242.0	343.0	415.0	316.0	376.0	454.0	626.0	816.0	1177.0	1451.0	1899.0	2360.0	8035.0	13434.0	4734.0	4160.0	4500.0	4903.0	6174.0	8358.0	12573.0	19221.0	28219.0	39554.0	52946.0	74906.0	250433.0
	13.0	14.0	15.0	16.0	17.0	18.0	19.0	20.0	21.0	22.0	23.0	24.0	25.0	26.0	27.0	28.0	29.0	30.0	31.0	32.0	33.0	34.0	35.0	36.0	37.0	38.0	39.0	40.0
Cha-APnd_014-Ex1-2F-lcwgs-1-1.1	1.0	1.0	1.0	9.0	25.0	59.0	161.0	391.0	933.0	1648.0	2808.0	4813.0	12822.0	56218.0	18392.0	14705.0	17932.0	22979.0	32801.0	55762.0	92532.0	135440.0	180807.0	222245.0	254845.0	276483.0	315473.0	953265.0
	12.0	13.0	14.0	15.0	16.0	17.0	18.0	19.0	20.0	21.0	22.0	23.0	24.0	25.0	26.0	27.0	28.0	29.0	30.0	31.0	32.0	33.0	34.0	35.0	36.0	37.0	38.0	39.0	40.0
Cha-APnd_014-Ex1-2F-lcwgs-1-1.2	12.0	316.0	496.0	517.0	617.0	591.0	711.0	1064.0	1668.0	2648.0	3733.0	5101.0	6274.0	8268.0	28848.0	48296.0	18025.0	17499.0	19939.0	24306.0	36804.0	64568.0	106355.0	155287.0	201794.0	247296.0	285119.0	360682.0	1026717.0
	15.0	16.0	17.0	18.0	19.0	20.0	21.0	22.0	23.0	24.0	25.0	26.0	27.0	28.0	29.0	30.0	31.0	32.0	33.0	34.0	35.0	36.0	37.0	38.0	39.0	40.0
Cha-APnd_015-Ex1-2G-lcwgs-1-1.1	1.0	13.0	46.0	80.0	160.0	389.0	885.0	1625.0	2781.0	4598.0	12724.0	57859.0	16065.0	10918.0	12292.0	14984.0	18700.0	24979.0	35220.0	50679.0	75254.0	105950.0	140573.0	176186.0	229841.0	847927.0
	11.0	12.0	13.0	14.0	15.0	16.0	17.0	18.0	19.0	20.0	21.0	22.0	23.0	24.0	25.0	26.0	27.0	28.0	29.0	30.0	31.0	32.0	33.0	34.0	35.0	36.0	37.0	38.0	39.0	40.0
Cha-APnd_015-Ex1-2G-lcwgs-1-1.2	1.0	18.0	355.0	596.0	508.0	572.0	557.0	679.0	1002.0	1553.0	2373.0	3462.0	4633.0	5773.0	7707.0	28786.0	49351.0	15852.0	14583.0	15162.0	16952.0	21088.0	29150.0	42559.0	62945.0	91577.0	129456.0	173768.0	255964.0	863747.0
	16.0	17.0	18.0	19.0	20.0	21.0	22.0	23.0	24.0	25.0	26.0	27.0	28.0	29.0	30.0	31.0	32.0	33.0	34.0	35.0	36.0	37.0	38.0	39.0	40.0
Cha-APnd_016-Ex1-2H-lcwgs-1-1.1	7.0	32.0	73.0	160.0	431.0	964.0	1704.0	2840.0	4709.0	10633.0	39144.0	15304.0	14045.0	17808.0	23146.0	34962.0	61295.0	100062.0	144614.0	190732.0	231740.0	259927.0	274136.0	297800.0	828508.0
	11.0	12.0	13.0	14.0	15.0	16.0	17.0	18.0	19.0	20.0	21.0	22.0	23.0	24.0	25.0	26.0	27.0	28.0	29.0	30.0	31.0	32.0	33.0	34.0	35.0	36.0	37.0	38.0	39.0	40.0
Cha-APnd_016-Ex1-2H-lcwgs-1-1.2	1.0	19.0	416.0	543.0	427.0	411.0	439.0	583.0	938.0	1591.0	2507.0	3694.0	4691.0	5853.0	7398.0	21555.0	34689.0	15126.0	15960.0	18186.0	23660.0	38343.0	69480.0	113854.0	162500.0	210839.0	253246.0	283972.0	344841.0	919014.0
	15.0	16.0	17.0	18.0	19.0	20.0	21.0	22.0	23.0	24.0	25.0	26.0	27.0	28.0	29.0	30.0	31.0	32.0	33.0	34.0	35.0	36.0	37.0	38.0	39.0	40.0
Cha-APnd_017-Ex1-3A-lcwgs-1-1.1	3.0	16.0	63.0	133.0	267.0	627.0	1334.0	2760.0	5056.0	9353.0	43676.0	230685.0	44642.0	19454.0	18582.0	21329.0	25804.0	36333.0	52855.0	76330.0	107524.0	145157.0	184010.0	220860.0	282206.0	944172.0
	11.0	12.0	13.0	14.0	15.0	16.0	17.0	18.0	19.0	20.0	21.0	22.0	23.0	24.0	25.0	26.0	27.0	28.0	29.0	30.0	31.0	32.0	33.0	34.0	35.0	36.0	37.0	38.0	39.0	40.0
Cha-APnd_017-Ex1-3A-lcwgs-1-1.2	1.0	29.0	499.0	972.0	1334.0	1847.0	1601.0	1414.0	1615.0	2326.0	3509.0	4906.0	6660.0	9536.0	15097.0	109425.0	175912.0	36328.0	26949.0	23339.0	23854.0	29507.0	42545.0	64278.0	92320.0	129209.0	172655.0	223829.0	321409.0	950326.0
	15.0	16.0	17.0	18.0	19.0	20.0	21.0	22.0	23.0	24.0	25.0	26.0	27.0	28.0	29.0	30.0	31.0	32.0	33.0	34.0	35.0	36.0	37.0	38.0	39.0	40.0
Cha-APnd_018-Ex1-3B-lcwgs-1-1.1	1.0	1.0	6.0	11.0	23.0	63.0	111.0	176.0	298.0	561.0	1886.0	8529.0	2331.0	1654.0	1979.0	2589.0	3666.0	5560.0	8673.0	12836.0	17169.0	20985.0	25557.0	28225.0	33957.0	105391.0
	12.0	13.0	14.0	15.0	16.0	17.0	18.0	19.0	20.0	21.0	22.0	23.0	24.0	25.0	26.0	27.0	28.0	29.0	30.0	31.0	32.0	33.0	34.0	35.0	36.0	37.0	38.0	39.0	40.0
Cha-APnd_018-Ex1-3B-lcwgs-1-1.2	5.0	84.0	195.0	260.0	274.0	255.0	274.0	264.0	372.0	408.0	502.0	541.0	710.0	927.0	3992.0	6915.0	2188.0	2041.0	2162.0	2558.0	3665.0	6080.0	9739.0	14269.0	19112.0	23580.0	28648.0	37693.0	114525.0
	16.0	17.0	18.0	19.0	20.0	21.0	22.0	23.0	24.0	25.0	26.0	27.0	28.0	29.0	30.0	31.0	32.0	33.0	34.0	35.0	36.0	37.0	38.0	39.0	40.0
Cha-APnd_019-Ex1-3C-lcwgs-1-1.1	1.0	1.0	2.0	10.0	23.0	38.0	56.0	111.0	174.0	494.0	1809.0	505.0	434.0	562.0	638.0	949.0	1326.0	1936.0	2900.0	3797.0	4826.0	5699.0	6339.0	7483.0	22398.0
	13.0	14.0	15.0	16.0	17.0	18.0	19.0	20.0	21.0	22.0	23.0	24.0	25.0	26.0	27.0	28.0	29.0	30.0	31.0	32.0	33.0	34.0	35.0	36.0	37.0	38.0	39.0	40.0
Cha-APnd_019-Ex1-3C-lcwgs-1-1.2	8.0	18.0	20.0	29.0	47.0	59.0	104.0	151.0	224.0	218.0	273.0	299.0	342.0	990.0	1599.0	599.0	484.0	613.0	709.0	974.0	1489.0	2219.0	3243.0	4384.0	5400.0	6584.0	8712.0	22720.0
	15.0	16.0	17.0	18.0	19.0	20.0	21.0	22.0	23.0	24.0	25.0	26.0	27.0	28.0	29.0	30.0	31.0	32.0	33.0	34.0	35.0	36.0	37.0	38.0	39.0	40.0
Cha-APnd_020-Ex1-3D-lcwgs-1-1.1	1.0	0.0	7.0	10.0	11.0	19.0	30.0	52.0	93.0	162.0	786.0	4202.0	888.0	392.0	382.0	425.0	568.0	693.0	988.0	1637.0	1592.0	2076.0	2534.0	3049.0	4186.0	13086.0
	13.0	14.0	15.0	16.0	17.0	18.0	19.0	20.0	21.0	22.0	23.0	24.0	25.0	26.0	27.0	28.0	29.0	30.0	31.0	32.0	33.0	34.0	35.0	36.0	37.0	38.0	39.0	40.0
Cha-APnd_020-Ex1-3D-lcwgs-1-1.2	10.0	23.0	39.0	36.0	52.0	87.0	248.0	382.0	278.0	200.0	180.0	226.0	286.0	1991.0	3332.0	743.0	541.0	508.0	459.0	597.0	784.0	1039.0	1509.0	2032.0	2585.0	3391.0	4953.0	11358.0
	16.0	17.0	18.0	19.0	20.0	21.0	22.0	23.0	24.0	25.0	26.0	27.0	28.0	29.0	30.0	31.0	32.0	33.0	34.0	35.0	36.0	37.0	38.0	39.0	40.0
Cha-APnd_021-Ex1-3E-lcwgs-1-1.1	4.0	10.0	17.0	37.0	97.0	215.0	389.0	734.0	1401.0	4914.0	23649.0	5978.0	3780.0	4748.0	5986.0	8494.0	14377.0	22891.0	32732.0	42680.0	51357.0	59998.0	64730.0	76014.0	230504.0
	12.0	13.0	14.0	15.0	16.0	17.0	18.0	19.0	20.0	21.0	22.0	23.0	24.0	25.0	26.0	27.0	28.0	29.0	30.0	31.0	32.0	33.0	34.0	35.0	36.0	37.0	38.0	39.0	40.0
Cha-APnd_021-Ex1-3E-lcwgs-1-1.2	2.0	106.0	199.0	224.0	250.0	210.0	246.0	309.0	458.0	660.0	963.0	1148.0	1520.0	2166.0	10964.0	19428.0	5543.0	4661.0	4919.0	6067.0	9071.0	15677.0	25521.0	36522.0	46926.0	56889.0	67163.0	85072.0	252852.0
	14.0	15.0	16.0	17.0	18.0	19.0	20.0	21.0	22.0	23.0	24.0	25.0	26.0	27.0	28.0	29.0	30.0	31.0	32.0	33.0	34.0	35.0	36.0	37.0	38.0	39.0	40.0
Cha-APnd_022-Ex1-3F-lcwgs-1-1.1	1.0	3.0	15.0	25.0	85.0	149.0	437.0	916.0	1758.0	2930.0	5286.0	17345.0	78729.0	21338.0	15670.0	18294.0	24027.0	36298.0	63913.0	103144.0	145088.0	181764.0	213208.0	236701.0	249444.0	280050.0	782131.0
	12.0	13.0	14.0	15.0	16.0	17.0	18.0	19.0	20.0	21.0	22.0	23.0	24.0	25.0	26.0	27.0	28.0	29.0	30.0	31.0	32.0	33.0	34.0	35.0	36.0	37.0	38.0	39.0	40.0
Cha-APnd_022-Ex1-3F-lcwgs-1-1.2	23.0	427.0	585.0	670.0	739.0	615.0	761.0	1054.0	1693.0	2538.0	3623.0	4636.0	6045.0	8314.0	37252.0	66161.0	20025.0	18064.0	19451.0	24685.0	39486.0	71471.0	115914.0	160019.0	198088.0	231770.0	261004.0	319130.0	864506.0
	18.0	19.0	20.0	21.0	22.0	23.0	24.0	25.0	26.0	27.0	28.0	29.0	30.0	31.0	32.0	33.0	34.0	35.0	36.0	37.0	38.0	39.0	40.0
Cha-APnd_023-Ex1-3G-lcwgs-1-1.1	2.0	1.0	11.0	7.0	20.0	33.0	58.0	113.0	480.0	144.0	120.0	112.0	177.0	280.0	400.0	588.0	773.0	1029.0	1159.0	1337.0	1505.0	1771.0	4957.0
	13.0	14.0	15.0	16.0	17.0	18.0	19.0	20.0	21.0	22.0	23.0	24.0	25.0	26.0	27.0	28.0	29.0	30.0	31.0	32.0	33.0	34.0	35.0	36.0	37.0	38.0	39.0	40.0
Cha-APnd_023-Ex1-3G-lcwgs-1-1.2	5.0	10.0	11.0	14.0	12.0	15.0	27.0	34.0	38.0	49.0	49.0	78.0	75.0	266.0	401.0	156.0	143.0	157.0	191.0	239.0	449.0	602.0	907.0	1081.0	1308.0	1542.0	1949.0	5269.0
	15.0	16.0	17.0	18.0	19.0	20.0	21.0	22.0	23.0	24.0	25.0	26.0	27.0	28.0	29.0	30.0	31.0	32.0	33.0	34.0	35.0	36.0	37.0	38.0	39.0	40.0
Cha-APnd_024-Ex1-3H-lcwgs-1-1.1	1.0	0.0	1.0	4.0	12.0	5.0	12.0	17.0	37.0	52.0	123.0	273.0	177.0	176.0	189.0	224.0	279.0	364.0	546.0	675.0	868.0	886.0	1032.0	1109.0	1396.0	3685.0
	13.0	14.0	15.0	16.0	17.0	18.0	19.0	20.0	21.0	22.0	23.0	24.0	25.0	26.0	27.0	28.0	29.0	30.0	31.0	32.0	33.0	34.0	35.0	36.0	37.0	38.0	39.0	40.0
Cha-APnd_024-Ex1-3H-lcwgs-1-1.2	5.0	8.0	2.0	4.0	21.0	32.0	51.0	49.0	66.0	66.0	76.0	75.0	99.0	219.0	317.0	178.0	149.0	184.0	211.0	265.0	376.0	566.0	708.0	921.0	994.0	1216.0	1571.0	3714.0
	15.0	16.0	17.0	18.0	19.0	20.0	21.0	22.0	23.0	24.0	25.0	26.0	27.0	28.0	29.0	30.0	31.0	32.0	33.0	34.0	35.0	36.0	37.0	38.0	39.0	40.0
Cha-APnd_025-Ex1-4A-lcwgs-1-1.1	3.0	2.0	15.0	23.0	36.0	61.0	107.0	165.0	287.0	434.0	1352.0	5026.0	1203.0	799.0	812.0	1010.0	1204.0	1472.0	1773.0	2313.0	3246.0	4769.0	6835.0	8820.0	12441.0	46733.0
	12.0	13.0	14.0	15.0	16.0	17.0	18.0	19.0	20.0	21.0	22.0	23.0	24.0	25.0	26.0	27.0	28.0	29.0	30.0	31.0	32.0	33.0	34.0	35.0	36.0	37.0	38.0	39.0	40.0
Cha-APnd_025-Ex1-4A-lcwgs-1-1.2	2.0	47.0	71.0	96.0	105.0	130.0	128.0	203.0	255.0	314.0	379.0	469.0	532.0	696.0	2659.0	4145.0	1230.0	1088.0	1020.0	1018.0	1284.0	1620.0	2131.0	2827.0	4184.0	6145.0	8847.0	14287.0	45029.0
	15.0	16.0	17.0	18.0	19.0	20.0	21.0	22.0	23.0	24.0	25.0	26.0	27.0	28.0	29.0	30.0	31.0	32.0	33.0	34.0	35.0	36.0	37.0	38.0	39.0	40.0
Cha-APnd_026-Ex1-4B-lcwgs-1-1.1	4.0	14.0	48.0	82.0	188.0	493.0	1119.0	2104.0	3595.0	5968.0	18523.0	85077.0	23972.0	17179.0	20237.0	25417.0	37807.0	65369.0	108860.0	154870.0	195634.0	229430.0	255491.0	271555.0	308238.0	953225.0
	12.0	13.0	14.0	15.0	16.0	17.0	18.0	19.0	20.0	21.0	22.0	23.0	24.0	25.0	26.0	27.0	28.0	29.0	30.0	31.0	32.0	33.0	34.0	35.0	36.0	37.0	38.0	39.0	40.0
Cha-APnd_026-Ex1-4B-lcwgs-1-1.2	25.0	462.0	684.0	809.0	838.0	751.0	890.0	1402.0	2012.0	3005.0	4115.0	5494.0	7086.0	9740.0	40361.0	72112.0	22623.0	20317.0	21698.0	26467.0	41221.0	74482.0	123095.0	172613.0	214181.0	252244.0	285301.0	350107.0	1030364.0
	14.0	15.0	16.0	17.0	18.0	19.0	20.0	21.0	22.0	23.0	24.0	25.0	26.0	27.0	28.0	29.0	30.0	31.0	32.0	33.0	34.0	35.0	36.0	37.0	38.0	39.0	40.0
Cha-APnd_027-Ex1-4C-lcwgs-1-1.1	1.0	4.0	16.0	29.0	74.0	177.0	413.0	851.0	1602.0	2749.0	5127.0	17734.0	81015.0	22072.0	15519.0	18732.0	24707.0	40647.0	76918.0	127568.0	174981.0	210209.0	232122.0	242831.0	241160.0	254033.0	696700.0
	12.0	13.0	14.0	15.0	16.0	17.0	18.0	19.0	20.0	21.0	22.0	23.0	24.0	25.0	26.0	27.0	28.0	29.0	30.0	31.0	32.0	33.0	34.0	35.0	36.0	37.0	38.0	39.0	40.0
Cha-APnd_027-Ex1-4C-lcwgs-1-1.2	23.0	350.0	558.0	552.0	731.0	779.0	789.0	1099.0	1640.0	2519.0	3531.0	4542.0	6070.0	8658.0	40318.0	66423.0	19955.0	18448.0	20359.0	27050.0	48304.0	91295.0	145798.0	191993.0	224894.0	247067.0	260913.0	304808.0	748525.0
	15.0	16.0	17.0	18.0	19.0	20.0	21.0	22.0	23.0	24.0	25.0	26.0	27.0	28.0	29.0	30.0	31.0	32.0	33.0	34.0	35.0	36.0	37.0	38.0	39.0	40.0
Cha-APnd_028-Ex1-4D-lcwgs-1-1.1	2.0	13.0	32.0	67.0	187.0	400.0	1107.0	1974.0	3247.0	4873.0	10521.0	34765.0	14923.0	15129.0	18232.0	22829.0	29688.0	41788.0	63284.0	96870.0	144936.0	205249.0	262718.0	311928.0	379087.0	1210782.0
	11.0	12.0	13.0	14.0	15.0	16.0	17.0	18.0	19.0	20.0	21.0	22.0	23.0	24.0	25.0	26.0	27.0	28.0	29.0	30.0	31.0	32.0	33.0	34.0	35.0	36.0	37.0	38.0	39.0	40.0
Cha-APnd_028-Ex1-4D-lcwgs-1-1.2	1.0	13.0	203.0	325.0	416.0	521.0	695.0	965.0	1512.0	2293.0	3493.0	5002.0	6566.0	8187.0	9978.0	22590.0	33627.0	17969.0	19078.0	21823.0	26369.0	34413.0	50063.0	77550.0	118613.0	175814.0	243675.0	310852.0	434757.0	1247268.0
	15.0	16.0	17.0	18.0	19.0	20.0	21.0	22.0	23.0	24.0	25.0	26.0	27.0	28.0	29.0	30.0	31.0	32.0	33.0	34.0	35.0	36.0	37.0	38.0	39.0	40.0
Cha-APnd_029-Ex1-4E-lcwgs-1-1.1	5.0	37.0	85.0	147.0	291.0	559.0	1094.0	1982.0	3403.0	5840.0	19972.0	94673.0	24066.0	15890.0	18035.0	22698.0	31733.0	53584.0	87045.0	126777.0	165803.0	203223.0	233425.0	253263.0	287384.0	836569.0
	12.0	13.0	14.0	15.0	16.0	17.0	18.0	19.0	20.0	21.0	22.0	23.0	24.0	25.0	26.0	27.0	28.0	29.0	30.0	31.0	32.0	33.0	34.0	35.0	36.0	37.0	38.0	39.0	40.0
Cha-APnd_029-Ex1-4E-lcwgs-1-1.2	30.0	496.0	699.0	697.0	858.0	825.0	1145.0	1579.0	2087.0	2918.0	3951.0	5018.0	6491.0	8869.0	42997.0	79454.0	21972.0	18630.0	19032.0	22625.0	33816.0	58923.0	97327.0	141555.0	183110.0	223630.0	259968.0	324437.0	924444.0
	15.0	16.0	17.0	18.0	19.0	20.0	21.0	22.0	23.0	24.0	25.0	26.0	27.0	28.0	29.0	30.0	31.0	32.0	33.0	34.0	35.0	36.0	37.0	38.0	39.0	40.0
Cha-APnd_030-Ex1-4F-lcwgs-1-1.1	2.0	12.0	26.0	47.0	74.0	178.0	320.0	477.0	865.0	1430.0	4536.0	19572.0	5651.0	4398.0	5116.0	6537.0	8111.0	11202.0	15904.0	23248.0	34624.0	51944.0	70517.0	89413.0	117132.0	415997.0
	12.0	13.0	14.0	15.0	16.0	17.0	18.0	19.0	20.0	21.0	22.0	23.0	24.0	25.0	26.0	27.0	28.0	29.0	30.0	31.0	32.0	33.0	34.0	35.0	36.0	37.0	38.0	39.0	40.0
Cha-APnd_030-Ex1-4F-lcwgs-1-1.2	7.0	121.0	149.0	198.0	250.0	274.0	334.0	479.0	652.0	817.0	1195.0	1586.0	2071.0	2678.0	9761.0	17112.0	5902.0	5678.0	6232.0	7243.0	8985.0	12739.0	18799.0	28683.0	43240.0	63735.0	86712.0	128366.0	433335.0
	15.0	16.0	17.0	18.0	19.0	20.0	21.0	22.0	23.0	24.0	25.0	26.0	27.0	28.0	29.0	30.0	31.0	32.0	33.0	34.0	35.0	36.0	37.0	38.0	39.0	40.0
Cha-APnd_031-Ex1-4G-lcwgs-1-1.1	4.0	14.0	45.0	69.0	88.0	161.0	294.0	478.0	791.0	1251.0	3261.0	13422.0	3575.0	2472.0	2652.0	3016.0	3682.0	4580.0	5674.0	7688.0	10890.0	16294.0	22425.0	30670.0	44170.0	182557.0
	12.0	13.0	14.0	15.0	16.0	17.0	18.0	19.0	20.0	21.0	22.0	23.0	24.0	25.0	26.0	27.0	28.0	29.0	30.0	31.0	32.0	33.0	34.0	35.0	36.0	37.0	38.0	39.0	40.0
Cha-APnd_031-Ex1-4G-lcwgs-1-1.2	6.0	104.0	165.0	187.0	286.0	288.0	360.0	438.0	599.0	730.0	974.0	1208.0	1458.0	1951.0	6633.0	11455.0	3766.0	3257.0	3220.0	3638.0	4128.0	5150.0	6677.0	9466.0	14035.0	20719.0	29876.0	48689.0	180760.0
	16.0	17.0	18.0	19.0	20.0	21.0	22.0	23.0	24.0	25.0	26.0	27.0	28.0	29.0	30.0	31.0	32.0	33.0	34.0	35.0	36.0	37.0	38.0	39.0	40.0
Cha-APnd_032-Ex1-4H-lcwgs-1-1.1	5.0	19.0	48.0	148.0	446.0	1075.0	1934.0	3212.0	5170.0	12788.0	49212.0	16916.0	14741.0	17819.0	22852.0	34394.0	58314.0	91805.0	128512.0	164714.0	200539.0	226563.0	245939.0	280654.0	847197.0
	12.0	13.0	14.0	15.0	16.0	17.0	18.0	19.0	20.0	21.0	22.0	23.0	24.0	25.0	26.0	27.0	28.0	29.0	30.0	31.0	32.0	33.0	34.0	35.0	36.0	37.0	38.0	39.0	40.0
Cha-APnd_032-Ex1-4H-lcwgs-1-1.2	12.0	255.0	394.0	433.0	526.0	548.0	682.0	1004.0	1861.0	2762.0	4024.0	5392.0	6858.0	8864.0	25941.0	43396.0	17356.0	17471.0	19326.0	24074.0	38144.0	65993.0	103023.0	144098.0	182314.0	219668.0	254428.0	319879.0	916290.0
	16.0	17.0	18.0	19.0	20.0	21.0	22.0	23.0	24.0	25.0	26.0	27.0	28.0	29.0	30.0	31.0	32.0	33.0	34.0	35.0	36.0	37.0	38.0	39.0	40.0
Cha-APnd_033-Ex1-5A-lcwgs-1-1.1	1.0	1.0	6.0	5.0	5.0	9.0	21.0	33.0	59.0	143.0	387.0	125.0	111.0	112.0	137.0	165.0	212.0	327.0	404.0	462.0	567.0	646.0	704.0	982.0	2704.0
	13.0	14.0	15.0	16.0	17.0	18.0	19.0	20.0	21.0	22.0	23.0	24.0	25.0	26.0	27.0	28.0	29.0	30.0	31.0	32.0	33.0	34.0	35.0	36.0	37.0	38.0	39.0	40.0
Cha-APnd_033-Ex1-5A-lcwgs-1-1.2	1.0	6.0	5.0	9.0	15.0	29.0	54.0	71.0	111.0	98.0	95.0	86.0	98.0	270.0	350.0	142.0	133.0	119.0	139.0	144.0	215.0	340.0	421.0	487.0	629.0	741.0	1030.0	2490.0
	16.0	17.0	18.0	19.0	20.0	21.0	22.0	23.0	24.0	25.0	26.0	27.0	28.0	29.0	30.0	31.0	32.0	33.0	34.0	35.0	36.0	37.0	38.0	39.0	40.0
Cha-APnd_034-Ex1-5B-lcwgs-1-1.1	2.0	2.0	2.0	9.0	17.0	37.0	78.0	143.0	266.0	1243.0	6892.0	1301.0	493.0	422.0	480.0	672.0	1029.0	1536.0	1940.0	2377.0	2711.0	2720.0	2737.0	3076.0	9810.0
	13.0	14.0	15.0	16.0	17.0	18.0	19.0	20.0	21.0	22.0	23.0	24.0	25.0	26.0	27.0	28.0	29.0	30.0	31.0	32.0	33.0	34.0	35.0	36.0	37.0	38.0	39.0	40.0
Cha-APnd_034-Ex1-5B-lcwgs-1-1.2	20.0	30.0	54.0	53.0	41.0	52.0	83.0	92.0	86.0	110.0	146.0	174.0	295.0	2859.0	5505.0	1075.0	659.0	513.0	461.0	669.0	1062.0	1694.0	2167.0	2679.0	2846.0	3016.0	3697.0	9857.0
	16.0	17.0	18.0	19.0	20.0	21.0	22.0	23.0	24.0	25.0	26.0	27.0	28.0	29.0	30.0	31.0	32.0	33.0	34.0	35.0	36.0	37.0	38.0	39.0	40.0
Cha-APnd_035-Ex1-5C-lcwgs-1-1.1	4.0	19.0	43.0	84.0	213.0	423.0	768.0	1368.0	2149.0	10437.0	52873.0	11365.0	6220.0	6691.0	8080.0	10917.0	17205.0	28297.0	44486.0	64291.0	80874.0	91336.0	93080.0	103089.0	333326.0
	12.0	13.0	14.0	15.0	16.0	17.0	18.0	19.0	20.0	21.0	22.0	23.0	24.0	25.0	26.0	27.0	28.0	29.0	30.0	31.0	32.0	33.0	34.0	35.0	36.0	37.0	38.0	39.0	40.0
Cha-APnd_035-Ex1-5C-lcwgs-1-1.2	5.0	121.0	192.0	204.0	302.0	266.0	347.0	543.0	860.0	1264.0	1667.0	2310.0	2930.0	4089.0	25522.0	42668.0	10537.0	8567.0	8437.0	9690.0	13123.0	21267.0	35196.0	53668.0	74325.0	91278.0	103622.0	132411.0	322227.0
	16.0	17.0	18.0	19.0	20.0	21.0	22.0	23.0	24.0	25.0	26.0	27.0	28.0	29.0	30.0	31.0	32.0	33.0	34.0	35.0	36.0	37.0	38.0	39.0	40.0
Cha-APnd_036-Ex1-5D-lcwgs-1-1.1	4.0	15.0	31.0	36.0	99.0	210.0	370.0	637.0	1226.0	6779.0	34860.0	7122.0	3654.0	3880.0	4630.0	6016.0	7840.0	10445.0	14450.0	20405.0	27810.0	36431.0	47243.0	73003.0	339272.0
	12.0	13.0	14.0	15.0	16.0	17.0	18.0	19.0	20.0	21.0	22.0	23.0	24.0	25.0	26.0	27.0	28.0	29.0	30.0	31.0	32.0	33.0	34.0	35.0	36.0	37.0	38.0	39.0	40.0
Cha-APnd_036-Ex1-5D-lcwgs-1-1.2	6.0	81.0	127.0	133.0	178.0	227.0	352.0	565.0	864.0	1212.0	1428.0	1744.0	2243.0	3081.0	16970.0	29420.0	7504.0	6264.0	6149.0	6909.0	8231.0	10692.0	14714.0	20386.0	28906.0	39590.0	55619.0	98680.0	284193.0
	15.0	16.0	17.0	18.0	19.0	20.0	21.0	22.0	23.0	24.0	25.0	26.0	27.0	28.0	29.0	30.0	31.0	32.0	33.0	34.0	35.0	36.0	37.0	38.0	39.0	40.0
Cha-APnd_037-Ex1-5E-lcwgs-1-1.1	3.0	10.0	17.0	34.0	60.0	124.0	230.0	429.0	661.0	1144.0	5921.0	31948.0	6595.0	2980.0	2994.0	3544.0	4450.0	5531.0	7063.0	9526.0	13692.0	18309.0	25913.0	34639.0	57704.0	291432.0
	12.0	13.0	14.0	15.0	16.0	17.0	18.0	19.0	20.0	21.0	22.0	23.0	24.0	25.0	26.0	27.0	28.0	29.0	30.0	31.0	32.0	33.0	34.0	35.0	36.0	37.0	38.0	39.0	40.0
Cha-APnd_037-Ex1-5E-lcwgs-1-1.2	4.0	64.0	103.0	118.0	199.0	238.0	418.0	739.0	919.0	1162.0	1391.0	1587.0	2096.0	2778.0	14665.0	27634.0	6993.0	5505.0	5322.0	5834.0	6682.0	8087.0	10010.0	14038.0	19548.0	27397.0	39748.0	70770.0	250904.0
	15.0	16.0	17.0	18.0	19.0	20.0	21.0	22.0	23.0	24.0	25.0	26.0	27.0	28.0	29.0	30.0	31.0	32.0	33.0	34.0	35.0	36.0	37.0	38.0	39.0	40.0
Cha-APnd_038-Ex1-5F-lcwgs-1-1.1	5.0	7.0	30.0	52.0	81.0	184.0	391.0	617.0	1089.0	1715.0	5112.0	21352.0	6459.0	5175.0	6201.0	7960.0	9931.0	12806.0	16697.0	23042.0	31615.0	44975.0	61817.0	85579.0	140939.0	719835.0
	12.0	13.0	14.0	15.0	16.0	17.0	18.0	19.0	20.0	21.0	22.0	23.0	24.0	25.0	26.0	27.0	28.0	29.0	30.0	31.0	32.0	33.0	34.0	35.0	36.0	37.0	38.0	39.0	40.0
Cha-APnd_038-Ex1-5F-lcwgs-1-1.2	8.0	79.0	143.0	183.0	257.0	412.0	744.0	1303.0	1917.0	2607.0	3333.0	4041.0	5015.0	6124.0	14332.0	22878.0	10940.0	11085.0	12441.0	13900.0	16210.0	19959.0	25606.0	34504.0	48033.0	67780.0	99263.0	176474.0	604095.0
	18.0	19.0	20.0	21.0	22.0	23.0	24.0	25.0	26.0	27.0	28.0	29.0	30.0	31.0	32.0	33.0	34.0	35.0	36.0	37.0	38.0	39.0	40.0
Cha-APnd_039-Ex1-5G-lcwgs-1-1.1	3.0	0.0	2.0	9.0	10.0	21.0	46.0	103.0	412.0	120.0	80.0	90.0	132.0	137.0	195.0	251.0	346.0	383.0	553.0	684.0	865.0	1395.0	6121.0
	14.0	15.0	16.0	17.0	18.0	19.0	20.0	21.0	22.0	23.0	24.0	25.0	26.0	27.0	28.0	29.0	30.0	31.0	32.0	33.0	34.0	35.0	36.0	37.0	38.0	39.0	40.0
Cha-APnd_039-Ex1-5G-lcwgs-1-1.2	3.0	9.0	12.0	12.0	27.0	51.0	59.0	57.0	77.0	68.0	68.0	88.0	241.0	412.0	128.0	139.0	142.0	152.0	175.0	239.0	280.0	393.0	493.0	665.0	987.0	1706.0	5275.0
	16.0	17.0	18.0	19.0	20.0	21.0	22.0	23.0	24.0	25.0	26.0	27.0	28.0	29.0	30.0	31.0	32.0	33.0	34.0	35.0	36.0	37.0	38.0	39.0	40.0
Cha-APnd_040-Ex1-5H-lcwgs-1-1.1	1.0	1.0	1.0	9.0	7.0	14.0	22.0	35.0	55.0	146.0	499.0	160.0	131.0	167.0	192.0	248.0	318.0	470.0	569.0	720.0	824.0	884.0	1108.0	1633.0	5855.0
	13.0	14.0	15.0	16.0	17.0	18.0	19.0	20.0	21.0	22.0	23.0	24.0	25.0	26.0	27.0	28.0	29.0	30.0	31.0	32.0	33.0	34.0	35.0	36.0	37.0	38.0	39.0	40.0
Cha-APnd_040-Ex1-5H-lcwgs-1-1.2	4.0	4.0	4.0	10.0	20.0	30.0	57.0	56.0	81.0	77.0	71.0	75.0	99.0	293.0	474.0	184.0	184.0	193.0	180.0	274.0	357.0	495.0	651.0	826.0	980.0	1201.0	1874.0	5315.0
	17.0	18.0	19.0	20.0	21.0	22.0	23.0	24.0	25.0	26.0	27.0	28.0	29.0	30.0	31.0	32.0	33.0	34.0	35.0	36.0	37.0	38.0	39.0	40.0
Cha-CPnd_009-Ex1-8D-lcwgs-1-1.1	3.0	9.0	20.0	34.0	86.0	135.0	283.0	509.0	2737.0	15066.0	3101.0	1273.0	1165.0	1474.0	1665.0	1999.0	2610.0	3172.0	3840.0	5005.0	6586.0	9495.0	18495.0	98638.0
	12.0	13.0	14.0	15.0	16.0	17.0	18.0	19.0	20.0	21.0	22.0	23.0	24.0	25.0	26.0	27.0	28.0	29.0	30.0	31.0	32.0	33.0	34.0	35.0	36.0	37.0	38.0	39.0	40.0
Cha-CPnd_009-Ex1-8D-lcwgs-1-1.2	10.0	72.0	117.0	203.0	323.0	405.0	435.0	528.0	569.0	677.0	777.0	896.0	1130.0	1600.0	7451.0	13003.0	3235.0	2595.0	2510.0	2593.0	2971.0	3514.0	4365.0	5380.0	6759.0	9197.0	13506.0	26110.0	66469.0
	15.0	16.0	17.0	18.0	19.0	20.0	21.0	22.0	23.0	24.0	25.0	26.0	27.0	28.0	29.0	30.0	31.0	32.0	33.0	34.0	35.0	36.0	37.0	38.0	39.0	40.0
Cha-CPnd_010-Ex1-7D-lcwgs-1-1.1	6.0	5.0	26.0	110.0	187.0	411.0	664.0	978.0	1523.0	2417.0	8007.0	40099.0	10911.0	7177.0	8443.0	10708.0	14379.0	21929.0	31645.0	40471.0	48654.0	56879.0	66756.0	85089.0	140533.0	767271.0
	12.0	13.0	14.0	15.0	16.0	17.0	18.0	19.0	20.0	21.0	22.0	23.0	24.0	25.0	26.0	27.0	28.0	29.0	30.0	31.0	32.0	33.0	34.0	35.0	36.0	37.0	38.0	39.0	40.0
Cha-CPnd_010-Ex1-7D-lcwgs-1-1.2	4.0	117.0	226.0	273.0	401.0	740.0	1570.0	2446.0	3365.0	4264.0	5254.0	6281.0	7348.0	9003.0	24251.0	39594.0	16725.0	16347.0	17604.0	19636.0	25109.0	33727.0	44752.0	55277.0	66468.0	80175.0	105628.0	179862.0	598831.0
	16.0	17.0	18.0	19.0	20.0	21.0	22.0	23.0	24.0	25.0	26.0	27.0	28.0	29.0	30.0	31.0	32.0	33.0	34.0	35.0	36.0	37.0	38.0	39.0	40.0
Cha-CPnd_011-Ex1-7C-lcwgs-1-1.1	1.0	2.0	3.0	10.0	18.0	25.0	56.0	105.0	158.0	614.0	2983.0	670.0	468.0	505.0	645.0	866.0	1124.0	1412.0	1786.0	2191.0	2780.0	3576.0	4914.0	9418.0	49064.0
	13.0	14.0	15.0	16.0	17.0	18.0	19.0	20.0	21.0	22.0	23.0	24.0	25.0	26.0	27.0	28.0	29.0	30.0	31.0	32.0	33.0	34.0	35.0	36.0	37.0	38.0	39.0	40.0
Cha-CPnd_011-Ex1-7C-lcwgs-1-1.2	8.0	18.0	17.0	37.0	37.0	109.0	165.0	199.0	245.0	333.0	380.0	466.0	576.0	1878.0	2834.0	1109.0	1041.0	1036.0	1248.0	1477.0	1818.0	2210.0	2844.0	3528.0	4718.0	6850.0	13160.0	35053.0
	16.0	17.0	18.0	19.0	20.0	21.0	22.0	23.0	24.0	25.0	26.0	27.0	28.0	29.0	30.0	31.0	32.0	33.0	34.0	35.0	36.0	37.0	38.0	39.0	40.0
Cha-CPnd_013-Ex1-8G-lcwgs-1-1.1	6.0	31.0	105.0	213.0	329.0	543.0	910.0	1472.0	2378.0	9633.0	48487.0	11174.0	6578.0	7529.0	9397.0	12905.0	20813.0	30986.0	39848.0	46358.0	52575.0	58860.0	71043.0	107696.0	568077.0
	11.0	12.0	13.0	14.0	15.0	16.0	17.0	18.0	19.0	20.0	21.0	22.0	23.0	24.0	25.0	26.0	27.0	28.0	29.0	30.0	31.0	32.0	33.0	34.0	35.0	36.0	37.0	38.0	39.0	40.0
Cha-CPnd_013-Ex1-8G-lcwgs-1-1.2	1.0	6.0	195.0	361.0	383.0	431.0	653.0	949.0	1488.0	2051.0	2767.0	3520.0	4164.0	5084.0	6789.0	26429.0	42261.0	13674.0	12657.0	13348.0	15277.0	19933.0	29537.0	40992.0	50880.0	58739.0	69190.0	86703.0	141906.0	457578.0
	15.0	16.0	17.0	18.0	19.0	20.0	21.0	22.0	23.0	24.0	25.0	26.0	27.0	28.0	29.0	30.0	31.0	32.0	33.0	34.0	35.0	36.0	37.0	38.0	39.0	40.0
Cha-CPnd_014-Ex1-7F-lcwgs-1-1.1	3.0	13.0	52.0	165.0	302.0	558.0	1005.0	1489.0	2373.0	3508.0	9507.0	39095.0	13467.0	11599.0	14326.0	18393.0	25711.0	40175.0	58528.0	75228.0	89877.0	105021.0	123720.0	156344.0	255664.0	1440149.0
	12.0	13.0	14.0	15.0	16.0	17.0	18.0	19.0	20.0	21.0	22.0	23.0	24.0	25.0	26.0	27.0	28.0	29.0	30.0	31.0	32.0	33.0	34.0	35.0	36.0	37.0	38.0	39.0	40.0
Cha-CPnd_014-Ex1-7F-lcwgs-1-1.2	8.0	177.0	349.0	386.0	605.0	1256.0	2610.0	4076.0	5831.0	7550.0	9258.0	10983.0	12617.0	15175.0	30417.0	45612.0	26262.0	27527.0	30627.0	35475.0	45390.0	61898.0	82737.0	103077.0	122604.0	148467.0	193887.0	328175.0	1133236.0
	15.0	16.0	17.0	18.0	19.0	20.0	21.0	22.0	23.0	24.0	25.0	26.0	27.0	28.0	29.0	30.0	31.0	32.0	33.0	34.0	35.0	36.0	37.0	38.0	39.0	40.0
Cha-CPnd_015-Ex1-7E-lcwgs-1-1.1	2.0	7.0	19.0	57.0	122.0	225.0	402.0	625.0	930.0	1343.0	3746.0	15747.0	5258.0	4338.0	5270.0	6753.0	9304.0	14545.0	21214.0	27803.0	33862.0	38906.0	45670.0	56975.0	91400.0	494741.0
	12.0	13.0	14.0	15.0	16.0	17.0	18.0	19.0	20.0	21.0	22.0	23.0	24.0	25.0	26.0	27.0	28.0	29.0	30.0	31.0	32.0	33.0	34.0	35.0	36.0	37.0	38.0	39.0	40.0
Cha-CPnd_015-Ex1-7E-lcwgs-1-1.2	6.0	58.0	102.0	120.0	201.0	410.0	824.0	1321.0	1942.0	2488.0	3146.0	3732.0	4557.0	5352.0	11718.0	17168.0	9308.0	9922.0	10874.0	12917.0	16141.0	22651.0	30575.0	38168.0	45194.0	54248.0	70459.0	119559.0	386103.0
	16.0	17.0	18.0	19.0	20.0	21.0	22.0	23.0	24.0	25.0	26.0	27.0	28.0	29.0	30.0	31.0	32.0	33.0	34.0	35.0	36.0	37.0	38.0	39.0	40.0
Cha-CPnd_016-Ex1-6E-lcwgs-1-1.1	6.0	12.0	30.0	60.0	112.0	182.0	284.0	381.0	661.0	1912.0	7652.0	2365.0	1927.0	2442.0	2959.0	4151.0	6466.0	9219.0	11704.0	13524.0	15815.0	18553.0	23536.0	39070.0	196996.0
	12.0	13.0	14.0	15.0	16.0	17.0	18.0	19.0	20.0	21.0	22.0	23.0	24.0	25.0	26.0	27.0	28.0	29.0	30.0	31.0	32.0	33.0	34.0	35.0	36.0	37.0	38.0	39.0	40.0
Cha-CPnd_016-Ex1-6E-lcwgs-1-1.2	1.0	50.0	85.0	85.0	104.0	243.0	388.0	656.0	981.0	1198.0	1445.0	1706.0	2112.0	2395.0	5509.0	8054.0	4238.0	4433.0	4946.0	5580.0	7093.0	9991.0	12814.0	15912.0	18577.0	22122.0	29399.0	49825.0	150077.0
	15.0	16.0	17.0	18.0	19.0	20.0	21.0	22.0	23.0	24.0	25.0	26.0	27.0	28.0	29.0	30.0	31.0	32.0	33.0	34.0	35.0	36.0	37.0	38.0	39.0	40.0
Cha-CPnd_017-Ex1-8E-lcwgs-1-1.1	5.0	21.0	46.0	135.0	264.0	495.0	831.0	1451.0	2494.0	4499.0	16929.0	77952.0	18435.0	11286.0	12508.0	15286.0	19191.0	25158.0	33099.0	43382.0	54306.0	68589.0	87838.0	120965.0	216509.0	1274709.0
	11.0	12.0	13.0	14.0	15.0	16.0	17.0	18.0	19.0	20.0	21.0	22.0	23.0	24.0	25.0	26.0	27.0	28.0	29.0	30.0	31.0	32.0	33.0	34.0	35.0	36.0	37.0	38.0	39.0	40.0
Cha-CPnd_017-Ex1-8E-lcwgs-1-1.2	1.0	226.0	3843.0	4124.0	3411.0	4580.0	7094.0	9061.0	10080.0	10426.0	11079.0	11744.0	13061.0	14779.0	18459.0	50427.0	74648.0	29987.0	28709.0	29964.0	33260.0	38035.0	45553.0	56414.0	69075.0	86634.0	111585.0	157861.0	285090.0	887173.0
	15.0	16.0	17.0	18.0	19.0	20.0	21.0	22.0	23.0	24.0	25.0	26.0	27.0	28.0	29.0	30.0	31.0	32.0	33.0	34.0	35.0	36.0	37.0	38.0	39.0	40.0
Cha-CPnd_018-Ex1-6C-lcwgs-1-1.1	1.0	7.0	28.0	76.0	174.0	254.0	413.0	685.0	929.0	1640.0	3743.0	12386.0	5055.0	5042.0	6369.0	8334.0	11283.0	16689.0	24283.0	31475.0	38187.0	45422.0	55014.0	72873.0	126800.0	687814.0
	12.0	13.0	14.0	15.0	16.0	17.0	18.0	19.0	20.0	21.0	22.0	23.0	24.0	25.0	26.0	27.0	28.0	29.0	30.0	31.0	32.0	33.0	34.0	35.0	36.0	37.0	38.0	39.0	40.0
Cha-CPnd_018-Ex1-6C-lcwgs-1-1.2	8.0	89.0	163.0	132.0	255.0	558.0	1196.0	2043.0	2876.0	3638.0	4591.0	5559.0	6469.0	7613.0	12947.0	17209.0	12576.0	13933.0	15629.0	18037.0	22206.0	28802.0	37710.0	46359.0	55697.0	68456.0	93640.0	163635.0	512950.0
	15.0	16.0	17.0	18.0	19.0	20.0	21.0	22.0	23.0	24.0	25.0	26.0	27.0	28.0	29.0	30.0	31.0	32.0	33.0	34.0	35.0	36.0	37.0	38.0	39.0	40.0
Cha-CPnd_021-Ex1-5F-lcwgs-1-1.1	5.0	14.0	53.0	181.0	359.0	664.0	1125.0	1646.0	2547.0	4049.0	12057.0	54276.0	15511.0	11729.0	14052.0	17853.0	24676.0	38531.0	56326.0	72781.0	86048.0	99138.0	115619.0	145277.0	233606.0	1284128.0
	12.0	13.0	14.0	15.0	16.0	17.0	18.0	19.0	20.0	21.0	22.0	23.0	24.0	25.0	26.0	27.0	28.0	29.0	30.0	31.0	32.0	33.0	34.0	35.0	36.0	37.0	38.0	39.0	40.0
Cha-CPnd_021-Ex1-5F-lcwgs-1-1.2	6.0	232.0	337.0	399.0	572.0	1034.0	2179.0	3482.0	4958.0	6282.0	7856.0	9223.0	11021.0	13541.0	34193.0	55101.0	25037.0	25252.0	27469.0	31695.0	40720.0	56955.0	77043.0	96221.0	112969.0	136792.0	176524.0	295977.0	1039181.0
	16.0	17.0	18.0	19.0	20.0	21.0	22.0	23.0	24.0	25.0	26.0	27.0	28.0	29.0	30.0	31.0	32.0	33.0	34.0	35.0	36.0	37.0	38.0	39.0	40.0
Cha-CPnd_022-Ex1-6H-lcwgs-1-1.1	10.0	23.0	85.0	166.0	342.0	606.0	983.0	1541.0	2381.0	7939.0	35255.0	9605.0	7099.0	8774.0	10850.0	15228.0	23072.0	33130.0	43035.0	52218.0	61342.0	72617.0	92043.0	152516.0	815672.0
	12.0	13.0	14.0	15.0	16.0	17.0	18.0	19.0	20.0	21.0	22.0	23.0	24.0	25.0	26.0	27.0	28.0	29.0	30.0	31.0	32.0	33.0	34.0	35.0	36.0	37.0	38.0	39.0	40.0
Cha-CPnd_022-Ex1-6H-lcwgs-1-1.2	4.0	207.0	292.0	281.0	376.0	686.0	1314.0	2147.0	3178.0	3794.0	4845.0	5824.0	6791.0	8212.0	21949.0	34997.0	15433.0	15415.0	16804.0	19208.0	24670.0	33723.0	44909.0	57354.0	68998.0	85191.0	111848.0	190002.0	668080.0
	17.0	18.0	19.0	20.0	21.0	22.0	23.0	24.0	25.0	26.0	27.0	28.0	29.0	30.0	31.0	32.0	33.0	34.0	35.0	36.0	37.0	38.0	39.0	40.0
Cha-CPnd_023-Ex1-1G-lcwgs-1-1.1	3.0	13.0	24.0	48.0	75.0	137.0	251.0	426.0	2118.0	9395.0	2043.0	1190.0	1375.0	1581.0	2018.0	2582.0	3206.0	4177.0	5327.0	6447.0	7974.0	11128.0	20359.0	95122.0
	13.0	14.0	15.0	16.0	17.0	18.0	19.0	20.0	21.0	22.0	23.0	24.0	25.0	26.0	27.0	28.0	29.0	30.0	31.0	32.0	33.0	34.0	35.0	36.0	37.0	38.0	39.0	40.0
Cha-CPnd_023-Ex1-1G-lcwgs-1-1.2	36.0	52.0	47.0	74.0	156.0	226.0	396.0	512.0	634.0	783.0	856.0	1061.0	1384.0	5283.0	8507.0	2731.0	2434.0	2466.0	2629.0	3111.0	3974.0	5031.0	6257.0	7934.0	10294.0	14951.0	27313.0	67887.0
	15.0	16.0	17.0	18.0	19.0	20.0	21.0	22.0	23.0	24.0	25.0	26.0	27.0	28.0	29.0	30.0	31.0	32.0	33.0	34.0	35.0	36.0	37.0	38.0	39.0	40.0
Cha-CPnd_024-Ex1-4A-lcwgs-1-1.1	1.0	3.0	13.0	56.0	144.0	286.0	390.0	675.0	1016.0	1558.0	4076.0	15308.0	5510.0	4915.0	6101.0	7542.0	10267.0	14839.0	20397.0	26792.0	32964.0	39779.0	49307.0	66363.0	114957.0	644848.0
	11.0	12.0	13.0	14.0	15.0	16.0	17.0	18.0	19.0	20.0	21.0	22.0	23.0	24.0	25.0	26.0	27.0	28.0	29.0	30.0	31.0	32.0	33.0	34.0	35.0	36.0	37.0	38.0	39.0	40.0
Cha-CPnd_024-Ex1-4A-lcwgs-1-1.2	1.0	6.0	114.0	159.0	163.0	300.0	680.0	1571.0	2511.0	3283.0	4195.0	4902.0	5504.0	6361.0	7543.0	13329.0	19568.0	12034.0	12905.0	14089.0	16061.0	19029.0	24812.0	31912.0	39797.0	48566.0	61605.0	84614.0	149765.0	482728.0
	15.0	16.0	17.0	18.0	19.0	20.0	21.0	22.0	23.0	24.0	25.0	26.0	27.0	28.0	29.0	30.0	31.0	32.0	33.0	34.0	35.0	36.0	37.0	38.0	39.0	40.0
Cha-CPnd_025-Ex1-2H-lcwgs-1-1.1	2.0	11.0	36.0	90.0	210.0	322.0	624.0	837.0	1259.0	1848.0	3440.0	9630.0	5399.0	6037.0	7655.0	9926.0	13103.0	18485.0	25383.0	32587.0	40696.0	50457.0	63682.0	86263.0	152797.0	867075.0
	12.0	13.0	14.0	15.0	16.0	17.0	18.0	19.0	20.0	21.0	22.0	23.0	24.0	25.0	26.0	27.0	28.0	29.0	30.0	31.0	32.0	33.0	34.0	35.0	36.0	37.0	38.0	39.0	40.0
Cha-CPnd_025-Ex1-2H-lcwgs-1-1.2	7.0	140.0	248.0	208.0	354.0	831.0	1691.0	2817.0	3892.0	4828.0	5851.0	6735.0	7859.0	9065.0	12865.0	17180.0	14397.0	16343.0	18648.0	21253.0	25342.0	32216.0	40305.0	49774.0	61916.0	78472.0	109332.0	194794.0	660491.0
	16.0	17.0	18.0	19.0	20.0	21.0	22.0	23.0	24.0	25.0	26.0	27.0	28.0	29.0	30.0	31.0	32.0	33.0	34.0	35.0	36.0	37.0	38.0	39.0	40.0
Cha-CPnd_026-Ex1-8H-lcwgs-1-1.1	5.0	14.0	66.0	135.0	224.0	410.0	667.0	1117.0	1822.0	5618.0	26172.0	7140.0	5288.0	6275.0	7813.0	10654.0	15780.0	22710.0	29715.0	35795.0	42467.0	50971.0	66834.0	111084.0	636023.0
	12.0	13.0	14.0	15.0	16.0	17.0	18.0	19.0	20.0	21.0	22.0	23.0	24.0	25.0	26.0	27.0	28.0	29.0	30.0	31.0	32.0	33.0	34.0	35.0	36.0	37.0	38.0	39.0	40.0
Cha-CPnd_026-Ex1-8H-lcwgs-1-1.2	14.0	218.0	324.0	327.0	375.0	600.0	1082.0	1727.0	2417.0	3132.0	3711.0	4573.0	5457.0	6919.0	16590.0	26728.0	11997.0	12226.0	13471.0	15174.0	18935.0	25199.0	33088.0	41953.0	50335.0	62261.0	83587.0	144424.0	497955.0
	15.0	16.0	17.0	18.0	19.0	20.0	21.0	22.0	23.0	24.0	25.0	26.0	27.0	28.0	29.0	30.0	31.0	32.0	33.0	34.0	35.0	36.0	37.0	38.0	39.0	40.0
Cha-CPnd_027-Ex1-5E-lcwgs-1-1.1	2.0	1.0	16.0	40.0	109.0	207.0	300.0	490.0	733.0	1202.0	3529.0	14472.0	4401.0	3540.0	4119.0	5353.0	7493.0	11499.0	16710.0	21034.0	25692.0	29246.0	34937.0	44461.0	74181.0	398164.0
	12.0	13.0	14.0	15.0	16.0	17.0	18.0	19.0	20.0	21.0	22.0	23.0	24.0	25.0	26.0	27.0	28.0	29.0	30.0	31.0	32.0	33.0	34.0	35.0	36.0	37.0	38.0	39.0	40.0
Cha-CPnd_027-Ex1-5E-lcwgs-1-1.2	3.0	60.0	107.0	138.0	230.0	380.0	801.0	1241.0	1759.0	2259.0	2739.0	3320.0	3891.0	4715.0	10689.0	15738.0	8192.0	8453.0	9326.0	10995.0	13801.0	18232.0	24036.0	29981.0	35491.0	42942.0	56307.0	96791.0	299314.0
	15.0	16.0	17.0	18.0	19.0	20.0	21.0	22.0	23.0	24.0	25.0	26.0	27.0	28.0	29.0	30.0	31.0	32.0	33.0	34.0	35.0	36.0	37.0	38.0	39.0	40.0
Cha-CPnd_028-Ex1-1B-lcwgs-1-1.1	2.0	6.0	24.0	67.0	140.0	257.0	447.0	693.0	1015.0	1513.0	2721.0	6579.0	4352.0	5237.0	6833.0	8776.0	11691.0	16819.0	23135.0	30673.0	38581.0	46670.0	57560.0	77011.0	134178.0	746159.0
	12.0	13.0	14.0	15.0	16.0	17.0	18.0	19.0	20.0	21.0	22.0	23.0	24.0	25.0	26.0	27.0	28.0	29.0	30.0	31.0	32.0	33.0	34.0	35.0	36.0	37.0	38.0	39.0	40.0
Cha-CPnd_028-Ex1-1B-lcwgs-1-1.2	7.0	92.0	136.0	135.0	236.0	634.0	1458.0	2436.0	3392.0	4280.0	5040.0	5973.0	6789.0	8018.0	10448.0	13243.0	12390.0	13847.0	15788.0	18167.0	21587.0	28092.0	36281.0	45825.0	56333.0	70540.0	97232.0	170600.0	572140.0
	14.0	15.0	16.0	17.0	18.0	19.0	20.0	21.0	22.0	23.0	24.0	25.0	26.0	27.0	28.0	29.0	30.0	31.0	32.0	33.0	34.0	35.0	36.0	37.0	38.0	39.0	40.0
Cha-CPnd_030-Ex1-3H-lcwgs-1-1.1	1.0	4.0	33.0	109.0	277.0	545.0	1008.0	1660.0	2507.0	3940.0	7009.0	16636.0	42669.0	16568.0	15690.0	19762.0	25364.0	32632.0	43609.0	58641.0	76921.0	96574.0	122247.0	156850.0	217038.0	392141.0	2211122.0
	12.0	13.0	14.0	15.0	16.0	17.0	18.0	19.0	20.0	21.0	22.0	23.0	24.0	25.0	26.0	27.0	28.0	29.0	30.0	31.0	32.0	33.0	34.0	35.0	36.0	37.0	38.0	39.0	40.0
Cha-CPnd_030-Ex1-3H-lcwgs-1-1.2	1010.0	15622.0	14655.0	10456.0	10093.0	12406.0	15144.0	17039.0	18048.0	19297.0	20423.0	22650.0	25063.0	29406.0	46916.0	59902.0	41791.0	44546.0	49137.0	55292.0	64443.0	77123.0	97041.0	118775.0	151233.0	192342.0	275127.0	492600.0	1563977.0
	15.0	16.0	17.0	18.0	19.0	20.0	21.0	22.0	23.0	24.0	25.0	26.0	27.0	28.0	29.0	30.0	31.0	32.0	33.0	34.0	35.0	36.0	37.0	38.0	39.0	40.0
Cha-CPnd_031-Ex1-2E-lcwgs-1-1.1	3.0	14.0	74.0	210.0	472.0	902.0	1515.0	2274.0	3429.0	5018.0	9821.0	28587.0	15157.0	16319.0	21063.0	27830.0	38662.0	57429.0	81615.0	107645.0	130040.0	155953.0	190009.0	249446.0	422393.0	2398982.0
	11.0	12.0	13.0	14.0	15.0	16.0	17.0	18.0	19.0	20.0	21.0	22.0	23.0	24.0	25.0	26.0	27.0	28.0	29.0	30.0	31.0	32.0	33.0	34.0	35.0	36.0	37.0	38.0	39.0	40.0
Cha-CPnd_031-Ex1-2E-lcwgs-1-1.2	3.0	34.0	327.0	477.0	502.0	777.0	1732.0	3909.0	6900.0	9641.0	12546.0	15122.0	18180.0	21229.0	25007.0	36681.0	47482.0	39614.0	44369.0	50340.0	58743.0	73358.0	97307.0	125806.0	157192.0	189606.0	236511.0	319817.0	563590.0	1808060.0
	15.0	16.0	17.0	18.0	19.0	20.0	21.0	22.0	23.0	24.0	25.0	26.0	27.0	28.0	29.0	30.0	31.0	32.0	33.0	34.0	35.0	36.0	37.0	38.0	39.0	40.0
Cha-CPnd_032-Ex1-7B-lcwgs-1-1.1	2.0	7.0	37.0	86.0	209.0	321.0	555.0	934.0	1359.0	2203.0	6037.0	27682.0	8584.0	6790.0	8457.0	10789.0	14858.0	23958.0	36238.0	47956.0	57505.0	65867.0	76931.0	94474.0	147515.0	812094.0
	11.0	12.0	13.0	14.0	15.0	16.0	17.0	18.0	19.0	20.0	21.0	22.0	23.0	24.0	25.0	26.0	27.0	28.0	29.0	30.0	31.0	32.0	33.0	34.0	35.0	36.0	37.0	38.0	39.0	40.0
Cha-CPnd_032-Ex1-7B-lcwgs-1-1.2	1.0	6.0	122.0	202.0	245.0	306.0	610.0	1200.0	2058.0	2937.0	3865.0	4677.0	5596.0	6847.0	8071.0	18474.0	28833.0	14548.0	14815.0	16282.0	19032.0	24147.0	35250.0	49143.0	62029.0	74606.0	89357.0	114669.0	188164.0	665356.0
	14.0	15.0	16.0	17.0	18.0	19.0	20.0	21.0	22.0	23.0	24.0	25.0	26.0	27.0	28.0	29.0	30.0	31.0	32.0	33.0	34.0	35.0	36.0	37.0	38.0	39.0	40.0
Cha-CPnd_033-Ex1-8F-lcwgs-1-1.1	1.0	7.0	32.0	79.0	210.0	470.0	756.0	1259.0	2037.0	3214.0	5262.0	18241.0	90153.0	22849.0	15116.0	17302.0	21549.0	28556.0	41829.0	59312.0	77531.0	94326.0	111211.0	132558.0	171209.0	286099.0	1620558.0
	12.0	13.0	14.0	15.0	16.0	17.0	18.0	19.0	20.0	21.0	22.0	23.0	24.0	25.0	26.0	27.0	28.0	29.0	30.0	31.0	32.0	33.0	34.0	35.0	36.0	37.0	38.0	39.0	40.0
Cha-CPnd_033-Ex1-8F-lcwgs-1-1.2	32.0	597.0	1286.0	1213.0	1441.0	2215.0	3886.0	5852.0	7609.0	9480.0	11524.0	13492.0	15841.0	18950.0	53423.0	87772.0	35708.0	34465.0	36872.0	40966.0	50074.0	66290.0	87575.0	109570.0	132593.0	163440.0	217506.0	372939.0	1239115.0
	15.0	16.0	17.0	18.0	19.0	20.0	21.0	22.0	23.0	24.0	25.0	26.0	27.0	28.0	29.0	30.0	31.0	32.0	33.0	34.0	35.0	36.0	37.0	38.0	39.0	40.0
Cha-CPnd_034-Ex1-6B-lcwgs-1-1.1	3.0	16.0	33.0	106.0	205.0	438.0	716.0	1083.0	1571.0	2423.0	5264.0	17771.0	7551.0	7638.0	9646.0	12208.0	16870.0	25254.0	37602.0	50512.0	62776.0	73476.0	86457.0	108623.0	177551.0	935627.0
	12.0	13.0	14.0	15.0	16.0	17.0	18.0	19.0	20.0	21.0	22.0	23.0	24.0	25.0	26.0	27.0	28.0	29.0	30.0	31.0	32.0	33.0	34.0	35.0	36.0	37.0	38.0	39.0	40.0
Cha-CPnd_034-Ex1-6B-lcwgs-1-1.2	9.0	122.0	248.0	285.0	356.0	773.0	1605.0	2582.0	3496.0	4576.0	5631.0	6988.0	7882.0	9261.0	16086.0	22820.0	15473.0	16933.0	19064.0	21766.0	27291.0	37450.0	51875.0	67140.0	82729.0	100601.0	130831.0	219338.0	768209.0
	15.0	16.0	17.0	18.0	19.0	20.0	21.0	22.0	23.0	24.0	25.0	26.0	27.0	28.0	29.0	30.0	31.0	32.0	33.0	34.0	35.0	36.0	37.0	38.0	39.0	40.0
Cha-CPnd_035-Ex1-4B-lcwgs-1-1.1	1.0	9.0	29.0	69.0	141.0	236.0	469.0	713.0	1134.0	1733.0	4596.0	19180.0	6489.0	5675.0	6936.0	8861.0	11321.0	15654.0	20991.0	27024.0	33441.0	41107.0	52420.0	72431.0	133941.0	771609.0
	12.0	13.0	14.0	15.0	16.0	17.0	18.0	19.0	20.0	21.0	22.0	23.0	24.0	25.0	26.0	27.0	28.0	29.0	30.0	31.0	32.0	33.0	34.0	35.0	36.0	37.0	38.0	39.0	40.0
Cha-CPnd_035-Ex1-4B-lcwgs-1-1.2	8.0	84.0	175.0	204.0	352.0	797.0	1735.0	2983.0	3907.0	4902.0	6047.0	6746.0	7898.0	9213.0	16631.0	24372.0	15088.0	15866.0	17763.0	19940.0	23257.0	28526.0	35163.0	43382.0	52914.0	67725.0	94778.0	171939.0	563815.0
	15.0	16.0	17.0	18.0	19.0	20.0	21.0	22.0	23.0	24.0	25.0	26.0	27.0	28.0	29.0	30.0	31.0	32.0	33.0	34.0	35.0	36.0	37.0	38.0	39.0	40.0
Cha-CPnd_036-Ex1-4G-lcwgs-1-1.1	5.0	23.0	52.0	137.0	309.0	550.0	953.0	1318.0	2099.0	3052.0	6049.0	18018.0	8684.0	9745.0	12408.0	16071.0	22310.0	34946.0	51540.0	67380.0	80979.0	94470.0	110643.0	139220.0	223465.0	1230932.0
	12.0	13.0	14.0	15.0	16.0	17.0	18.0	19.0	20.0	21.0	22.0	23.0	24.0	25.0	26.0	27.0	28.0	29.0	30.0	31.0	32.0	33.0	34.0	35.0	36.0	37.0	38.0	39.0	40.0
Cha-CPnd_036-Ex1-4G-lcwgs-1-1.2	12.0	163.0	242.0	247.0	399.0	891.0	1759.0	2958.0	4342.0	5452.0	6876.0	8258.0	9932.0	11449.0	18706.0	25275.0	19000.0	21083.0	24316.0	28457.0	37261.0	52830.0	71318.0	89866.0	107605.0	130649.0	171270.0	290577.0	994165.0
	16.0	17.0	18.0	19.0	20.0	21.0	22.0	23.0	24.0	25.0	26.0	27.0	28.0	29.0	30.0	31.0	32.0	33.0	34.0	35.0	36.0	37.0	38.0	39.0	40.0
Cha-CPnd_037-Ex1-2C-lcwgs-1-1.1	4.0	7.0	25.0	69.0	124.0	184.0	297.0	433.0	701.0	1507.0	4918.0	1992.0	2095.0	2568.0	3201.0	4477.0	6851.0	10126.0	13599.0	16840.0	19612.0	22658.0	27687.0	43187.0	223227.0
	12.0	13.0	14.0	15.0	16.0	17.0	18.0	19.0	20.0	21.0	22.0	23.0	24.0	25.0	26.0	27.0	28.0	29.0	30.0	31.0	32.0	33.0	34.0	35.0	36.0	37.0	38.0	39.0	40.0
Cha-CPnd_037-Ex1-2C-lcwgs-1-1.2	1.0	50.0	101.0	72.0	101.0	192.0	367.0	548.0	791.0	998.0	1343.0	1592.0	1889.0	2336.0	4292.0	5728.0	3747.0	4156.0	4776.0	5594.0	7098.0	10076.0	13779.0	18074.0	22087.0	26451.0	34128.0	56436.0	179586.0
	14.0	15.0	16.0	17.0	18.0	19.0	20.0	21.0	22.0	23.0	24.0	25.0	26.0	27.0	28.0	29.0	30.0	31.0	32.0	33.0	34.0	35.0	36.0	37.0	38.0	39.0	40.0
Cha-CPnd_038-Ex1-5B-lcwgs-1-1.1	1.0	2.0	9.0	24.0	105.0	240.0	417.0	764.0	1083.0	1640.0	2359.0	4872.0	15327.0	7006.0	7064.0	8814.0	11240.0	15218.0	23673.0	36009.0	49160.0	60234.0	69331.0	79806.0	97142.0	148832.0	790097.0
	12.0	13.0	14.0	15.0	16.0	17.0	18.0	19.0	20.0	21.0	22.0	23.0	24.0	25.0	26.0	27.0	28.0	29.0	30.0	31.0	32.0	33.0	34.0	35.0	36.0	37.0	38.0	39.0	40.0
Cha-CPnd_038-Ex1-5B-lcwgs-1-1.2	11.0	131.0	206.0	223.0	332.0	626.0	1136.0	1800.0	2702.0	3561.0	4409.0	5375.0	6277.0	7524.0	12960.0	18942.0	12693.0	13639.0	15376.0	18492.0	23430.0	33443.0	47779.0	62907.0	75723.0	90848.0	114900.0	185117.0	669907.0
	15.0	16.0	17.0	18.0	19.0	20.0	21.0	22.0	23.0	24.0	25.0	26.0	27.0	28.0	29.0	30.0	31.0	32.0	33.0	34.0	35.0	36.0	37.0	38.0	39.0	40.0
Cha-CPnd_039-Ex1-3C-lcwgs-1-1.1	4.0	15.0	91.0	288.0	608.0	1163.0	1782.0	2644.0	4079.0	6113.0	12156.0	37272.0	18640.0	20025.0	25941.0	33728.0	45638.0	65450.0	90989.0	117257.0	145810.0	177605.0	223896.0	305355.0	547810.0	3200970.0
	11.0	12.0	13.0	14.0	15.0	16.0	17.0	18.0	19.0	20.0	21.0	22.0	23.0	24.0	25.0	26.0	27.0	28.0	29.0	30.0	31.0	32.0	33.0	34.0	35.0	36.0	37.0	38.0	39.0	40.0
Cha-CPnd_039-Ex1-3C-lcwgs-1-1.2	1.0	46.0	333.0	502.0	561.0	969.0	2447.0	5347.0	9147.0	13049.0	17033.0	20772.0	24551.0	28917.0	33250.0	49477.0	63740.0	53280.0	58944.0	66806.0	77714.0	93832.0	118222.0	150369.0	185719.0	229691.0	292976.0	409394.0	746577.0	2331663.0
	14.0	15.0	16.0	17.0	18.0	19.0	20.0	21.0	22.0	23.0	24.0	25.0	26.0	27.0	28.0	29.0	30.0	31.0	32.0	33.0	34.0	35.0	36.0	37.0	38.0	39.0	40.0
Cha-CPnd_040-Ex1-7G-lcwgs-1-1.1	1.0	0.0	8.0	45.0	123.0	299.0	559.0	885.0	1357.0	2086.0	3362.0	8689.0	37944.0	12293.0	10317.0	13131.0	16462.0	23224.0	37698.0	55959.0	74922.0	90493.0	103836.0	120096.0	147107.0	228595.0	1261104.0
	12.0	13.0	14.0	15.0	16.0	17.0	18.0	19.0	20.0	21.0	22.0	23.0	24.0	25.0	26.0	27.0	28.0	29.0	30.0	31.0	32.0	33.0	34.0	35.0	36.0	37.0	38.0	39.0	40.0
Cha-CPnd_040-Ex1-7G-lcwgs-1-1.2	5.0	167.0	308.0	266.0	451.0	829.0	1631.0	2718.0	3888.0	5168.0	6457.0	7988.0	9724.0	11737.0	27015.0	39797.0	21144.0	21867.0	24875.0	28631.0	38366.0	55688.0	77070.0	97445.0	116951.0	139978.0	179882.0	300297.0	1030252.0
	15.0	16.0	17.0	18.0	19.0	20.0	21.0	22.0	23.0	24.0	25.0	26.0	27.0	28.0	29.0	30.0	31.0	32.0	33.0	34.0	35.0	36.0	37.0	38.0	39.0	40.0
Cha-CPnd_041-Ex1-1A-lcwgs-1-1.1	2.0	4.0	14.0	41.0	55.0	113.0	192.0	311.0	451.0	731.0	1607.0	5025.0	2359.0	2578.0	3335.0	4256.0	5442.0	7710.0	9839.0	12685.0	15593.0	19660.0	25202.0	35680.0	66880.0	365656.0
	13.0	14.0	15.0	16.0	17.0	18.0	19.0	20.0	21.0	22.0	23.0	24.0	25.0	26.0	27.0	28.0	29.0	30.0	31.0	32.0	33.0	34.0	35.0	36.0	37.0	38.0	39.0	40.0
Cha-CPnd_041-Ex1-1A-lcwgs-1-1.2	36.0	68.0	74.0	168.0	430.0	1067.0	1609.0	2220.0	2728.0	3325.0	3873.0	4281.0	4868.0	6891.0	8915.0	7398.0	8061.0	9040.0	10272.0	11839.0	14334.0	17541.0	21369.0	25995.0	33654.0	47426.0	86854.0	251085.0
	15.0	16.0	17.0	18.0	19.0	20.0	21.0	22.0	23.0	24.0	25.0	26.0	27.0	28.0	29.0	30.0	31.0	32.0	33.0	34.0	35.0	36.0	37.0	38.0	39.0	40.0
Cha-CPnd_042-Ex1-5H-lcwgs-1-1.1	1.0	6.0	24.0	86.0	185.0	323.0	528.0	840.0	1248.0	2022.0	5494.0	22312.0	7115.0	5831.0	7147.0	9124.0	11955.0	18313.0	26082.0	34506.0	42059.0	49768.0	59778.0	77642.0	128311.0	715696.0
	12.0	13.0	14.0	15.0	16.0	17.0	18.0	19.0	20.0	21.0	22.0	23.0	24.0	25.0	26.0	27.0	28.0	29.0	30.0	31.0	32.0	33.0	34.0	35.0	36.0	37.0	38.0	39.0	40.0
Cha-CPnd_042-Ex1-5H-lcwgs-1-1.2	9.0	172.0	261.0	257.0	317.0	658.0	1276.0	2010.0	2817.0	3676.0	4352.0	5226.0	6167.0	7242.0	15827.0	24641.0	13135.0	13585.0	14816.0	17180.0	21184.0	28739.0	37313.0	47863.0	58554.0	71332.0	95532.0	164612.0	567643.0
	16.0	17.0	18.0	19.0	20.0	21.0	22.0	23.0	24.0	25.0	26.0	27.0	28.0	29.0	30.0	31.0	32.0	33.0	34.0	35.0	36.0	37.0	38.0	39.0	40.0
Cha-CPnd_043-Ex1-3G-lcwgs-1-1.1	10.0	26.0	89.0	179.0	363.0	560.0	857.0	1294.0	1892.0	3936.0	12492.0	5736.0	5903.0	7331.0	9820.0	13387.0	19795.0	28206.0	37142.0	46163.0	54739.0	65733.0	84210.0	140908.0	770944.0
	11.0	12.0	13.0	14.0	15.0	16.0	17.0	18.0	19.0	20.0	21.0	22.0	23.0	24.0	25.0	26.0	27.0	28.0	29.0	30.0	31.0	32.0	33.0	34.0	35.0	36.0	37.0	38.0	39.0	40.0
Cha-CPnd_043-Ex1-3G-lcwgs-1-1.2	2.0	9.0	127.0	162.0	209.0	278.0	617.0	1202.0	2042.0	2910.0	3969.0	4647.0	5708.0	6627.0	7761.0	12836.0	17256.0	12847.0	14091.0	15925.0	18697.0	23138.0	31240.0	41039.0	52819.0	63889.0	79214.0	105786.0	183922.0	602746.0
	15.0	16.0	17.0	18.0	19.0	20.0	21.0	22.0	23.0	24.0	25.0	26.0	27.0	28.0	29.0	30.0	31.0	32.0	33.0	34.0	35.0	36.0	37.0	38.0	39.0	40.0
Cha-CPnd_044-Ex1-4E-lcwgs-1-1.1	4.0	11.0	40.0	91.0	203.0	351.0	624.0	868.0	1330.0	1980.0	4619.0	15803.0	6404.0	6094.0	7909.0	10253.0	14184.0	21644.0	31729.0	40843.0	49617.0	57681.0	67550.0	84690.0	137159.0	732012.0
	12.0	13.0	14.0	15.0	16.0	17.0	18.0	19.0	20.0	21.0	22.0	23.0	24.0	25.0	26.0	27.0	28.0	29.0	30.0	31.0	32.0	33.0	34.0	35.0	36.0	37.0	38.0	39.0	40.0
Cha-CPnd_044-Ex1-4E-lcwgs-1-1.2	5.0	135.0	219.0	203.0	306.0	615.0	1206.0	2020.0	2797.0	3787.0	4633.0	5552.0	6746.0	7626.0	14102.0	19621.0	12910.0	14130.0	15796.0	18525.0	23924.0	33442.0	44676.0	55662.0	67310.0	81177.0	105318.0	179912.0	571338.0
	15.0	16.0	17.0	18.0	19.0	20.0	21.0	22.0	23.0	24.0	25.0	26.0	27.0	28.0	29.0	30.0	31.0	32.0	33.0	34.0	35.0	36.0	37.0	38.0	39.0	40.0
Cha-CPnd_045-Ex1-6F-lcwgs-1-1.1	1.0	21.0	51.0	173.0	371.0	639.0	1051.0	1584.0	2444.0	4109.0	13649.0	59366.0	16215.0	12069.0	14320.0	18407.0	24873.0	35939.0	50698.0	64540.0	77782.0	91663.0	111726.0	148235.0	258876.0	1433822.0
	12.0	13.0	14.0	15.0	16.0	17.0	18.0	19.0	20.0	21.0	22.0	23.0	24.0	25.0	26.0	27.0	28.0	29.0	30.0	31.0	32.0	33.0	34.0	35.0	36.0	37.0	38.0	39.0	40.0
Cha-CPnd_045-Ex1-6F-lcwgs-1-1.2	12.0	251.0	448.0	493.0	774.0	1539.0	3060.0	4947.0	6742.0	8541.0	10252.0	11997.0	14060.0	16786.0	39871.0	62937.0	30333.0	30524.0	32953.0	37005.0	45384.0	59111.0	76219.0	93314.0	112381.0	138107.0	187129.0	327256.0	1090198.0
	16.0	17.0	18.0	19.0	20.0	21.0	22.0	23.0	24.0	25.0	26.0	27.0	28.0	29.0	30.0	31.0	32.0	33.0	34.0	35.0	36.0	37.0	38.0	39.0	40.0
Cha-CPnd_047-Ex1-1D-lcwgs-1-1.1	1.0	15.0	32.0	69.0	122.0	225.0	337.0	551.0	748.0	1619.0	4529.0	2247.0	2538.0	3232.0	4047.0	5353.0	7764.0	11007.0	14203.0	17928.0	21499.0	26247.0	34446.0	58472.0	317665.0
	12.0	13.0	14.0	15.0	16.0	17.0	18.0	19.0	20.0	21.0	22.0	23.0	24.0	25.0	26.0	27.0	28.0	29.0	30.0	31.0	32.0	33.0	34.0	35.0	36.0	37.0	38.0	39.0	40.0
Cha-CPnd_047-Ex1-1D-lcwgs-1-1.2	3.0	61.0	88.0	93.0	119.0	319.0	633.0	950.0	1362.0	1788.0	2132.0	2507.0	2957.0	3412.0	5169.0	6906.0	5407.0	5933.0	6721.0	7713.0	9319.0	12259.0	16077.0	20806.0	25394.0	31891.0	43321.0	74942.0	246614.0
	16.0	17.0	18.0	19.0	20.0	21.0	22.0	23.0	24.0	25.0	26.0	27.0	28.0	29.0	30.0	31.0	32.0	33.0	34.0	35.0	36.0	37.0	38.0	39.0	40.0
Cha-CPnd_048-Ex1-5A-lcwgs-1-1.1	8.0	23.0	97.0	202.0	360.0	585.0	1000.0	1481.0	2343.0	5697.0	21319.0	7939.0	7611.0	9726.0	12473.0	16006.0	21835.0	29999.0	38655.0	48835.0	60752.0	77429.0	107420.0	195500.0	1132476.0
	12.0	13.0	14.0	15.0	16.0	17.0	18.0	19.0	20.0	21.0	22.0	23.0	24.0	25.0	26.0	27.0	28.0	29.0	30.0	31.0	32.0	33.0	34.0	35.0	36.0	37.0	38.0	39.0	40.0
Cha-CPnd_048-Ex1-5A-lcwgs-1-1.2	17.0	196.0	323.0	319.0	492.0	1295.0	2738.0	4307.0	5974.0	7278.0	8911.0	10124.0	11552.0	13076.0	21866.0	30191.0	20727.0	22422.0	24352.0	27554.0	32539.0	40616.0	51012.0	62428.0	78102.0	100453.0	142089.0	259672.0	819146.0
	16.0	17.0	18.0	19.0	20.0	21.0	22.0	23.0	24.0	25.0	26.0	27.0	28.0	29.0	30.0	31.0	32.0	33.0	34.0	35.0	36.0	37.0	38.0	39.0	40.0
Cha-CPnd_049-Ex1-2B-lcwgs-1-1.1	2.0	16.0	42.0	112.0	173.0	292.0	439.0	641.0	1000.0	2198.0	7189.0	3049.0	2989.0	3804.0	4875.0	6232.0	8702.0	12241.0	16648.0	21780.0	27504.0	33566.0	43378.0	71403.0	396503.0
	12.0	13.0	14.0	15.0	16.0	17.0	18.0	19.0	20.0	21.0	22.0	23.0	24.0	25.0	26.0	27.0	28.0	29.0	30.0	31.0	32.0	33.0	34.0	35.0	36.0	37.0	38.0	39.0	40.0
Cha-CPnd_049-Ex1-2B-lcwgs-1-1.2	2.0	97.0	143.0	128.0	151.0	296.0	573.0	986.0	1338.0	1743.0	2202.0	2591.0	3153.0	3734.0	6455.0	9116.0	6225.0	6707.0	7639.0	8759.0	10883.0	13659.0	17879.0	23825.0	30248.0	38454.0	52009.0	89618.0	326165.0
	14.0	15.0	16.0	17.0	18.0	19.0	20.0	21.0	22.0	23.0	24.0	25.0	26.0	27.0	28.0	29.0	30.0	31.0	32.0	33.0	34.0	35.0	36.0	37.0	38.0	39.0	40.0
Cha-CPnd_051-Ex1-1C-lcwgs-1-1.1	1.0	1.0	4.0	24.0	65.0	165.0	287.0	485.0	744.0	1103.0	1619.0	3249.0	8871.0	4677.0	4930.0	6466.0	8337.0	11845.0	19082.0	29769.0	40465.0	49222.0	57046.0	65061.0	76440.0	111559.0	559219.0
	12.0	13.0	14.0	15.0	16.0	17.0	18.0	19.0	20.0	21.0	22.0	23.0	24.0	25.0	26.0	27.0	28.0	29.0	30.0	31.0	32.0	33.0	34.0	35.0	36.0	37.0	38.0	39.0	40.0
Cha-CPnd_051-Ex1-1C-lcwgs-1-1.2	6.0	110.0	189.0	121.0	195.0	327.0	638.0	1010.0	1535.0	1985.0	2679.0	3370.0	3916.0	4835.0	8180.0	11431.0	8193.0	9358.0	10982.0	13356.0	17874.0	27085.0	39256.0	50838.0	61157.0	73539.0	91236.0	146683.0	470652.0
	16.0	17.0	18.0	19.0	20.0	21.0	22.0	23.0	24.0	25.0	26.0	27.0	28.0	29.0	30.0	31.0	32.0	33.0	34.0	35.0	36.0	37.0	38.0	39.0	40.0
Cha-CPnd_052-Ex1-3E-lcwgs-1-1.1	2.0	19.0	36.0	68.0	161.0	258.0	406.0	548.0	922.0	2288.0	7924.0	2937.0	2536.0	3251.0	3981.0	5552.0	8215.0	11696.0	15236.0	18517.0	21922.0	25321.0	32268.0	52217.0	268404.0
	12.0	13.0	14.0	15.0	16.0	17.0	18.0	19.0	20.0	21.0	22.0	23.0	24.0	25.0	26.0	27.0	28.0	29.0	30.0	31.0	32.0	33.0	34.0	35.0	36.0	37.0	38.0	39.0	40.0
Cha-CPnd_052-Ex1-3E-lcwgs-1-1.2	6.0	63.0	108.0	108.0	136.0	284.0	604.0	918.0	1247.0	1533.0	1971.0	2281.0	2709.0	3283.0	6599.0	9094.0	5301.0	5517.0	6259.0	7327.0	9123.0	12669.0	16739.0	20715.0	25500.0	30532.0	40067.0	68289.0	205703.0
	15.0	16.0	17.0	18.0	19.0	20.0	21.0	22.0	23.0	24.0	25.0	26.0	27.0	28.0	29.0	30.0	31.0	32.0	33.0	34.0	35.0	36.0	37.0	38.0	39.0	40.0
Cha-CPnd_053-Ex1-3D-lcwgs-1-1.1	4.0	11.0	20.0	77.0	140.0	285.0	441.0	686.0	1080.0	1708.0	4188.0	16051.0	5812.0	5419.0	6641.0	8534.0	11478.0	17331.0	24427.0	31135.0	37881.0	45492.0	54789.0	71918.0	123348.0	662843.0
	12.0	13.0	14.0	15.0	16.0	17.0	18.0	19.0	20.0	21.0	22.0	23.0	24.0	25.0	26.0	27.0	28.0	29.0	30.0	31.0	32.0	33.0	34.0	35.0	36.0	37.0	38.0	39.0	40.0
Cha-CPnd_053-Ex1-3D-lcwgs-1-1.2	5.0	109.0	145.0	163.0	275.0	713.0	1434.0	2344.0	3247.0	4016.0	4914.0	5592.0	6573.0	7913.0	13973.0	20464.0	12656.0	13867.0	15083.0	17653.0	21531.0	28038.0	36730.0	45628.0	54826.0	67824.0	91054.0	159019.0	495950.0
	14.0	15.0	16.0	17.0	18.0	19.0	20.0	21.0	22.0	23.0	24.0	25.0	26.0	27.0	28.0	29.0	30.0	31.0	32.0	33.0	34.0	35.0	36.0	37.0	38.0	39.0	40.0
Cha-CPnd_054-Ex1-1H-lcwgs-1-1.1	1.0	1.0	4.0	20.0	106.0	179.0	316.0	505.0	807.0	1141.0	1734.0	3138.0	7514.0	4963.0	5983.0	7597.0	9994.0	13184.0	18336.0	24679.0	32307.0	40802.0	50225.0	63439.0	87581.0	158759.0	884777.0
	12.0	13.0	14.0	15.0	16.0	17.0	18.0	19.0	20.0	21.0	22.0	23.0	24.0	25.0	26.0	27.0	28.0	29.0	30.0	31.0	32.0	33.0	34.0	35.0	36.0	37.0	38.0	39.0	40.0
Cha-CPnd_054-Ex1-1H-lcwgs-1-1.2	5.0	110.0	174.0	159.0	341.0	907.0	1864.0	3120.0	4458.0	5295.0	6547.0	7571.0	8892.0	10266.0	13472.0	16914.0	16315.0	18176.0	20730.0	23650.0	27987.0	34316.0	42401.0	52462.0	64704.0	82100.0	113770.0	203671.0	637715.0
	16.0	17.0	18.0	19.0	20.0	21.0	22.0	23.0	24.0	25.0	26.0	27.0	28.0	29.0	30.0	31.0	32.0	33.0	34.0	35.0	36.0	37.0	38.0	39.0	40.0
Cha-CPnd_059-Ex1-8A-lcwgs-1-1.1	5.0	24.0	68.0	139.0	288.0	468.0	735.0	982.0	1559.0	3487.0	11503.0	5062.0	4882.0	6203.0	7832.0	10896.0	15749.0	22520.0	29196.0	35898.0	42946.0	52719.0	68438.0	116667.0	644923.0
	12.0	13.0	14.0	15.0	16.0	17.0	18.0	19.0	20.0	21.0	22.0	23.0	24.0	25.0	26.0	27.0	28.0	29.0	30.0	31.0	32.0	33.0	34.0	35.0	36.0	37.0	38.0	39.0	40.0
Cha-CPnd_059-Ex1-8A-lcwgs-1-1.2	18.0	152.0	201.0	184.0	251.0	631.0	1308.0	2070.0	2953.0	3713.0	4304.0	5307.0	6045.0	6973.0	11535.0	16077.0	11568.0	12728.0	14031.0	16309.0	19878.0	26133.0	33823.0	42671.0	51356.0	64440.0	86093.0	150972.0	491465.0
	15.0	16.0	17.0	18.0	19.0	20.0	21.0	22.0	23.0	24.0	25.0	26.0	27.0	28.0	29.0	30.0	31.0	32.0	33.0	34.0	35.0	36.0	37.0	38.0	39.0	40.0
Cha-CPnd_060-Ex1-1F-lcwgs-1-1.1	2.0	10.0	54.0	144.0	337.0	654.0	1088.0	1671.0	2547.0	3694.0	6796.0	17698.0	10663.0	12574.0	16269.0	20967.0	28548.0	39305.0	53795.0	70183.0	87827.0	107835.0	135900.0	185037.0	331075.0	1912108.0
	12.0	13.0	14.0	15.0	16.0	17.0	18.0	19.0	20.0	21.0	22.0	23.0	24.0	25.0	26.0	27.0	28.0	29.0	30.0	31.0	32.0	33.0	34.0	35.0	36.0	37.0	38.0	39.0	40.0
Cha-CPnd_060-Ex1-1F-lcwgs-1-1.2	21.0	349.0	517.0	465.0	753.0	1673.0	3613.0	6128.0	8375.0	10636.0	13101.0	15022.0	17529.0	20297.0	27150.0	35243.0	31333.0	35111.0	39699.0	45522.0	54350.0	69187.0	87105.0	108747.0	134209.0	170654.0	238296.0	428565.0	1443131.0
	14.0	15.0	16.0	17.0	18.0	19.0	20.0	21.0	22.0	23.0	24.0	25.0	26.0	27.0	28.0	29.0	30.0	31.0	32.0	33.0	34.0	35.0	36.0	37.0	38.0	39.0	40.0
Cha-CPnd_061-Ex1-5D-lcwgs-1-1.1	1.0	3.0	5.0	37.0	111.0	214.0	406.0	722.0	1122.0	1718.0	2789.0	8480.0	38733.0	11105.0	8551.0	10193.0	12717.0	17020.0	24209.0	34178.0	45017.0	55902.0	66481.0	81812.0	107468.0	187816.0	1024353.0
	12.0	13.0	14.0	15.0	16.0	17.0	18.0	19.0	20.0	21.0	22.0	23.0	24.0	25.0	26.0	27.0	28.0	29.0	30.0	31.0	32.0	33.0	34.0	35.0	36.0	37.0	38.0	39.0	40.0
Cha-CPnd_061-Ex1-5D-lcwgs-1-1.2	12.0	164.0	224.0	276.0	452.0	1081.0	2389.0	3666.0	4942.0	6121.0	7546.0	8688.0	10135.0	12106.0	27286.0	42407.0	20773.0	21432.0	23399.0	26065.0	31736.0	40485.0	52782.0	66207.0	81039.0	101102.0	137807.0	241100.0	769741.0
	15.0	16.0	17.0	18.0	19.0	20.0	21.0	22.0	23.0	24.0	25.0	26.0	27.0	28.0	29.0	30.0	31.0	32.0	33.0	34.0	35.0	36.0	37.0	38.0	39.0	40.0
Cha-CPnd_062-Ex1-1E-lcwgs-1-1.1	8.0	20.0	73.0	288.0	585.0	1070.0	1837.0	2663.0	3990.0	5933.0	12064.0	35615.0	16996.0	17790.0	22379.0	28679.0	39453.0	58048.0	82457.0	107917.0	132882.0	160086.0	194072.0	253182.0	422531.0	2258509.0
	11.0	12.0	13.0	14.0	15.0	16.0	17.0	18.0	19.0	20.0	21.0	22.0	23.0	24.0	25.0	26.0	27.0	28.0	29.0	30.0	31.0	32.0	33.0	34.0	35.0	36.0	37.0	38.0	39.0	40.0
Cha-CPnd_062-Ex1-1E-lcwgs-1-1.2	1.0	30.0	518.0	725.0	595.0	880.0	1913.0	4031.0	6456.0	9293.0	11980.0	14613.0	17412.0	20340.0	23974.0	38645.0	52097.0	39604.0	44093.0	50044.0	58375.0	71897.0	95786.0	125180.0	156113.0	190411.0	235936.0	318215.0	552157.0	1717813.0
	16.0	17.0	18.0	19.0	20.0	21.0	22.0	23.0	24.0	25.0	26.0	27.0	28.0	29.0	30.0	31.0	32.0	33.0	34.0	35.0	36.0	37.0	38.0	39.0	40.0
Cha-CPnd_064-Ex1-7H-lcwgs-1-1.1	3.0	15.0	67.0	137.0	235.0	404.0	670.0	1078.0	1603.0	4825.0	22198.0	6526.0	4879.0	5711.0	7601.0	10437.0	16066.0	22735.0	29586.0	36037.0	42630.0	50970.0	64829.0	105580.0	589955.0
	11.0	12.0	13.0	14.0	15.0	16.0	17.0	18.0	19.0	20.0	21.0	22.0	23.0	24.0	25.0	26.0	27.0	28.0	29.0	30.0	31.0	32.0	33.0	34.0	35.0	36.0	37.0	38.0	39.0	40.0
Cha-CPnd_064-Ex1-7H-lcwgs-1-1.2	1.0	4.0	148.0	205.0	175.0	259.0	447.0	925.0	1393.0	1991.0	2771.0	3361.0	3921.0	4799.0	5854.0	14170.0	22874.0	10807.0	11077.0	12008.0	13997.0	17498.0	23841.0	31952.0	40336.0	48607.0	60318.0	79657.0	134483.0	476898.0
	15.0	16.0	17.0	18.0	19.0	20.0	21.0	22.0	23.0	24.0	25.0	26.0	27.0	28.0	29.0	30.0	31.0	32.0	33.0	34.0	35.0	36.0	37.0	38.0	39.0	40.0
Cha-CPnd_065-Ex1-7A-lcwgs-1-1.1	1.0	5.0	19.0	48.0	112.0	249.0	440.0	669.0	1060.0	1786.0	5531.0	25571.0	6757.0	5024.0	6004.0	7506.0	9677.0	13108.0	17492.0	22664.0	27764.0	34664.0	43848.0	60769.0	110190.0	634089.0
	12.0	13.0	14.0	15.0	16.0	17.0	18.0	19.0	20.0	21.0	22.0	23.0	24.0	25.0	26.0	27.0	28.0	29.0	30.0	31.0	32.0	33.0	34.0	35.0	36.0	37.0	38.0	39.0	40.0
Cha-CPnd_065-Ex1-7A-lcwgs-1-1.2	14.0	172.0	294.0	251.0	353.0	733.0	1424.0	2350.0	3299.0	4087.0	5051.0	5599.0	6535.0	7820.0	17864.0	27348.0	13486.0	13574.0	14695.0	16232.0	19073.0	23288.0	29311.0	35971.0	44259.0	55953.0	78258.0	143241.0	464512.0
	15.0	16.0	17.0	18.0	19.0	20.0	21.0	22.0	23.0	24.0	25.0	26.0	27.0	28.0	29.0	30.0	31.0	32.0	33.0	34.0	35.0	36.0	37.0	38.0	39.0	40.0
Cha-CPnd_066-Ex1-3B-lcwgs-1-1.1	1.0	5.0	29.0	76.0	176.0	279.0	463.0	755.0	1110.0	1725.0	4169.0	14409.0	5665.0	5209.0	6891.0	8723.0	10803.0	13962.0	17523.0	21807.0	27823.0	35991.0	48936.0	73806.0	147660.0	785963.0
	12.0	13.0	14.0	15.0	16.0	17.0	18.0	19.0	20.0	21.0	22.0	23.0	24.0	25.0	26.0	27.0	28.0	29.0	30.0	31.0	32.0	33.0	34.0	35.0	36.0	37.0	38.0	39.0	40.0
Cha-CPnd_066-Ex1-3B-lcwgs-1-1.2	16.0	154.0	199.0	212.0	435.0	1203.0	2829.0	4384.0	5859.0	7048.0	8248.0	9295.0	10463.0	12239.0	17878.0	24220.0	18716.0	20329.0	22384.0	24524.0	27609.0	31385.0	36408.0	43298.0	53116.0	69877.0	102027.0	189934.0	489670.0
	13.0	14.0	15.0	16.0	17.0	18.0	19.0	20.0	21.0	22.0	23.0	24.0	25.0	26.0	27.0	28.0	29.0	30.0	31.0	32.0	33.0	34.0	35.0	36.0	37.0	38.0	39.0	40.0
Cha-CPnd_067-Ex1-2A-lcwgs-1-1.1	1.0	0.0	1.0	5.0	22.0	56.0	108.0	188.0	316.0	501.0	738.0	1036.0	1953.0	5151.0	3075.0	3286.0	4296.0	5536.0	7347.0	10159.0	13996.0	18563.0	23203.0	28937.0	36048.0	48523.0	85629.0	486527.0
	11.0	12.0	13.0	14.0	15.0	16.0	17.0	18.0	19.0	20.0	21.0	22.0	23.0	24.0	25.0	26.0	27.0	28.0	29.0	30.0	31.0	32.0	33.0	34.0	35.0	36.0	37.0	38.0	39.0	40.0
Cha-CPnd_067-Ex1-2A-lcwgs-1-1.2	1.0	17.0	119.0	167.0	137.0	192.0	514.0	1027.0	1655.0	2213.0	2880.0	3550.0	4071.0	4527.0	5383.0	7271.0	9306.0	8238.0	9336.0	10396.0	11894.0	14146.0	17550.0	22328.0	28420.0	35086.0	44656.0	61915.0	111409.0	366797.0
	12.0	13.0	14.0	15.0	16.0	17.0	18.0	19.0	20.0	21.0	22.0	23.0	24.0	25.0	26.0	27.0	28.0	29.0	30.0	31.0	32.0	33.0	34.0	35.0	36.0	37.0	38.0	39.0	40.0
Cha-CPnd_069-Ex1-2G-lcwgs-1-1.1	1.0	0.0	0.0	6.0	19.0	79.0	216.0	462.0	848.0	1336.0	2008.0	2879.0	4034.0	7244.0	18593.0	11227.0	13034.0	16921.0	21721.0	29470.0	42214.0	58883.0	78140.0	96982.0	118399.0	145932.0	195511.0	336743.0	1897477.0
	11.0	12.0	13.0	14.0	15.0	16.0	17.0	18.0	19.0	20.0	21.0	22.0	23.0	24.0	25.0	26.0	27.0	28.0	29.0	30.0	31.0	32.0	33.0	34.0	35.0	36.0	37.0	38.0	39.0	40.0
Cha-CPnd_069-Ex1-2G-lcwgs-1-1.2	3.0	32.0	335.0	491.0	446.0	680.0	1589.0	3405.0	5579.0	7907.0	10136.0	12421.0	14605.0	16921.0	19442.0	27183.0	34049.0	31133.0	35591.0	39533.0	46092.0	56198.0	72544.0	93373.0	117465.0	144199.0	181670.0	248882.0	443878.0	1434597.0
	15.0	16.0	17.0	18.0	19.0	20.0	21.0	22.0	23.0	24.0	25.0	26.0	27.0	28.0	29.0	30.0	31.0	32.0	33.0	34.0	35.0	36.0	37.0	38.0	39.0	40.0
Cha-CPnd_070-Ex1-3F-lcwgs-1-1.1	1.0	3.0	20.0	81.0	130.0	242.0	350.0	533.0	875.0	1409.0	4070.0	16932.0	5142.0	3949.0	4746.0	5962.0	8497.0	13080.0	19373.0	25055.0	30240.0	35006.0	39362.0	47874.0	73900.0	376345.0
	12.0	13.0	14.0	15.0	16.0	17.0	18.0	19.0	20.0	21.0	22.0	23.0	24.0	25.0	26.0	27.0	28.0	29.0	30.0	31.0	32.0	33.0	34.0	35.0	36.0	37.0	38.0	39.0	40.0
Cha-CPnd_070-Ex1-3F-lcwgs-1-1.2	20.0	114.0	168.0	163.0	217.0	351.0	618.0	976.0	1405.0	1834.0	2351.0	2687.0	3337.0	3969.0	10240.0	16865.0	7665.0	7415.0	8299.0	9452.0	12548.0	18189.0	25029.0	31992.0	38188.0	45568.0	56879.0	92521.0	314117.0
	14.0	15.0	16.0	17.0	18.0	19.0	20.0	21.0	22.0	23.0	24.0	25.0	26.0	27.0	28.0	29.0	30.0	31.0	32.0	33.0	34.0	35.0	36.0	37.0	38.0	39.0	40.0
Cha-CPnd_071-Ex1-6D-lcwgs-1-1.1	1.0	1.0	2.0	4.0	13.0	22.0	35.0	102.0	191.0	366.0	666.0	4063.0	23068.0	4349.0	1918.0	1697.0	2061.0	2606.0	3254.0	3835.0	4831.0	5875.0	7534.0	9852.0	14766.0	29183.0	152406.0
	12.0	13.0	14.0	15.0	16.0	17.0	18.0	19.0	20.0	21.0	22.0	23.0	24.0	25.0	26.0	27.0	28.0	29.0	30.0	31.0	32.0	33.0	34.0	35.0	36.0	37.0	38.0	39.0	40.0
Cha-CPnd_071-Ex1-6D-lcwgs-1-1.2	3.0	32.0	73.0	100.0	110.0	212.0	365.0	537.0	747.0	968.0	1158.0	1337.0	1655.0	2295.0	11150.0	19850.0	5117.0	4211.0	3969.0	4026.0	4719.0	5495.0	6510.0	7856.0	10487.0	13762.0	20644.0	39467.0	105846.0
	16.0	17.0	18.0	19.0	20.0	21.0	22.0	23.0	24.0	25.0	26.0	27.0	28.0	29.0	30.0	31.0	32.0	33.0	34.0	35.0	36.0	37.0	38.0	39.0	40.0
Cha-CPnd_072-Ex1-3A-lcwgs-1-1.1	1.0	20.0	38.0	103.0	179.0	306.0	458.0	806.0	1196.0	3035.0	12103.0	4331.0	3955.0	4903.0	6146.0	8146.0	11157.0	14897.0	19437.0	24257.0	30120.0	38274.0	53599.0	98579.0	551305.0
	12.0	13.0	14.0	15.0	16.0	17.0	18.0	19.0	20.0	21.0	22.0	23.0	24.0	25.0	26.0	27.0	28.0	29.0	30.0	31.0	32.0	33.0	34.0	35.0	36.0	37.0	38.0	39.0	40.0
Cha-CPnd_072-Ex1-3A-lcwgs-1-1.2	8.0	99.0	154.0	152.0	227.0	617.0	1419.0	2325.0	3038.0	3977.0	4629.0	5333.0	6083.0	7113.0	11876.0	16529.0	11096.0	11614.0	13041.0	14876.0	17139.0	20978.0	25838.0	31812.0	38916.0	50300.0	71199.0	128640.0	388323.0
	12.0	13.0	14.0	15.0	16.0	17.0	18.0	19.0	20.0	21.0	22.0	23.0	24.0	25.0	26.0	27.0	28.0	29.0	30.0	31.0	32.0	33.0	34.0	35.0	36.0	37.0	38.0	39.0	40.0
Cha-CPnd_073-Ex1-2F-lcwgs-1-1.1	1.0	0.0	1.0	6.0	19.0	96.0	252.0	581.0	1049.0	1718.0	2721.0	3914.0	5863.0	10324.0	28864.0	17020.0	19225.0	24793.0	32535.0	43216.0	62745.0	87753.0	114759.0	141673.0	172681.0	213524.0	284773.0	490388.0	2820875.0
	12.0	13.0	14.0	15.0	16.0	17.0	18.0	19.0	20.0	21.0	22.0	23.0	24.0	25.0	26.0	27.0	28.0	29.0	30.0	31.0	32.0	33.0	34.0	35.0	36.0	37.0	38.0	39.0	40.0
Cha-CPnd_073-Ex1-2F-lcwgs-1-1.2	35.0	376.0	530.0	578.0	884.0	2297.0	5085.0	8577.0	11998.0	15028.0	18474.0	22064.0	25092.0	29341.0	40851.0	53734.0	47431.0	53094.0	60677.0	70451.0	84550.0	108009.0	138046.0	171810.0	209055.0	261960.0	355797.0	621676.0	2163869.0
	16.0	17.0	18.0	19.0	20.0	21.0	22.0	23.0	24.0	25.0	26.0	27.0	28.0	29.0	30.0	31.0	32.0	33.0	34.0	35.0	36.0	37.0	38.0	39.0	40.0
Cha-CPnd_074-Ex1-2D-lcwgs-1-1.1	9.0	21.0	62.0	96.0	217.0	323.0	518.0	722.0	1147.0	2136.0	6640.0	3309.0	3368.0	4404.0	5642.0	7607.0	11110.0	15883.0	21058.0	26517.0	31514.0	37923.0	48297.0	79776.0	433520.0
	11.0	12.0	13.0	14.0	15.0	16.0	17.0	18.0	19.0	20.0	21.0	22.0	23.0	24.0	25.0	26.0	27.0	28.0	29.0	30.0	31.0	32.0	33.0	34.0	35.0	36.0	37.0	38.0	39.0	40.0
Cha-CPnd_074-Ex1-2D-lcwgs-1-1.2	1.0	5.0	83.0	135.0	132.0	186.0	364.0	839.0	1284.0	1857.0	2352.0	2787.0	3294.0	3823.0	4544.0	7073.0	9408.0	7221.0	7912.0	9002.0	10411.0	12964.0	17157.0	23224.0	29503.0	36586.0	44970.0	60008.0	103076.0	341618.0
	15.0	16.0	17.0	18.0	19.0	20.0	21.0	22.0	23.0	24.0	25.0	26.0	27.0	28.0	29.0	30.0	31.0	32.0	33.0	34.0	35.0	36.0	37.0	38.0	39.0	40.0
Cha-CPnd_076-Ex1-4C-lcwgs-1-1.1	1.0	3.0	34.0	72.0	159.0	290.0	447.0	656.0	1040.0	1651.0	4725.0	19127.0	5888.0	4646.0	5789.0	7231.0	10248.0	16082.0	23454.0	30350.0	35640.0	40972.0	48136.0	59955.0	95863.0	521996.0
	12.0	13.0	14.0	15.0	16.0	17.0	18.0	19.0	20.0	21.0	22.0	23.0	24.0	25.0	26.0	27.0	28.0	29.0	30.0	31.0	32.0	33.0	34.0	35.0	36.0	37.0	38.0	39.0	40.0
Cha-CPnd_076-Ex1-4C-lcwgs-1-1.2	5.0	110.0	201.0	181.0	219.0	421.0	831.0	1321.0	1874.0	2369.0	3107.0	3728.0	4466.0	5546.0	13401.0	19451.0	9783.0	10052.0	11190.0	13239.0	17126.0	24235.0	32434.0	40625.0	47628.0	57347.0	74271.0	126945.0	412349.0
	14.0	15.0	16.0	17.0	18.0	19.0	20.0	21.0	22.0	23.0	24.0	25.0	26.0	27.0	28.0	29.0	30.0	31.0	32.0	33.0	34.0	35.0	36.0	37.0	38.0	39.0	40.0
Cha-CPnd_077-Ex1-6G-lcwgs-1-1.1	1.0	2.0	17.0	101.0	303.0	639.0	1126.0	1917.0	2967.0	4749.0	7406.0	23174.0	95594.0	28731.0	23525.0	28860.0	36629.0	48903.0	69386.0	93933.0	120575.0	146074.0	178914.0	226563.0	313396.0	573854.0	3319271.0
	11.0	12.0	13.0	14.0	15.0	16.0	17.0	18.0	19.0	20.0	21.0	22.0	23.0	24.0	25.0	26.0	27.0	28.0	29.0	30.0	31.0	32.0	33.0	34.0	35.0	36.0	37.0	38.0	39.0	40.0
Cha-CPnd_077-Ex1-6G-lcwgs-1-1.2	2.0	27.0	498.0	757.0	833.0	1325.0	3021.0	6037.0	9967.0	14078.0	18132.0	21943.0	26222.0	30581.0	36646.0	75842.0	109633.0	61870.0	64506.0	71255.0	81007.0	96806.0	122217.0	152604.0	187029.0	228386.0	290378.0	409579.0	749672.0	2475757.0
	15.0	16.0	17.0	18.0	19.0	20.0	21.0	22.0	23.0	24.0	25.0	26.0	27.0	28.0	29.0	30.0	31.0	32.0	33.0	34.0	35.0	36.0	37.0	38.0	39.0	40.0
Cha-CPnd_078-Ex1-4D-lcwgs-1-1.1	2.0	12.0	21.0	70.0	173.0	341.0	522.0	759.0	1227.0	1947.0	4191.0	15005.0	6245.0	6190.0	7831.0	9996.0	12916.0	17270.0	22453.0	29109.0	36699.0	46116.0	60011.0	85401.0	159752.0	906489.0
	12.0	13.0	14.0	15.0	16.0	17.0	18.0	19.0	20.0	21.0	22.0	23.0	24.0	25.0	26.0	27.0	28.0	29.0	30.0	31.0	32.0	33.0	34.0	35.0	36.0	37.0	38.0	39.0	40.0
Cha-CPnd_078-Ex1-4D-lcwgs-1-1.2	8.0	110.0	186.0	238.0	457.0	1106.0	2413.0	3884.0	5106.0	6365.0	7339.0	8617.0	9804.0	10983.0	17037.0	23324.0	17433.0	18873.0	21079.0	23523.0	27038.0	32718.0	39668.0	49115.0	60610.0	78916.0	112723.0	207621.0	644454.0
	15.0	16.0	17.0	18.0	19.0	20.0	21.0	22.0	23.0	24.0	25.0	26.0	27.0	28.0	29.0	30.0	31.0	32.0	33.0	34.0	35.0	36.0	37.0	38.0	39.0	40.0
Cha-CPnd_079-Ex1-4H-lcwgs-1-1.1	3.0	10.0	48.0	163.0	385.0	711.0	1155.0	1723.0	2598.0	4122.0	10683.0	42849.0	13711.0	11992.0	14822.0	18881.0	26770.0	40551.0	57864.0	73281.0	88271.0	102420.0	122361.0	157875.0	263132.0	1463431.0
	12.0	13.0	14.0	15.0	16.0	17.0	18.0	19.0	20.0	21.0	22.0	23.0	24.0	25.0	26.0	27.0	28.0	29.0	30.0	31.0	32.0	33.0	34.0	35.0	36.0	37.0	38.0	39.0	40.0
Cha-CPnd_079-Ex1-4H-lcwgs-1-1.2	22.0	261.0	418.0	435.0	600.0	1319.0	2686.0	4230.0	5840.0	7664.0	9549.0	11084.0	13374.0	15710.0	31720.0	48741.0	26566.0	28464.0	31399.0	36414.0	45672.0	62640.0	81338.0	102012.0	121173.0	148516.0	196948.0	338581.0	1146436.0
	15.0	16.0	17.0	18.0	19.0	20.0	21.0	22.0	23.0	24.0	25.0	26.0	27.0	28.0	29.0	30.0	31.0	32.0	33.0	34.0	35.0	36.0	37.0	38.0	39.0	40.0
Cha-CPnd_081-Ex1-8C-lcwgs-1-1.1	2.0	6.0	22.0	74.0	130.0	341.0	446.0	689.0	1062.0	1644.0	3603.0	12555.0	5152.0	4917.0	5897.0	7875.0	11272.0	18591.0	28294.0	37025.0	44163.0	49910.0	56649.0	67319.0	101488.0	534223.0
	12.0	13.0	14.0	15.0	16.0	17.0	18.0	19.0	20.0	21.0	22.0	23.0	24.0	25.0	26.0	27.0	28.0	29.0	30.0	31.0	32.0	33.0	34.0	35.0	36.0	37.0	38.0	39.0	40.0
Cha-CPnd_081-Ex1-8C-lcwgs-1-1.2	6.0	105.0	182.0	173.0	215.0	378.0	678.0	1173.0	1661.0	2183.0	2915.0	3405.0	4256.0	5156.0	10305.0	14334.0	9036.0	9845.0	11083.0	13430.0	18073.0	27201.0	37837.0	47649.0	55587.0	65387.0	83376.0	135987.0	431733.0
	16.0	17.0	18.0	19.0	20.0	21.0	22.0	23.0	24.0	25.0	26.0	27.0	28.0	29.0	30.0	31.0	32.0	33.0	34.0	35.0	36.0	37.0	38.0	39.0	40.0
Cha-CPnd_082-Ex1-8B-lcwgs-1-1.1	6.0	22.0	67.0	162.0	260.0	453.0	667.0	1017.0	1606.0	3534.0	12745.0	5185.0	5143.0	6306.0	8105.0	11574.0	18927.0	29549.0	39190.0	46467.0	52089.0	57910.0	67783.0	100417.0	520433.0
	12.0	13.0	14.0	15.0	16.0	17.0	18.0	19.0	20.0	21.0	22.0	23.0	24.0	25.0	26.0	27.0	28.0	29.0	30.0	31.0	32.0	33.0	34.0	35.0	36.0	37.0	38.0	39.0	40.0
Cha-CPnd_082-Ex1-8B-lcwgs-1-1.2	7.0	94.0	152.0	149.0	202.0	349.0	647.0	1063.0	1577.0	2142.0	2837.0	3299.0	4028.0	4955.0	9573.0	14162.0	8641.0	9035.0	10611.0	12494.0	16913.0	25878.0	37759.0	47943.0	56633.0	65491.0	80620.0	125777.0	446586.0
	14.0	15.0	16.0	17.0	18.0	19.0	20.0	21.0	22.0	23.0	24.0	25.0	26.0	27.0	28.0	29.0	30.0	31.0	32.0	33.0	34.0	35.0	36.0	37.0	38.0	39.0	40.0
Cha-CPnd_083-Ex1-6A-lcwgs-1-1.1	1.0	0.0	1.0	6.0	16.0	17.0	40.0	96.0	164.0	425.0	829.0	5939.0	32829.0	6064.0	2160.0	1849.0	2004.0	2412.0	2806.0	3413.0	4057.0	5136.0	6585.0	8689.0	13070.0	27263.0	133519.0
	13.0	14.0	15.0	16.0	17.0	18.0	19.0	20.0	21.0	22.0	23.0	24.0	25.0	26.0	27.0	28.0	29.0	30.0	31.0	32.0	33.0	34.0	35.0	36.0	37.0	38.0	39.0	40.0
Cha-CPnd_083-Ex1-6A-lcwgs-1-1.2	40.0	82.0	97.0	122.0	233.0	373.0	533.0	757.0	913.0	1129.0	1410.0	1681.0	2331.0	15395.0	27509.0	5995.0	4498.0	4005.0	3853.0	4368.0	4973.0	5909.0	7379.0	9141.0	12300.0	18796.0	36239.0	89329.0
	14.0	15.0	16.0	17.0	18.0	19.0	20.0	21.0	22.0	23.0	24.0	25.0	26.0	27.0	28.0	29.0	30.0	31.0	32.0	33.0	34.0	35.0	36.0	37.0	38.0	39.0	40.0
Cha-CPnd_084-Ex1-4F-lcwgs-1-1.1	1.0	0.0	9.0	39.0	75.0	189.0	330.0	529.0	901.0	1245.0	1971.0	5579.0	23036.0	6893.0	5332.0	6343.0	8192.0	11705.0	18837.0	27169.0	34679.0	40478.0	45583.0	52208.0	63191.0	97959.0	518039.0
	12.0	13.0	14.0	15.0	16.0	17.0	18.0	19.0	20.0	21.0	22.0	23.0	24.0	25.0	26.0	27.0	28.0	29.0	30.0	31.0	32.0	33.0	34.0	35.0	36.0	37.0	38.0	39.0	40.0
Cha-CPnd_084-Ex1-4F-lcwgs-1-1.2	8.0	136.0	185.0	200.0	290.0	441.0	857.0	1375.0	1902.0	2406.0	3075.0	3702.0	4492.0	5543.0	13844.0	22944.0	10269.0	10235.0	10983.0	13019.0	17227.0	25513.0	34981.0	43451.0	50732.0	59904.0	75760.0	122050.0	434988.0
	14.0	15.0	16.0	17.0	18.0	19.0	20.0	21.0	22.0	23.0	24.0	25.0	26.0	27.0	28.0	29.0	30.0	31.0	32.0	33.0	34.0	35.0	36.0	37.0	38.0	39.0	40.0
Cha-CPnd_085-Ex1-5C-lcwgs-1-1.1	1.0	5.0	7.0	38.0	87.0	169.0	278.0	500.0	959.0	1584.0	2796.0	14148.0	76947.0	15153.0	6905.0	6655.0	7819.0	10536.0	15787.0	22010.0	27557.0	32754.0	37120.0	43294.0	55421.0	90392.0	494741.0
	12.0	13.0	14.0	15.0	16.0	17.0	18.0	19.0	20.0	21.0	22.0	23.0	24.0	25.0	26.0	27.0	28.0	29.0	30.0	31.0	32.0	33.0	34.0	35.0	36.0	37.0	38.0	39.0	40.0
Cha-CPnd_085-Ex1-5C-lcwgs-1-1.2	8.0	121.0	188.0	231.0	347.0	577.0	935.0	1456.0	2066.0	2692.0	3400.0	4179.0	5416.0	7411.0	39095.0	63325.0	16016.0	13505.0	12956.0	14030.0	17436.0	23770.0	30760.0	37773.0	44253.0	53468.0	70103.0	120540.0	377606.0
	14.0	15.0	16.0	17.0	18.0	19.0	20.0	21.0	22.0	23.0	24.0	25.0	26.0	27.0	28.0	29.0	30.0	31.0	32.0	33.0	34.0	35.0	36.0	37.0	38.0	39.0	40.0
Cha-CPnd_086-Ex1-5G-lcwgs-1-1.1	1.0	4.0	31.0	91.0	257.0	435.0	846.0	1383.0	2100.0	3212.0	5126.0	15780.0	66983.0	19121.0	14470.0	17009.0	21443.0	29025.0	41925.0	58941.0	75786.0	91788.0	109112.0	134178.0	177406.0	308463.0	1707689.0
	11.0	12.0	13.0	14.0	15.0	16.0	17.0	18.0	19.0	20.0	21.0	22.0	23.0	24.0	25.0	26.0	27.0	28.0	29.0	30.0	31.0	32.0	33.0	34.0	35.0	36.0	37.0	38.0	39.0	40.0
Cha-CPnd_086-Ex1-5G-lcwgs-1-1.2	2.0	28.0	427.0	663.0	632.0	876.0	1849.0	3488.0	5616.0	7580.0	9950.0	11797.0	14111.0	16625.0	20030.0	46815.0	71187.0	35054.0	35887.0	39527.0	44773.0	54795.0	71071.0	90810.0	112082.0	134488.0	166123.0	226607.0	400745.0	1278967.0

