#BaseNum	Match1	Sub1	Del1	Ins1	N1	Other1
1	0.97829	0.01957	0.00000	0.00000	0.00000	0.00215
2	0.97781	0.02004	0.00000	0.00000	0.00000	0.00215
3	0.98139	0.01623	0.00000	0.00048	0.00000	0.00191
4	0.98473	0.01288	0.00000	0.00048	0.00000	0.00191
5	0.98664	0.01074	0.00000	0.00072	0.00000	0.00191
6	0.98807	0.00931	0.00000	0.00095	0.00000	0.00167
7	0.98664	0.01050	0.00000	0.00119	0.00000	0.00167
8	0.98545	0.01265	0.00024	0.00048	0.00000	0.00143
9	0.98616	0.01193	0.00000	0.00048	0.00000	0.00143
10	0.98425	0.01384	0.00000	0.00048	0.00000	0.00143
11	0.98926	0.00883	0.00000	0.00048	0.00000	0.00143
12	0.98879	0.00954	0.00024	0.00048	0.00000	0.00119
13	0.99022	0.00859	0.00024	0.00024	0.00000	0.00095
14	0.98807	0.01074	0.00000	0.00024	0.00000	0.00095
15	0.98902	0.00954	0.00000	0.00048	0.00000	0.00095
16	0.98902	0.00978	0.00024	0.00024	0.00000	0.00095
17	0.99189	0.00692	0.00024	0.00024	0.00000	0.00095
18	0.98998	0.00859	0.00000	0.00048	0.00000	0.00095
19	0.98950	0.00931	0.00000	0.00024	0.00000	0.00095
20	0.99117	0.00764	0.00000	0.00024	0.00000	0.00095
21	0.99117	0.00764	0.00000	0.00024	0.00000	0.00095
22	0.99046	0.00835	0.00000	0.00024	0.00000	0.00095
23	0.99213	0.00668	0.00000	0.00024	0.00000	0.00095
24	0.99093	0.00787	0.00000	0.00024	0.00000	0.00095
25	0.99141	0.00764	0.00000	0.00024	0.00000	0.00072
26	0.99189	0.00764	0.00000	0.00000	0.00000	0.00048
27	0.99093	0.00859	0.00000	0.00000	0.00000	0.00048
28	0.99213	0.00716	0.00000	0.00024	0.00000	0.00048
29	0.99046	0.00883	0.00000	0.00024	0.00000	0.00048
30	0.99165	0.00787	0.00024	0.00000	0.00000	0.00048
31	0.99451	0.00501	0.00000	0.00000	0.00000	0.00048
32	0.99284	0.00668	0.00000	0.00000	0.00000	0.00048
33	0.98998	0.00954	0.00000	0.00000	0.00000	0.00048
34	0.99141	0.00811	0.00000	0.00000	0.00000	0.00048
35	0.99475	0.00477	0.00024	0.00000	0.00000	0.00048
36	0.99069	0.00859	0.00024	0.00024	0.00000	0.00048
37	0.99379	0.00526	0.00000	0.00048	0.00000	0.00048
38	0.99068	0.00860	0.00000	0.00024	0.00000	0.00048
39	0.99258	0.00670	0.00048	0.00024	0.00000	0.00048
40	0.99162	0.00742	0.00024	0.00048	0.00000	0.00048
41	0.99330	0.00574	0.00000	0.00048	0.00000	0.00048
42	0.99210	0.00694	0.00000	0.00048	0.00000	0.00048
43	0.98994	0.00934	0.00000	0.00048	0.00000	0.00024
44	0.99233	0.00671	0.00000	0.00072	0.00000	0.00024
45	0.99400	0.00552	0.00000	0.00024	0.00000	0.00024
46	0.99135	0.00817	0.00000	0.00024	0.00000	0.00024
47	0.99375	0.00577	0.00000	0.00024	0.00000	0.00024
48	0.99397	0.00555	0.00000	0.00024	0.00000	0.00024
49	0.99324	0.00628	0.00000	0.00024	0.00000	0.00024
50	0.99371	0.00604	0.00000	0.00000	0.00000	0.00024
51	0.99249	0.00751	0.00048	0.00000	0.00000	0.00000
52	0.99248	0.00752	0.00000	0.00000	0.00000	0.00000
53	0.99490	0.00510	0.00000	0.00000	0.00000	0.00000
54	0.99514	0.00486	0.00000	0.00000	0.00000	0.00000
55	0.99148	0.00852	0.00000	0.00000	0.00000	0.00000
56	0.99439	0.00561	0.00000	0.00000	0.00000	0.00000
57	0.99364	0.00636	0.00000	0.00000	0.00000	0.00000
58	0.99461	0.00539	0.00000	0.00000	0.00000	0.00000
59	0.99289	0.00711	0.00000	0.00000	0.00000	0.00000
60	0.99411	0.00589	0.00025	0.00000	0.00000	0.00000
61	0.99484	0.00516	0.00025	0.00000	0.00000	0.00000
62	0.99385	0.00615	0.00000	0.00000	0.00000	0.00000
63	0.99261	0.00739	0.00025	0.00000	0.00000	0.00000
64	0.99310	0.00665	0.00000	0.00025	0.00000	0.00000
65	0.99383	0.00617	0.00025	0.00000	0.00000	0.00000
66	0.99111	0.00889	0.00000	0.00000	0.00000	0.00000
67	0.99135	0.00865	0.00000	0.00000	0.00000	0.00000
68	0.99381	0.00619	0.00000	0.00000	0.00000	0.00000
69	0.99379	0.00621	0.00000	0.00000	0.00000	0.00000
70	0.99478	0.00522	0.00000	0.00000	0.00000	0.00000
71	0.99478	0.00522	0.00000	0.00000	0.00000	0.00000
72	0.99452	0.00548	0.00000	0.00000	0.00000	0.00000
73	0.99426	0.00549	0.00025	0.00025	0.00000	0.00000
74	0.99300	0.00700	0.00000	0.00000	0.00000	0.00000
75	0.99373	0.00627	0.00000	0.00000	0.00000	0.00000
76	0.99321	0.00653	0.00000	0.00000	0.00000	0.00025
77	0.99069	0.00906	0.00000	0.00000	0.00000	0.00025
78	0.99344	0.00631	0.00000	0.00000	0.00000	0.00025
79	0.99241	0.00683	0.00000	0.00025	0.00000	0.00051
80	0.99139	0.00785	0.00025	0.00025	0.00000	0.00051
81	0.99036	0.00888	0.00000	0.00025	0.00000	0.00051
82	0.99340	0.00609	0.00025	0.00000	0.00000	0.00051
83	0.99007	0.00968	0.00025	0.00000	0.00000	0.00025
84	0.99132	0.00842	0.00000	0.00000	0.00000	0.00026
85	0.99361	0.00614	0.00000	0.00000	0.00000	0.00026
86	0.99077	0.00872	0.00000	0.00026	0.00000	0.00026
87	0.99202	0.00772	0.00000	0.00000	0.00000	0.00026
88	0.99252	0.00696	0.00000	0.00000	0.00000	0.00052
89	0.99199	0.00750	0.00000	0.00000	0.00000	0.00052
90	0.99093	0.00856	0.00000	0.00000	0.00000	0.00052
91	0.99090	0.00858	0.00000	0.00000	0.00000	0.00052
92	0.99270	0.00677	0.00000	0.00000	0.00000	0.00052
93	0.99057	0.00838	0.00000	0.00000	0.00000	0.00105
94	0.99131	0.00764	0.00053	0.00000	0.00000	0.00105
95	0.98890	0.01004	0.00000	0.00000	0.00000	0.00106
96	0.98911	0.00983	0.00000	0.00000	0.00000	0.00106
97	0.99224	0.00643	0.00000	0.00000	0.00000	0.00134
98	0.99111	0.00754	0.00000	0.00000	0.00000	0.00135
99	0.99161	0.00704	0.00000	0.00000	0.00000	0.00135
100	0.99180	0.00683	0.00000	0.00027	0.00000	0.00109
101	0.99148	0.00687	0.00000	0.00000	0.00000	0.00165
102	0.99058	0.00775	0.00000	0.00000	0.00000	0.00166
103	0.99081	0.00724	0.00000	0.00028	0.00000	0.00167
104	0.98930	0.00873	0.00000	0.00028	0.00000	0.00169
105	0.99120	0.00681	0.00000	0.00028	0.00000	0.00170
106	0.98943	0.00800	0.00000	0.00057	0.00000	0.00200
107	0.99193	0.00577	0.00000	0.00029	0.00000	0.00202
108	0.98868	0.00871	0.00000	0.00058	0.00000	0.00203
109	0.99090	0.00646	0.00000	0.00029	0.00000	0.00235
110	0.99023	0.00710	0.00000	0.00000	0.00000	0.00266
111	0.99341	0.00389	0.00000	0.00000	0.00000	0.00269
112	0.98761	0.00967	0.00000	0.00000	0.00000	0.00272
113	0.99296	0.00428	0.00031	0.00000	0.00000	0.00275
114	0.98919	0.00803	0.00031	0.00000	0.00000	0.00278
115	0.98749	0.00970	0.00000	0.00000	0.00000	0.00282
116	0.98827	0.00856	0.00000	0.00000	0.00000	0.00317
117	0.98591	0.01121	0.00000	0.00000	0.00000	0.00288
118	0.98996	0.00745	0.00000	0.00000	0.00000	0.00259
119	0.98657	0.01048	0.00033	0.00033	0.00000	0.00262
120	0.98909	0.00761	0.00000	0.00066	0.00000	0.00265
121	0.98962	0.00703	0.00000	0.00067	0.00000	0.00268
122	0.98949	0.00610	0.00000	0.00170	0.00000	0.00271
123	0.98487	0.01100	0.00000	0.00138	0.00000	0.00275
124	0.98611	0.00903	0.00000	0.00208	0.00000	0.00278
125	0.98980	0.00563	0.00000	0.00176	0.00000	0.00281
126	0.98855	0.00644	0.00036	0.00215	0.00000	0.00286
127	0.98729	0.00835	0.00000	0.00182	0.00000	0.00254
128	0.98487	0.01033	0.00000	0.00221	0.00000	0.00258
129	0.98990	0.00673	0.00000	0.00075	0.00000	0.00262
130	0.98935	0.00723	0.00076	0.00038	0.00000	0.00304
131	0.98844	0.00770	0.00000	0.00077	0.00000	0.00308
132	0.98161	0.01448	0.00000	0.00078	0.00000	0.00313
133	0.98965	0.00676	0.00000	0.00040	0.00000	0.00318
134	0.99149	0.00486	0.00000	0.00081	0.00000	0.00284
135	0.98561	0.01110	0.00000	0.00041	0.00000	0.00288
136	0.98370	0.01338	0.00000	0.00000	0.00000	0.00293
137	0.98896	0.00806	0.00000	0.00000	0.00000	0.00297
138	0.98570	0.01083	0.00000	0.00043	0.00000	0.00303
139	0.98768	0.00880	0.00000	0.00044	0.00000	0.00308
140	0.98837	0.00805	0.00000	0.00045	0.00000	0.00313
141	0.98955	0.00727	0.00000	0.00000	0.00000	0.00318
142	0.99027	0.00649	0.00000	0.00000	0.00000	0.00324
143	0.98823	0.00847	0.00000	0.00000	0.00000	0.00330
144	0.98709	0.00956	0.00048	0.00000	0.00000	0.00335
145	0.98785	0.00875	0.00000	0.00000	0.00000	0.00340
146	0.98770	0.00886	0.00000	0.00000	0.00000	0.00344
147	0.98787	0.00859	0.00000	0.00000	0.00000	0.00354
148	0.98868	0.00772	0.00000	0.00000	0.00000	0.00360
149	0.98364	0.01214	0.00000	0.00000	0.00000	0.00422
150	0.98103	0.01451	0.00000	0.00000	0.00000	0.00446
