Sample	32	37	42	47	52	57	62	67	72	77	82	87	92	97	102	107	112	117	122	127	132	137	142	147	150
Cvi-APal_001-Ex1-1A-lcwgs-1-T.clmp.fp2_repr.R1	163.0	619.0	794.0	1133.0	1914.0	2657.0	3376.0	4488.0	5223.0	5559.0	6126.0	6749.0	7403.0	7849.0	8260.0	8622.0	8662.0	8400.0	9235.0	9024.0	8668.0	8021.0	4939.0	16465.0	71889.0
Cvi-APal_001-Ex1-1A-lcwgs-1-T.clmp.fp2_repr.R2	289.0	862.0	1004.0	1213.0	1601.0	2041.0	2727.0	3611.0	4220.0	4710.0	5419.0	5837.0	6427.0	6960.0	7140.0	7515.0	7507.0	7677.0	7894.0	7916.0	7501.0	7350.0	5323.0	17296.0	86198.0
Cvi-APal_002-Ex1-1B-lcwgs-1-T.clmp.fp2_repr.R1	1268.0	4933.0	7740.0	11810.0	17479.0	24260.0	32841.0	42238.0	49338.0	52485.0	53718.0	53695.0	53085.0	50353.0	47864.0	45251.0	41657.0	37003.0	35294.0	31538.0	29119.0	25668.0	16851.0	41808.0	168682.0
Cvi-APal_002-Ex1-1B-lcwgs-1-T.clmp.fp2_repr.R2	1369.0	4866.0	7431.0	10699.0	14929.0	20510.0	29366.0	38305.0	45715.0	50086.0	52044.0	51825.0	51139.0	48916.0	45700.0	43031.0	39767.0	35941.0	32806.0	30530.0	27407.0	24729.0	18770.0	44511.0	205586.0
Cvi-APal_003-Ex1-1C-lcwgs-1-T.clmp.fp2_repr.R1	2700.0	10712.0	16555.0	23503.0	31946.0	40232.0	50863.0	62558.0	71908.0	76056.0	77886.0	77652.0	75409.0	71198.0	66776.0	61114.0	55368.0	48183.0	43631.0	37652.0	32729.0	28291.0	19421.0	35475.0	124807.0
Cvi-APal_003-Ex1-1C-lcwgs-1-T.clmp.fp2_repr.R2	2512.0	9853.0	15424.0	21446.0	27678.0	35140.0	46358.0	57936.0	67635.0	73627.0	76619.0	76347.0	74369.0	70596.0	65766.0	60301.0	54952.0	48673.0	43261.0	38140.0	32684.0	28716.0	22248.0	37840.0	154504.0
Cvi-APal_004-Ex1-1D-lcwgs-1-T.clmp.fp2_repr.R1	6713.0	27748.0	45257.0	64480.0	86800.0	107138.0	129602.0	154776.0	172941.0	180675.0	184986.0	183134.0	178328.0	171059.0	161945.0	151007.0	137322.0	121980.0	110541.0	96243.0	84641.0	72355.0	53868.0	77570.0	229016.0
Cvi-APal_004-Ex1-1D-lcwgs-1-T.clmp.fp2_repr.R2	6114.0	25376.0	42171.0	59397.0	76995.0	95701.0	119296.0	144391.0	163437.0	175548.0	182265.0	179422.0	175281.0	169098.0	159219.0	148781.0	136728.0	123072.0	110246.0	98814.0	86423.0	76404.0	62618.0	82572.0	290756.0
Cvi-APal_005-Ex1-1E-lcwgs-1-T.clmp.fp2_repr.R1	10523.0	43943.0	67887.0	89845.0	108590.0	123051.0	135944.0	147075.0	153049.0	151011.0	147082.0	138305.0	128843.0	118011.0	106086.0	94820.0	82042.0	69041.0	58831.0	48631.0	40396.0	33321.0	24439.0	30063.0	77395.0
Cvi-APal_005-Ex1-1E-lcwgs-1-T.clmp.fp2_repr.R2	9901.0	41807.0	65024.0	85902.0	101673.0	115177.0	129731.0	141026.0	148591.0	149373.0	146749.0	138301.0	129238.0	118598.0	106693.0	95559.0	83372.0	71335.0	60344.0	51155.0	42554.0	36038.0	28720.0	32819.0	98544.0
Cvi-APal_006-Ex1-1F-lcwgs-1-T.clmp.fp2_repr.R1	597.0	2408.0	3733.0	5902.0	9034.0	12410.0	16655.0	21950.0	25868.0	28649.0	30360.0	31439.0	32101.0	32265.0	31195.0	30236.0	28296.0	26414.0	24487.0	22403.0	20342.0	18161.0	11868.0	28166.0	108686.0
Cvi-APal_006-Ex1-1F-lcwgs-1-T.clmp.fp2_repr.R2	703.0	2380.0	3499.0	5292.0	7562.0	10120.0	14460.0	19459.0	23432.0	26892.0	28894.0	29863.0	30694.0	30951.0	29513.0	28511.0	26918.0	25655.0	22943.0	21515.0	19326.0	17793.0	13375.0	29733.0	134142.0
Cvi-APal_007-Ex1-1G-lcwgs-1-T.clmp.fp2_repr.R1	381.0	1346.0	1979.0	2803.0	4346.0	5771.0	7629.0	9936.0	11601.0	12465.0	13681.0	14750.0	15328.0	15867.0	16024.0	16288.0	16080.0	15389.0	15619.0	14845.0	13941.0	12657.0	7963.0	22844.0	94400.0
Cvi-APal_007-Ex1-1G-lcwgs-1-T.clmp.fp2_repr.R2	483.0	1518.0	1967.0	2634.0	3490.0	4381.0	6206.0	8155.0	9764.0	11115.0	12249.0	13374.0	13695.0	14335.0	14297.0	14621.0	14324.0	14099.0	13624.0	13568.0	12613.0	11873.0	8854.0	24130.0	118564.0
Cvi-APal_008-Ex1-1H-lcwgs-1-T.clmp.fp2_repr.R1	712.0	2610.0	3870.0	5578.0	8024.0	10638.0	13740.0	17680.0	20512.0	21549.0	22973.0	23660.0	24568.0	24545.0	24406.0	23862.0	23330.0	21934.0	22224.0	20704.0	19976.0	17937.0	11412.0	32206.0	136164.0
Cvi-APal_008-Ex1-1H-lcwgs-1-T.clmp.fp2_repr.R2	867.0	2853.0	3929.0	5355.0	6768.0	8861.0	11811.0	15259.0	18033.0	19749.0	21334.0	21848.0	22689.0	22788.0	22011.0	21570.0	21266.0	20537.0	19735.0	19125.0	18204.0	16994.0	12535.0	33766.0	166927.0
Cvi-APal_009-Ex1-2A-lcwgs-1-T.clmp.fp2_repr.R1	258.0	1033.0	1437.0	2102.0	3549.0	5138.0	6952.0	9132.0	10665.0	11635.0	12574.0	13973.0	15098.0	15406.0	16323.0	16723.0	16686.0	16290.0	16322.0	15793.0	15364.0	14254.0	8520.0	27096.0	117817.0
Cvi-APal_009-Ex1-2A-lcwgs-1-T.clmp.fp2_repr.R2	466.0	1381.0	1724.0	2184.0	2972.0	4064.0	5780.0	7573.0	8917.0	10200.0	11646.0	12520.0	13654.0	14112.0	14456.0	14903.0	15131.0	14852.0	14369.0	14602.0	13582.0	13241.0	9206.0	28606.0	139999.0
Cvi-APal_010-Ex1-2B-lcwgs-1-T.clmp.fp2_repr.R1	693.0	2544.0	3801.0	5805.0	8451.0	11711.0	16103.0	20230.0	23877.0	25828.0	27686.0	29613.0	30999.0	31079.0	31871.0	31675.0	30724.0	28819.0	29154.0	26893.0	25951.0	23146.0	14657.0	42266.0	180528.0
Cvi-APal_010-Ex1-2B-lcwgs-1-T.clmp.fp2_repr.R2	935.0	3005.0	4090.0	5524.0	7093.0	9579.0	13597.0	17292.0	21111.0	23513.0	25857.0	27543.0	28787.0	29140.0	29336.0	29308.0	28582.0	26857.0	26004.0	25200.0	23265.0	21981.0	16022.0	44207.0	216276.0
Cvi-APal_011-Ex1-2C-lcwgs-1-T.clmp.fp2_repr.R1	380.0	1248.0	1620.0	2472.0	3813.0	5361.0	7138.0	9056.0	10298.0	10953.0	11737.0	13160.0	14483.0	15894.0	17417.0	18577.0	18778.0	18831.0	20527.0	20386.0	20277.0	18984.0	10616.0	40196.0	183123.0
Cvi-APal_011-Ex1-2C-lcwgs-1-T.clmp.fp2_repr.R2	718.0	1977.0	2401.0	2911.0	3455.0	4235.0	5646.0	6931.0	7919.0	8949.0	9995.0	11112.0	12396.0	13991.0	14509.0	15645.0	16193.0	16735.0	16848.0	18253.0	17343.0	16875.0	11291.0	41991.0	217006.0
Cvi-APal_012-Ex1-2D-lcwgs-1-T.clmp.fp2_repr.R1	974.0	3608.0	5372.0	7793.0	12033.0	16597.0	21938.0	28078.0	32968.0	36083.0	38811.0	41082.0	43039.0	43939.0	44540.0	44613.0	43718.0	41621.0	41889.0	39124.0	37761.0	34612.0	21036.0	63846.0	274781.0
Cvi-APal_012-Ex1-2D-lcwgs-1-T.clmp.fp2_repr.R2	1369.0	4129.0	5822.0	7778.0	10354.0	13554.0	18755.0	24236.0	28913.0	32489.0	36274.0	37821.0	39854.0	41056.0	40489.0	40428.0	40040.0	38759.0	36756.0	36169.0	33510.0	32051.0	22790.0	65379.0	331081.0
Cvi-APal_013-Ex1-2E-lcwgs-1-T.clmp.fp2_repr.R1	2652.0	10449.0	15693.0	22927.0	32555.0	42933.0	55283.0	70102.0	81525.0	86633.0	87883.0	86313.0	84762.0	80541.0	76673.0	71099.0	64429.0	57795.0	53474.0	47123.0	42962.0	37855.0	24510.0	58881.0	235670.0
Cvi-APal_013-Ex1-2E-lcwgs-1-T.clmp.fp2_repr.R2	2732.0	10258.0	15177.0	21583.0	28696.0	37506.0	50147.0	64487.0	76455.0	83283.0	85439.0	83731.0	82413.0	78701.0	73793.0	68226.0	62353.0	56485.0	50447.0	45676.0	40743.0	36980.0	27549.0	61767.0	286095.0
Cvi-APal_014-Ex1-2F-lcwgs-1-T.clmp.fp2_repr.R1	20034.0	80421.0	118972.0	156035.0	193610.0	227313.0	262065.0	301363.0	327460.0	335181.0	333825.0	320670.0	303175.0	281811.0	259792.0	233058.0	203967.0	175269.0	149825.0	125192.0	104786.0	86490.0	63413.0	83925.0	231117.0
Cvi-APal_014-Ex1-2F-lcwgs-1-T.clmp.fp2_repr.R2	18785.0	75894.0	113285.0	147328.0	177703.0	209334.0	246799.0	286994.0	315494.0	329825.0	331954.0	319093.0	302520.0	282309.0	259993.0	233497.0	206787.0	179570.0	152549.0	129874.0	109288.0	92533.0	74054.0	90287.0	293020.0
Cvi-APal_015-Ex1-2G-lcwgs-1-T.clmp.fp2_repr.R1	1149.0	4463.0	6675.0	9233.0	12823.0	17071.0	21378.0	26814.0	30616.0	32658.0	33618.0	33861.0	33800.0	33384.0	32025.0	30998.0	28188.0	26292.0	25045.0	22868.0	21083.0	18787.0	11918.0	31264.0	125742.0
Cvi-APal_015-Ex1-2G-lcwgs-1-T.clmp.fp2_repr.R2	1190.0	4541.0	6527.0	8623.0	11220.0	14630.0	19198.0	24273.0	28200.0	30884.0	32467.0	32431.0	32309.0	32250.0	30507.0	29215.0	26807.0	25310.0	23143.0	21803.0	19486.0	17958.0	13324.0	32396.0	153061.0
Cvi-APal_016-Ex1-2H-lcwgs-1-T.clmp.fp2_repr.R1	3959.0	14278.0	19858.0	27219.0	36349.0	44192.0	53597.0	64710.0	72732.0	78092.0	82791.0	86897.0	88186.0	88356.0	87544.0	86162.0	82024.0	76361.0	71843.0	66651.0	60724.0	54100.0	39908.0	66060.0	219933.0
Cvi-APal_016-Ex1-2H-lcwgs-1-T.clmp.fp2_repr.R2	3854.0	13584.0	18771.0	24979.0	31166.0	37681.0	47342.0	58169.0	66263.0	73384.0	79312.0	82685.0	84818.0	85080.0	84112.0	82979.0	79470.0	75039.0	69589.0	66516.0	60200.0	55652.0	45915.0	69655.0	276311.0
Cvi-APal_017-Ex2-4D-lcwgs-1-T.clmp.fp2_repr.R1	1233.0	4669.0	7210.0	10883.0	16414.0	22388.0	30379.0	39523.0	47139.0	51122.0	54629.0	56632.0	58577.0	57975.0	57266.0	55274.0	52756.0	48453.0	47393.0	42979.0	40221.0	35778.0	23004.0	60984.0	252023.0
Cvi-APal_017-Ex2-4D-lcwgs-1-T.clmp.fp2_repr.R2	1481.0	5029.0	7195.0	10144.0	13850.0	18464.0	26323.0	34968.0	42290.0	47542.0	51921.0	53266.0	55498.0	55089.0	53590.0	51687.0	49416.0	46308.0	43246.0	41104.0	37211.0	34105.0	25668.0	63239.0	306270.0
Cvi-APal_018-Ex1-3A-lcwgs-1-T.clmp.fp2_repr.R1	1396.0	5618.0	8651.0	12144.0	16658.0	21820.0	27733.0	33361.0	38238.0	39689.0	41471.0	40638.0	39751.0	37635.0	35556.0	33444.0	30342.0	27150.0	24840.0	22149.0	19944.0	17480.0	11126.0	25222.0	97316.0
Cvi-APal_018-Ex1-3A-lcwgs-1-T.clmp.fp2_repr.R2	1434.0	5553.0	8406.0	11292.0	14825.0	19471.0	25460.0	31048.0	35966.0	38343.0	40597.0	39732.0	38789.0	37316.0	34743.0	32416.0	29725.0	26900.0	23947.0	22020.0	19146.0	17369.0	12645.0	26973.0	115256.0
Cvi-APal_019-Ex1-3B-lcwgs-1-T.clmp.fp2_repr.R1	3652.0	15292.0	22934.0	31735.0	41668.0	51561.0	63551.0	75949.0	85074.0	88425.0	88367.0	85559.0	81665.0	76032.0	70645.0	64235.0	57125.0	49716.0	44829.0	39373.0	34312.0	29593.0	19606.0	41303.0	155634.0
Cvi-APal_019-Ex1-3B-lcwgs-1-T.clmp.fp2_repr.R2	3622.0	14749.0	22143.0	30064.0	37763.0	46651.0	59024.0	71629.0	80875.0	86036.0	87438.0	84257.0	80675.0	75476.0	69402.0	63229.0	56471.0	49949.0	43519.0	39393.0	33776.0	29705.0	22321.0	44124.0	185544.0
Cvi-APal_020-Ex1-3C-lcwgs-1-T.clmp.fp2_repr.R1	1878.0	7001.0	10713.0	14655.0	20994.0	28146.0	36475.0	45867.0	52545.0	56136.0	57886.0	57822.0	56358.0	54144.0	51589.0	48131.0	44063.0	40135.0	37651.0	33619.0	30271.0	26519.0	17003.0	41369.0	164635.0
Cvi-APal_020-Ex1-3C-lcwgs-1-T.clmp.fp2_repr.R2	2013.0	7087.0	10485.0	13827.0	18468.0	24642.0	32952.0	42146.0	48886.0	53799.0	56575.0	56072.0	54881.0	53187.0	49952.0	46360.0	42901.0	39152.0	35685.0	32733.0	28856.0	26495.0	18884.0	44069.0	195498.0
Cvi-APal_021-Ex1-3D-lcwgs-1-T.clmp.fp2_repr.R1	862.0	3335.0	5164.0	8011.0	12680.0	17634.0	23978.0	31174.0	37433.0	39784.0	42224.0	44051.0	44242.0	43419.0	43285.0	41771.0	39323.0	36448.0	36278.0	33410.0	31538.0	28309.0	17554.0	50095.0	208564.0
Cvi-APal_021-Ex1-3D-lcwgs-1-T.clmp.fp2_repr.R2	1126.0	3758.0	5264.0	7715.0	10867.0	14833.0	20965.0	27682.0	33515.0	37218.0	40500.0	41548.0	41960.0	41491.0	40316.0	38895.0	36987.0	34928.0	33127.0	31786.0	29138.0	27051.0	19376.0	52284.0	248236.0
Cvi-APal_022-Ex1-3E-lcwgs-1-T.clmp.fp2_repr.R1	2252.0	8750.0	13000.0	17875.0	24050.0	30219.0	36999.0	45073.0	50537.0	52934.0	53924.0	54415.0	53985.0	53039.0	51299.0	49469.0	46112.0	42115.0	40927.0	37026.0	34950.0	31100.0	20007.0	50985.0	209547.0
Cvi-APal_022-Ex1-3E-lcwgs-1-T.clmp.fp2_repr.R2	2448.0	8811.0	12868.0	17071.0	21406.0	26657.0	33331.0	41186.0	46635.0	50212.0	52000.0	51924.0	51836.0	51098.0	48766.0	46864.0	43804.0	40413.0	37770.0	35870.0	32872.0	29666.0	22271.0	53829.0	250981.0
Cvi-APal_023-Ex1-3F-lcwgs-1-T.clmp.fp2_repr.R1	3716.0	16136.0	27764.0	41880.0	59113.0	75684.0	93678.0	113275.0	126730.0	131217.0	131933.0	128312.0	123860.0	117052.0	109254.0	100937.0	90880.0	81226.0	74100.0	65299.0	57962.0	50358.0	33965.0	72951.0	271310.0
Cvi-APal_023-Ex1-3F-lcwgs-1-T.clmp.fp2_repr.R2	3746.0	15531.0	26400.0	39325.0	53095.0	68179.0	86822.0	106070.0	120274.0	127449.0	129529.0	125633.0	121401.0	115093.0	106849.0	97989.0	88830.0	80597.0	71183.0	64567.0	55911.0	50164.0	38339.0	75982.0	329634.0
Cvi-APal_024-Ex1-3G-lcwgs-1-T.clmp.fp2_repr.R1	6778.0	27396.0	41396.0	56054.0	72658.0	87960.0	104672.0	123462.0	137265.0	142909.0	145659.0	142734.0	140111.0	134094.0	126752.0	118000.0	107204.0	95727.0	87660.0	77114.0	68149.0	59444.0	42452.0	70610.0	237669.0
Cvi-APal_024-Ex1-3G-lcwgs-1-T.clmp.fp2_repr.R2	6448.0	25862.0	39460.0	52387.0	65483.0	78897.0	96285.0	115023.0	130052.0	138904.0	143025.0	139471.0	137567.0	131857.0	124170.0	115463.0	106584.0	95617.0	86464.0	77807.0	68445.0	61022.0	48957.0	74447.0	294232.0
Cvi-APal_025-Ex1-3H-lcwgs-1-T.clmp.fp2_repr.R1	246.0	898.0	1297.0	1835.0	3046.0	4302.0	5640.0	7247.0	8290.0	8741.0	9202.0	10109.0	10817.0	11607.0	12397.0	13044.0	13315.0	12819.0	13829.0	13863.0	13805.0	12908.0	7480.0	27109.0	120406.0
Cvi-APal_025-Ex1-3H-lcwgs-1-T.clmp.fp2_repr.R2	446.0	1414.0	1671.0	2097.0	2647.0	3493.0	4614.0	6053.0	6809.0	7462.0	8363.0	8946.0	9704.0	10079.0	10605.0	11179.0	11461.0	11514.0	11590.0	12279.0	11721.0	11527.0	7896.0	27913.0	142769.0
Cvi-APal_026-Ex1-4A-lcwgs-1-T.clmp.fp2_repr.R1	2624.0	10728.0	16284.0	22084.0	28452.0	35162.0	42797.0	51432.0	57825.0	60845.0	61160.0	60289.0	57589.0	54257.0	50815.0	46194.0	41493.0	36323.0	31638.0	27247.0	23360.0	19772.0	13886.0	23290.0	76502.0
Cvi-APal_026-Ex1-4A-lcwgs-1-T.clmp.fp2_repr.R2	2499.0	10034.0	15407.0	20514.0	25601.0	31547.0	39565.0	48000.0	54921.0	59206.0	60469.0	59468.0	56948.0	54099.0	50461.0	45807.0	41460.0	36790.0	31651.0	27939.0	23712.0	20556.0	16039.0	25130.0	94225.0
Cvi-APal_027-Ex1-4B-lcwgs-1-T.clmp.fp2_repr.R1	2753.0	11014.0	18869.0	29098.0	43133.0	59546.0	78931.0	100486.0	115383.0	120382.0	120438.0	115368.0	108902.0	98317.0	88207.0	78004.0	67162.0	57201.0	48709.0	40429.0	34701.0	29478.0	19981.0	37216.0	131942.0
Cvi-APal_027-Ex1-4B-lcwgs-1-T.clmp.fp2_repr.R2	2428.0	9810.0	17389.0	26276.0	37888.0	53114.0	73413.0	94979.0	110786.0	118182.0	119517.0	114569.0	108451.0	98427.0	87937.0	77581.0	67533.0	58239.0	48436.0	40979.0	34480.0	30200.0	22953.0	39901.0	162182.0
Cvi-APal_028-Ex1-4C-lcwgs-1-T.clmp.fp2_repr.R1	5134.0	18435.0	25634.0	34650.0	46111.0	57398.0	71011.0	87097.0	100837.0	109773.0	118927.0	125788.0	130545.0	131941.0	133516.0	131039.0	124768.0	116888.0	111249.0	101837.0	92522.0	82463.0	62712.0	96405.0	304791.0
Cvi-APal_028-Ex1-4C-lcwgs-1-T.clmp.fp2_repr.R2	4762.0	16870.0	23325.0	30567.0	38136.0	47162.0	60836.0	76513.0	90582.0	102452.0	113261.0	119275.0	124286.0	126594.0	127174.0	126238.0	120732.0	115846.0	108490.0	102555.0	93197.0	85848.0	73232.0	101511.0	392027.0
Cvi-APal_029-Ex1-5H-lcwgs-1-T.clmp.fp2_repr.R1	783.0	3053.0	4447.0	6643.0	10212.0	14208.0	18873.0	24249.0	28619.0	30082.0	31606.0	32767.0	32983.0	32654.0	32045.0	31775.0	29970.0	28078.0	27980.0	26469.0	24638.0	22676.0	13788.0	41584.0	177354.0
Cvi-APal_029-Ex1-5H-lcwgs-1-T.clmp.fp2_repr.R2	1019.0	3411.0	4569.0	6465.0	8831.0	11797.0	16542.0	21817.0	25599.0	27913.0	29959.0	30845.0	31092.0	30865.0	29738.0	29055.0	27881.0	26401.0	24945.0	24622.0	22094.0	21017.0	14952.0	43367.0	212740.0
Cvi-APal_030-Ex1-4E-lcwgs-1-T.clmp.fp2_repr.R1	452.0	1557.0	2347.0	3347.0	5323.0	7634.0	10227.0	12965.0	15327.0	16490.0	17613.0	19134.0	20261.0	20857.0	21859.0	22444.0	22724.0	21839.0	23668.0	22853.0	22856.0	21275.0	12179.0	42471.0	193058.0
Cvi-APal_030-Ex1-4E-lcwgs-1-T.clmp.fp2_repr.R2	720.0	2201.0	2754.0	3397.0	4591.0	6156.0	8565.0	10678.0	12680.0	14240.0	15674.0	16826.0	17895.0	18827.0	18642.0	19474.0	19793.0	19558.0	19775.0	20256.0	19499.0	19000.0	13016.0	44515.0	232028.0
Cvi-APal_031-Ex1-4F-lcwgs-1-T.clmp.fp2_repr.R1	2062.0	8048.0	12003.0	17708.0	26396.0	35306.0	47030.0	60043.0	70075.0	74048.0	76410.0	76883.0	76063.0	71964.0	68022.0	64231.0	59392.0	53898.0	51419.0	46921.0	43735.0	39647.0	23612.0	73333.0	313536.0
Cvi-APal_031-Ex1-4F-lcwgs-1-T.clmp.fp2_repr.R2	2359.0	8694.0	12091.0	17021.0	23245.0	30532.0	42295.0	54756.0	64614.0	70510.0	73969.0	73813.0	72935.0	69290.0	64558.0	60276.0	55940.0	51199.0	46578.0	43977.0	39150.0	36777.0	25885.0	75061.0	376260.0
Cvi-APal_032-Ex1-4G-lcwgs-1-T.clmp.fp2_repr.R1	466.0	1792.0	2693.0	3905.0	6032.0	8373.0	11059.0	14133.0	16570.0	17812.0	18916.0	20399.0	20992.0	21596.0	22159.0	22401.0	21567.0	20830.0	20953.0	20242.0	19203.0	17709.0	10442.0	34325.0	148546.0
Cvi-APal_032-Ex1-4G-lcwgs-1-T.clmp.fp2_repr.R2	677.0	2176.0	2983.0	3948.0	5141.0	6829.0	9338.0	12134.0	14330.0	16072.0	17600.0	18612.0	19218.0	20019.0	19878.0	20028.0	19395.0	19060.0	18517.0	18129.0	16758.0	16369.0	11391.0	35158.0	179355.0
Cvi-APal_033-Ex1-4H-lcwgs-1-T.clmp.fp2_repr.R1	1126.0	4489.0	7051.0	11338.0	17477.0	24186.0	31420.0	40133.0	46522.0	48731.0	49601.0	49825.0	49336.0	46539.0	44148.0	41978.0	38671.0	35031.0	33899.0	30757.0	29220.0	26114.0	15761.0	47905.0	203977.0
Cvi-APal_033-Ex1-4H-lcwgs-1-T.clmp.fp2_repr.R2	1260.0	4624.0	7125.0	10751.0	15416.0	20994.0	28332.0	36750.0	42967.0	46324.0	47921.0	47658.0	47218.0	44734.0	41518.0	39044.0	36635.0	33332.0	30497.0	28486.0	26187.0	24501.0	17521.0	49370.0	246070.0
Cvi-APal_034-Ex1-5A-lcwgs-1-T.clmp.fp2_repr.R1	501.0	2125.0	3581.0	5619.0	8554.0	12081.0	16473.0	21021.0	24605.0	25872.0	26383.0	25993.0	25160.0	23701.0	22252.0	20446.0	18412.0	16417.0	14958.0	13123.0	11840.0	10368.0	6676.0	15891.0	63205.0
Cvi-APal_034-Ex1-5A-lcwgs-1-T.clmp.fp2_repr.R2	549.0	2037.0	3336.0	5053.0	7444.0	10598.0	14987.0	19462.0	23082.0	24907.0	25802.0	25402.0	24696.0	23224.0	21618.0	19799.0	17871.0	16188.0	14268.0	13004.0	11295.0	10247.0	7454.0	16971.0	75963.0
Cvi-APal_035-Ex1-5B-lcwgs-1-T.clmp.fp2_repr.R1	5888.0	25554.0	42054.0	61474.0	84470.0	105249.0	129668.0	154426.0	172372.0	179169.0	180985.0	178287.0	171182.0	161451.0	148278.0	134421.0	120473.0	105462.0	91505.0	76706.0	64970.0	55297.0	40001.0	57728.0	171662.0
Cvi-APal_035-Ex1-5B-lcwgs-1-T.clmp.fp2_repr.R2	5245.0	23107.0	39033.0	56642.0	75484.0	94779.0	120302.0	145391.0	164272.0	175340.0	179347.0	176096.0	170586.0	161382.0	147716.0	134189.0	121473.0	107399.0	92282.0	79104.0	66928.0	58697.0	46469.0	62130.0	215339.0
Cvi-APal_036-Ex1-5C-lcwgs-1-T.clmp.fp2_repr.R1	431.0	1830.0	2772.0	4096.0	6394.0	8833.0	12119.0	15970.0	19365.0	20925.0	22514.0	23538.0	23608.0	23355.0	22873.0	21895.0	20636.0	18914.0	17913.0	15693.0	14273.0	12751.0	8366.0	18926.0	72495.0
Cvi-APal_036-Ex1-5C-lcwgs-1-T.clmp.fp2_repr.R2	476.0	1760.0	2593.0	3667.0	5177.0	7156.0	10518.0	14367.0	17677.0	19794.0	21608.0	22640.0	22683.0	22510.0	21954.0	21143.0	20048.0	18727.0	16916.0	15220.0	13755.0	12508.0	9485.0	20184.0	87919.0
Cvi-APal_037-Ex1-5D-lcwgs-1-T.clmp.fp2_repr.R1	522.0	1921.0	2755.0	4032.0	6084.0	8469.0	11379.0	14725.0	17237.0	18238.0	19813.0	20349.0	21204.0	21399.0	21958.0	22423.0	22343.0	21569.0	22159.0	21433.0	20465.0	18955.0	11262.0	37586.0	159643.0
Cvi-APal_037-Ex1-5D-lcwgs-1-T.clmp.fp2_repr.R2	756.0	2397.0	3094.0	3987.0	5153.0	6744.0	9412.0	12382.0	14563.0	16134.0	17988.0	18301.0	19277.0	19681.0	19680.0	20025.0	20174.0	19659.0	19086.0	19568.0	17909.0	17577.0	12348.0	39391.0	192637.0
Cvi-APal_038-Ex1-5E-lcwgs-1-T.clmp.fp2_repr.R1	801.0	2895.0	4163.0	5880.0	8855.0	12369.0	16419.0	20955.0	24879.0	25779.0	27554.0	28984.0	30113.0	30507.0	30621.0	31365.0	30326.0	28684.0	29429.0	28688.0	27306.0	25393.0	14910.0	49121.0	211497.0
Cvi-APal_038-Ex1-5E-lcwgs-1-T.clmp.fp2_repr.R2	1089.0	3508.0	4561.0	5889.0	7785.0	10127.0	13859.0	17686.0	21351.0	22942.0	25437.0	26341.0	27515.0	27963.0	27613.0	27881.0	27623.0	26423.0	25407.0	26232.0	24230.0	23249.0	16240.0	52586.0	253956.0
Cvi-APal_039-Ex1-5F-lcwgs-1-T.clmp.fp2_repr.R1	551.0	1799.0	2496.0	3677.0	5697.0	8011.0	10622.0	13707.0	15513.0	16257.0	17708.0	19641.0	21489.0	22829.0	24890.0	26359.0	27084.0	26726.0	29228.0	28869.0	28461.0	26481.0	14473.0	58990.0	258917.0
Cvi-APal_039-Ex1-5F-lcwgs-1-T.clmp.fp2_repr.R2	960.0	2902.0	3324.0	4302.0	5183.0	6396.0	8663.0	10775.0	12145.0	13246.0	15261.0	16714.0	18405.0	19751.0	20867.0	22256.0	22810.0	23612.0	23632.0	25297.0	23778.0	22977.0	15316.0	61122.0	310781.0
Cvi-APal_040-Ex1-5G-lcwgs-1-T.clmp.fp2_repr.R1	2317.0	8105.0	10894.0	15350.0	22920.0	30875.0	39817.0	52083.0	63146.0	70199.0	77544.0	84287.0	88723.0	91421.0	92754.0	93277.0	90032.0	84246.0	83188.0	77253.0	71367.0	64514.0	45278.0	90806.0	332131.0
Cvi-APal_040-Ex1-5G-lcwgs-1-T.clmp.fp2_repr.R2	2420.0	7911.0	10238.0	13385.0	17907.0	23720.0	32704.0	43904.0	54963.0	63912.0	72683.0	78767.0	83285.0	86604.0	87024.0	87981.0	85476.0	81792.0	78535.0	75450.0	68974.0	64382.0	51814.0	94791.0	413905.0
Cvi-CPal_001-Ex1-1D-lcwgs-1-T.clmp.fp2_repr.R1	1994.0	6322.0	7927.0	11119.0	17819.0	24360.0	30287.0	36089.0	40258.0	42974.0	50148.0	60541.0	70431.0	80519.0	92304.0	102319.0	108449.0	111848.0	123720.0	125124.0	127948.0	122997.0	76629.0	242802.0	1118116.0
Cvi-CPal_001-Ex1-1D-lcwgs-1-T.clmp.fp2_repr.R2	3442.0	9431.0	10498.0	12152.0	14754.0	17035.0	22026.0	25863.0	28196.0	32288.0	40406.0	47852.0	56245.0	65465.0	72568.0	81091.0	87542.0	93577.0	98462.0	107025.0	105600.0	108068.0	81644.0	244121.0	1367693.0
Cvi-CPal_002-Ex1-1E-lcwgs-1-T.clmp.fp2_repr.R1	1432.0	5231.0	7612.0	10261.0	14504.0	17921.0	20946.0	24062.0	25897.0	26429.0	28901.0	31971.0	35386.0	38510.0	41749.0	45259.0	46348.0	46614.0	50429.0	50415.0	50831.0	48256.0	30443.0	94519.0	429506.0
Cvi-CPal_002-Ex1-1E-lcwgs-1-T.clmp.fp2_repr.R2	1925.0	6197.0	8306.0	10530.0	12537.0	14688.0	17351.0	19465.0	21039.0	22354.0	25278.0	27121.0	30207.0	32809.0	34563.0	37366.0	38459.0	40071.0	40609.0	43337.0	42358.0	42508.0	32230.0	93803.0	528321.0
Cvi-CPal_003-Ex1-1F-lcwgs-1-T.clmp.fp2_repr.R1	1347.0	5356.0	7479.0	9994.0	12978.0	15558.0	17109.0	19118.0	20296.0	20308.0	21783.0	24008.0	25837.0	27730.0	29182.0	31172.0	32002.0	31927.0	33750.0	33631.0	33652.0	32191.0	20112.0	61383.0	275276.0
Cvi-CPal_003-Ex1-1F-lcwgs-1-T.clmp.fp2_repr.R2	1678.0	5875.0	7906.0	10067.0	11744.0	13326.0	14691.0	16402.0	17092.0	17805.0	19537.0	20994.0	22600.0	24022.0	24618.0	26249.0	26979.0	27840.0	27866.0	29552.0	28635.0	28535.0	21835.0	61291.0	336040.0
Cvi-CPal_004-Ex1-1G-lcwgs-1-T.clmp.fp2_repr.R1	1722.0	6460.0	9198.0	11805.0	14325.0	16607.0	18001.0	19808.0	20631.0	20722.0	21940.0	23595.0	25189.0	26827.0	28788.0	30137.0	30253.0	30720.0	32748.0	32654.0	32405.0	30997.0	19219.0	58834.0	268258.0
Cvi-CPal_004-Ex1-1G-lcwgs-1-T.clmp.fp2_repr.R2	2004.0	6867.0	9505.0	11905.0	13110.0	14330.0	15812.0	17129.0	17690.0	18264.0	19577.0	20411.0	21865.0	23624.0	24399.0	25509.0	25857.0	26519.0	26916.0	28272.0	27353.0	27437.0	20933.0	59214.0	327341.0
Cvi-CPal_005-Ex1-1H-lcwgs-1-T.clmp.fp2_repr.R1	1502.0	5715.0	7453.0	9674.0	12514.0	14892.0	16751.0	18811.0	19765.0	19856.0	21052.0	23462.0	25939.0	27967.0	31276.0	33289.0	34890.0	35360.0	38860.0	38997.0	40095.0	38957.0	22483.0	82555.0	395069.0
Cvi-CPal_005-Ex1-1H-lcwgs-1-T.clmp.fp2_repr.R2	2141.0	6744.0	8451.0	10355.0	11408.0	12669.0	14314.0	15625.0	16320.0	16937.0	18324.0	19936.0	21846.0	23553.0	24896.0	26601.0	28332.0	29131.0	30157.0	32961.0	31707.0	32553.0	23606.0	81105.0	477512.0
Cvi-CPal_006-Ex1-2A-lcwgs-1-T.clmp.fp2_repr.R1	2169.0	9157.0	14850.0	20685.0	25948.0	28772.0	30988.0	32607.0	33751.0	33266.0	33682.0	34689.0	35225.0	35869.0	36863.0	36404.0	35732.0	34985.0	35293.0	34107.0	32706.0	30377.0	21427.0	48716.0	194396.0
Cvi-CPal_006-Ex1-2A-lcwgs-1-T.clmp.fp2_repr.R2	2246.0	9186.0	14651.0	20092.0	24020.0	26021.0	28324.0	29600.0	30519.0	30929.0	31870.0	32239.0	32559.0	33393.0	33250.0	33039.0	32316.0	32198.0	31662.0	31770.0	29914.0	29399.0	23739.0	48704.0	241024.0
Cvi-CPal_008-Ex1-2B-lcwgs-1-T.clmp.fp2_repr.R1	2427.0	10684.0	16713.0	22111.0	27240.0	29585.0	31695.0	33411.0	33806.0	33318.0	34147.0	34672.0	35705.0	36422.0	37158.0	37787.0	37615.0	36858.0	37583.0	36580.0	35372.0	33265.0	23360.0	55520.0	235405.0
Cvi-CPal_008-Ex1-2B-lcwgs-1-T.clmp.fp2_repr.R2	2563.0	10728.0	16573.0	21465.0	25156.0	26609.0	29009.0	30250.0	30401.0	30766.0	32043.0	32058.0	32814.0	33255.0	33363.0	33788.0	33531.0	33520.0	32976.0	33527.0	31717.0	31083.0	25911.0	54869.0	290464.0
Cvi-CPal_009-Ex1-2C-lcwgs-1-T.clmp.fp2_repr.R1	2859.0	12187.0	19687.0	27026.0	33668.0	37622.0	40534.0	42815.0	43772.0	43609.0	44820.0	46354.0	48362.0	49349.0	51192.0	52293.0	52554.0	51471.0	53241.0	51474.0	50523.0	47542.0	32461.0	78712.0	338885.0
Cvi-CPal_009-Ex1-2C-lcwgs-1-T.clmp.fp2_repr.R2	3004.0	12320.0	19545.0	26153.0	30814.0	33603.0	36620.0	38238.0	39020.0	39819.0	41585.0	42202.0	43721.0	44805.0	45631.0	46213.0	46593.0	46150.0	46142.0	46887.0	44839.0	44310.0	36127.0	78793.0	419878.0
Cvi-CPal_011-Ex1-2D-lcwgs-1-T.clmp.fp2_repr.R1	1351.0	5372.0	8141.0	10367.0	12497.0	13510.0	14722.0	15601.0	16082.0	15855.0	16042.0	16886.0	17668.0	17781.0	18874.0	18877.0	18940.0	18715.0	19064.0	18568.0	18521.0	17448.0	11944.0	29848.0	130100.0
Cvi-CPal_011-Ex1-2D-lcwgs-1-T.clmp.fp2_repr.R2	1443.0	5515.0	8165.0	10063.0	11459.0	12013.0	13172.0	14028.0	14188.0	14560.0	14890.0	15228.0	15672.0	16094.0	16528.0	16577.0	16474.0	16812.0	16575.0	16926.0	16104.0	15900.0	13204.0	29534.0	161650.0
Cvi-CPal_013-Ex1-2E-lcwgs-1-T.clmp.fp2_repr.R1	949.0	3646.0	5343.0	6921.0	8402.0	9499.0	10371.0	10825.0	11530.0	11450.0	11764.0	12583.0	13109.0	13705.0	14216.0	14822.0	15014.0	14759.0	15748.0	15392.0	14867.0	14232.0	9253.0	26233.0	116432.0
Cvi-CPal_013-Ex1-2E-lcwgs-1-T.clmp.fp2_repr.R2	1011.0	3847.0	5546.0	6760.0	7667.0	8253.0	9148.0	9539.0	10045.0	10178.0	10683.0	11094.0	11641.0	12040.0	12342.0	12738.0	12965.0	13008.0	13259.0	13628.0	12849.0	12836.0	10111.0	26134.0	143743.0
Cvi-CPal_014-Ex1-2F-lcwgs-1-T.clmp.fp2_repr.R1	3431.0	13971.0	20608.0	25833.0	30432.0	33298.0	34451.0	36699.0	37090.0	36355.0	36991.0	37908.0	39022.0	39842.0	41015.0	41864.0	41148.0	39942.0	40893.0	39851.0	39387.0	36319.0	25288.0	59452.0	247487.0
Cvi-CPal_014-Ex1-2F-lcwgs-1-T.clmp.fp2_repr.R2	3603.0	13848.0	20323.0	25020.0	27940.0	29875.0	31171.0	32866.0	33199.0	33685.0	34657.0	35106.0	35781.0	36505.0	36570.0	37195.0	36741.0	36347.0	36193.0	36507.0	35553.0	34092.0	27845.0	58833.0	309122.0
Cvi-CPal_015-Ex1-2G-lcwgs-1-T.clmp.fp2_repr.R1	2067.0	8089.0	11134.0	13431.0	16028.0	17446.0	18784.0	20136.0	20630.0	20504.0	20836.0	21815.0	22923.0	23856.0	24583.0	25510.0	25363.0	25150.0	26041.0	25667.0	25232.0	23825.0	15675.0	42573.0	187867.0
Cvi-CPal_015-Ex1-2G-lcwgs-1-T.clmp.fp2_repr.R2	2234.0	8225.0	11174.0	13205.0	14873.0	15627.0	16820.0	17905.0	18283.0	18522.0	19255.0	19579.0	20597.0	21245.0	21443.0	22067.0	21951.0	22311.0	22188.0	22845.0	22100.0	21484.0	17036.0	42287.0	231909.0
Cvi-CPal_016-Ex1-2H-lcwgs-1-T.clmp.fp2_repr.R1	1525.0	5373.0	7496.0	9610.0	12025.0	13349.0	14899.0	16518.0	17007.0	16898.0	18038.0	19473.0	21064.0	22136.0	23945.0	25702.0	25829.0	26213.0	28757.0	28353.0	28708.0	27611.0	17079.0	55860.0	267722.0
Cvi-CPal_016-Ex1-2H-lcwgs-1-T.clmp.fp2_repr.R2	1860.0	6012.0	8045.0	9694.0	10884.0	11565.0	13193.0	14191.0	14444.0	14759.0	16133.0	16933.0	18185.0	18983.0	20153.0	20984.0	21288.0	22353.0	22750.0	24059.0	23352.0	23899.0	17860.0	54035.0	325576.0
Cvi-CPal_017-Ex1-3A-lcwgs-1-T.clmp.fp2_repr.R1	2093.0	8023.0	12157.0	16516.0	20942.0	24108.0	26865.0	29656.0	30890.0	31554.0	33217.0	35740.0	38236.0	40593.0	43254.0	45335.0	45979.0	46395.0	48309.0	47995.0	47720.0	45427.0	30093.0	82999.0	353898.0
Cvi-CPal_017-Ex1-3A-lcwgs-1-T.clmp.fp2_repr.R2	2456.0	8825.0	12558.0	16285.0	18871.0	20993.0	23677.0	25692.0	26598.0	27891.0	30245.0	31806.0	34150.0	36015.0	37654.0	39418.0	40372.0	41424.0	41678.0	43202.0	41889.0	41555.0	32720.0	82378.0	429642.0
Cvi-CPal_018-Ex1-3B-lcwgs-1-T.clmp.fp2_repr.R1	1018.0	4321.0	6499.0	8742.0	10879.0	12533.0	13331.0	14714.0	15245.0	15135.0	16060.0	16783.0	17922.0	18687.0	19978.0	20869.0	21118.0	20982.0	22509.0	22249.0	22299.0	21121.0	13717.0	39773.0	179879.0
Cvi-CPal_018-Ex1-3B-lcwgs-1-T.clmp.fp2_repr.R2	1242.0	4765.0	6794.0	8718.0	10146.0	11161.0	11948.0	12964.0	13434.0	13617.0	14682.0	15147.0	15805.0	16643.0	17350.0	18049.0	18372.0	18790.0	18914.0	19711.0	19119.0	18953.0	14580.0	39372.0	216087.0
Cvi-CPal_019-Ex1-3C-lcwgs-1-T.clmp.fp2_repr.R1	791.0	3162.0	4781.0	6847.0	9394.0	10995.0	12079.0	13410.0	14577.0	14275.0	15070.0	16079.0	17639.0	18163.0	19681.0	20501.0	20870.0	20897.0	22365.0	21711.0	21894.0	20523.0	13270.0	38985.0	177404.0
Cvi-CPal_019-Ex1-3C-lcwgs-1-T.clmp.fp2_repr.R2	963.0	3553.0	5081.0	6898.0	8598.0	9450.0	10672.0	11702.0	12581.0	12758.0	13628.0	14385.0	15548.0	16147.0	17004.0	17660.0	17822.0	18247.0	18539.0	19412.0	18525.0	18298.0	14401.0	38994.0	214497.0
Cvi-CPal_020-Ex1-3D-lcwgs-1-T.clmp.fp2_repr.R1	1953.0	8332.0	13339.0	18171.0	22441.0	25198.0	27250.0	28737.0	29585.0	29218.0	29564.0	30884.0	32079.0	32583.0	33505.0	33996.0	33945.0	32889.0	33730.0	32449.0	31866.0	29934.0	20985.0	48161.0	198958.0
Cvi-CPal_020-Ex1-3D-lcwgs-1-T.clmp.fp2_repr.R2	2080.0	8392.0	13168.0	17557.0	20410.0	22521.0	24477.0	25628.0	26525.0	26828.0	27401.0	28329.0	29266.0	29637.0	29895.0	30270.0	30518.0	30321.0	29848.0	29895.0	29069.0	28460.0	23322.0	48532.0	247403.0
Cvi-CPal_021-Ex1-3E-lcwgs-1-T.clmp.fp2_repr.R1	1134.0	4831.0	7114.0	9039.0	11392.0	12694.0	13871.0	15023.0	15655.0	15503.0	16058.0	16848.0	18037.0	18920.0	19996.0	20852.0	21071.0	21019.0	22204.0	21460.0	22028.0	20181.0	13322.0	37241.0	165126.0
Cvi-CPal_021-Ex1-3E-lcwgs-1-T.clmp.fp2_repr.R2	1286.0	5117.0	7169.0	8880.0	10461.0	11204.0	12242.0	13026.0	13646.0	13967.0	14653.0	15020.0	15928.0	16827.0	17460.0	17807.0	18367.0	18398.0	18648.0	19174.0	18726.0	18287.0	14519.0	37288.0	202519.0
Cvi-CPal_022-Ex1-3F-lcwgs-1-T.clmp.fp2_repr.R1	3344.0	13989.0	20849.0	27229.0	33501.0	37284.0	40120.0	42868.0	43560.0	43035.0	44195.0	46230.0	48424.0	49501.0	51647.0	53769.0	53329.0	52550.0	53838.0	53249.0	52266.0	49073.0	33454.0	83935.0	362102.0
Cvi-CPal_022-Ex1-3F-lcwgs-1-T.clmp.fp2_repr.R2	3603.0	14217.0	20769.0	26569.0	30676.0	33155.0	35917.0	37859.0	38676.0	39354.0	40873.0	42187.0	43703.0	44844.0	45341.0	46985.0	47221.0	47360.0	46726.0	47743.0	46209.0	45362.0	36794.0	84257.0	446941.0
Cvi-CPal_023-Ex1-3G-lcwgs-1-T.clmp.fp2_repr.R1	1974.0	8329.0	11880.0	14707.0	17471.0	19184.0	20376.0	21419.0	21870.0	21552.0	22029.0	22698.0	23561.0	24228.0	24898.0	25718.0	25856.0	25507.0	26215.0	25405.0	24988.0	23576.0	16045.0	39757.0	166862.0
Cvi-CPal_023-Ex1-3G-lcwgs-1-T.clmp.fp2_repr.R2	2066.0	8426.0	11820.0	14358.0	16192.0	17251.0	18460.0	19082.0	19380.0	19615.0	20486.0	20707.0	21340.0	22051.0	22219.0	22687.0	23023.0	23027.0	22554.0	23338.0	22271.0	21799.0	17769.0	40058.0	206126.0
Cvi-CPal_024-Ex1-3H-lcwgs-1-T.clmp.fp2_repr.R1	1450.0	5959.0	8440.0	10601.0	12655.0	14118.0	15025.0	15983.0	16195.0	16043.0	16674.0	17331.0	18734.0	19279.0	20243.0	21147.0	21110.0	20971.0	22497.0	21601.0	21720.0	20848.0	13363.0	38827.0	174849.0
Cvi-CPal_024-Ex1-3H-lcwgs-1-T.clmp.fp2_repr.R2	1598.0	6222.0	8561.0	10414.0	11732.0	12631.0	13556.0	14116.0	14244.0	14482.0	15241.0	15645.0	16576.0	17218.0	17391.0	17816.0	18164.0	18576.0	18883.0	19305.0	18649.0	18485.0	14342.0	37853.0	213963.0
Cvi-CPal_029-Ex1-4A-lcwgs-1-T.clmp.fp2_repr.R1	9912.0	38902.0	60923.0	91944.0	133080.0	167060.0	192537.0	219084.0	242392.0	257718.0	287402.0	324327.0	356545.0	387726.0	422787.0	451810.0	464056.0	468380.0	500096.0	495034.0	492384.0	468750.0	307944.0	865040.0	3809459.0
Cvi-CPal_029-Ex1-4A-lcwgs-1-T.clmp.fp2_repr.R2	14569.0	46996.0	67034.0	92108.0	116098.0	136288.0	160111.0	179173.0	197953.0	221631.0	256069.0	281857.0	309937.0	338652.0	359334.0	383586.0	399227.0	413710.0	421160.0	440987.0	428037.0	424438.0	333645.0	852690.0	4640002.0
Cvi-CPal_030-Ex1-4B-lcwgs-1-T.clmp.fp2_repr.R1	1609.0	5986.0	9066.0	12144.0	16454.0	20300.0	22955.0	26155.0	27496.0	28169.0	30741.0	33817.0	37311.0	40726.0	44567.0	48217.0	49477.0	50388.0	54573.0	54892.0	55429.0	52952.0	33108.0	105960.0	487481.0
Cvi-CPal_030-Ex1-4B-lcwgs-1-T.clmp.fp2_repr.R2	2289.0	7353.0	9988.0	12682.0	14939.0	16938.0	19645.0	21751.0	22982.0	24057.0	27130.0	29208.0	32068.0	34869.0	37016.0	40022.0	41679.0	43498.0	44635.0	47816.0	46707.0	46258.0	35329.0	104323.0	586791.0
Cvi-CPal_031-Ex1-4C-lcwgs-1-T.clmp.fp2_repr.R1	2920.0	10485.0	15071.0	21026.0	29348.0	35805.0	41837.0	47477.0	51914.0	53431.0	59550.0	68463.0	76728.0	84237.0	93909.0	101905.0	106367.0	108768.0	119921.0	120220.0	121255.0	117359.0	72582.0	236204.0	1117158.0
Cvi-CPal_031-Ex1-4C-lcwgs-1-T.clmp.fp2_repr.R2	4415.0	13768.0	17466.0	22387.0	26307.0	29285.0	34961.0	38483.0	41041.0	44862.0	51405.0	57627.0	64798.0	70812.0	76532.0	82672.0	87812.0	92753.0	95441.0	102304.0	99984.0	101369.0	76705.0	232924.0	1347827.0
Cvi-CPal_032-Ex1-4D-lcwgs-1-T.clmp.fp2_repr.R1	2045.0	7663.0	10600.0	13430.0	16438.0	18801.0	20635.0	22593.0	23539.0	23791.0	24749.0	27058.0	29130.0	31407.0	33777.0	35270.0	36638.0	36330.0	39451.0	39369.0	39493.0	37655.0	23731.0	73157.0	332487.0
Cvi-CPal_032-Ex1-4D-lcwgs-1-T.clmp.fp2_repr.R2	2473.0	8396.0	11014.0	13490.0	15183.0	16316.0	17875.0	19244.0	19919.0	20611.0	22356.0	23668.0	25100.0	27156.0	28321.0	29601.0	30795.0	31250.0	32302.0	34142.0	32884.0	33240.0	25344.0	72139.0	406418.0
Cvi-CPal_033-Ex1-4E-lcwgs-1-T.clmp.fp2_repr.R1	1124.0	4097.0	5805.0	7683.0	10227.0	12540.0	14254.0	16238.0	17313.0	17345.0	18687.0	21202.0	23829.0	26206.0	28851.0	31366.0	32426.0	32899.0	36960.0	37195.0	37695.0	36113.0	21623.0	76760.0	365042.0
Cvi-CPal_033-Ex1-4E-lcwgs-1-T.clmp.fp2_repr.R2	1655.0	5205.0	6790.0	8235.0	9417.0	10360.0	12223.0	13400.0	13767.0	14488.0	16188.0	17881.0	19985.0	21927.0	22935.0	24667.0	26248.0	27753.0	29063.0	30933.0	30411.0	30699.0	22496.0	75267.0	441487.0
Cvi-CPal_034-Ex1-4F-lcwgs-1-T.clmp.fp2_repr.R1	855.0	3388.0	4857.0	5852.0	7224.0	8037.0	8770.0	9345.0	9745.0	9480.0	10023.0	10563.0	11255.0	11825.0	12521.0	12697.0	13091.0	12876.0	13612.0	13609.0	13395.0	12984.0	8125.0	24158.0	108373.0
Cvi-CPal_034-Ex1-4F-lcwgs-1-T.clmp.fp2_repr.R2	994.0	3552.0	5062.0	5824.0	6599.0	7045.0	7795.0	8253.0	8482.0	8579.0	9097.0	9297.0	9937.0	10397.0	10690.0	10863.0	11233.0	11372.0	11277.0	12107.0	11392.0	11487.0	8800.0	23991.0	132535.0
Cvi-CPal_035-Ex1-4G-lcwgs-1-T.clmp.fp2_repr.R1	1046.0	4156.0	6384.0	9097.0	12076.0	14647.0	17129.0	19291.0	20708.0	21146.0	22609.0	24465.0	25477.0	26664.0	27836.0	29146.0	29048.0	28342.0	29419.0	28812.0	27929.0	26132.0	18082.0	43473.0	180609.0
Cvi-CPal_035-Ex1-4G-lcwgs-1-T.clmp.fp2_repr.R2	1187.0	4295.0	6230.0	8408.0	10547.0	12422.0	14828.0	16644.0	17749.0	18975.0	20776.0	21928.0	23084.0	24131.0	24482.0	25564.0	25806.0	25640.0	25397.0	26181.0	25008.0	24351.0	20092.0	43668.0	226330.0
Cvi-CPal_036-Ex1-4H-lcwgs-1-T.clmp.fp2_repr.R1	538.0	1963.0	2771.0	3821.0	5626.0	7231.0	8765.0	10262.0	11143.0	11429.0	12881.0	14807.0	16705.0	18483.0	20421.0	22137.0	23429.0	23919.0	26289.0	26735.0	26962.0	26413.0	16626.0	51202.0	232504.0
Cvi-CPal_036-Ex1-4H-lcwgs-1-T.clmp.fp2_repr.R2	817.0	2458.0	3094.0	3915.0	4757.0	5649.0	6705.0	7939.0	8628.0	9336.0	10831.0	12091.0	13839.0	15161.0	16290.0	17837.0	19065.0	20062.0	21080.0	22774.0	22505.0	22944.0	17807.0	49745.0	287733.0
Cvi-CPal_041-Ex1-5A-lcwgs-1-T.clmp.fp2_repr.R1	5219.0	17832.0	25181.0	37449.0	59161.0	76841.0	93438.0	111711.0	126195.0	135931.0	155209.0	180887.0	206579.0	230569.0	257444.0	280966.0	292947.0	298318.0	325009.0	323649.0	325340.0	310724.0	204973.0	574856.0	2493175.0
Cvi-CPal_041-Ex1-5A-lcwgs-1-T.clmp.fp2_repr.R2	8315.0	23483.0	29638.0	38032.0	48135.0	58029.0	72652.0	85181.0	97227.0	110805.0	133470.0	151944.0	175100.0	196882.0	215109.0	235458.0	249200.0	261577.0	271907.0	288273.0	281491.0	281604.0	223567.0	570181.0	3042343.0
Cvi-CPal_042-Ex1-5B-lcwgs-1-T.clmp.fp2_repr.R1	1056.0	4036.0	6215.0	9160.0	13170.0	16655.0	19108.0	21984.0	24038.0	24841.0	26979.0	29667.0	32408.0	34807.0	37762.0	39568.0	40676.0	40794.0	42497.0	42323.0	41528.0	39206.0	26884.0	69071.0	293579.0
Cvi-CPal_042-Ex1-5B-lcwgs-1-T.clmp.fp2_repr.R2	1266.0	4315.0	6375.0	8683.0	11252.0	13501.0	16064.0	18263.0	19968.0	21588.0	24119.0	26148.0	28446.0	30806.0	32528.0	34405.0	35453.0	36588.0	36378.0	37734.0	37192.0	36144.0	29618.0	68915.0	362263.0
Cvi-CPal_043-Ex1-5C-lcwgs-1-T.clmp.fp2_repr.R1	1236.0	4836.0	7378.0	10249.0	13922.0	16630.0	18886.0	21318.0	22819.0	23150.0	24650.0	26997.0	28934.0	30856.0	33228.0	35337.0	35390.0	35717.0	37600.0	37388.0	37286.0	35520.0	23378.0	65620.0	293429.0
Cvi-CPal_043-Ex1-5C-lcwgs-1-T.clmp.fp2_repr.R2	1489.0	5441.0	7744.0	10207.0	12483.0	14071.0	16313.0	18024.0	19209.0	20322.0	22025.0	23727.0	25267.0	27127.0	28134.0	29748.0	30512.0	31427.0	31310.0	32910.0	32163.0	32023.0	25336.0	65711.0	359031.0
Cvi-CPal_044-Ex1-5D-lcwgs-1-T.clmp.fp2_repr.R1	1330.0	5290.0	8347.0	11734.0	16069.0	19490.0	22069.0	24806.0	26830.0	27008.0	29618.0	31713.0	34073.0	36337.0	39041.0	40630.0	41562.0	41345.0	43478.0	42674.0	42816.0	40087.0	26476.0	71189.0	306971.0
Cvi-CPal_044-Ex1-5D-lcwgs-1-T.clmp.fp2_repr.R2	1683.0	5714.0	8670.0	11393.0	14041.0	16435.0	18829.0	20831.0	22697.0	23709.0	26473.0	27894.0	29827.0	32032.0	33224.0	34583.0	35872.0	36764.0	36981.0	38310.0	37000.0	36672.0	29376.0	71344.0	380629.0
Cvi-CPal_045-Ex1-5E-lcwgs-1-T.clmp.fp2_repr.R1	2866.0	8982.0	11426.0	15809.0	25553.0	34519.0	42635.0	50411.0	55480.0	56292.0	64263.0	77984.0	91962.0	106684.0	123208.0	138677.0	149036.0	156551.0	176905.0	181380.0	187031.0	181359.0	110677.0	377595.0	1773457.0
Cvi-CPal_045-Ex1-5E-lcwgs-1-T.clmp.fp2_repr.R2	5137.0	13802.0	15155.0	17821.0	20811.0	23960.0	30459.0	35038.0	37467.0	40490.0	49632.0	57814.0	69935.0	82582.0	91714.0	104586.0	114942.0	125834.0	134255.0	150133.0	149780.0	153778.0	117082.0	370915.0	2187620.0
Cvi-CPal_046-Ex1-5F-lcwgs-1-T.clmp.fp2_repr.R1	501.0	1722.0	2047.0	2847.0	4429.0	5953.0	7283.0	8549.0	9378.0	9319.0	10555.0	12728.0	14624.0	16962.0	19827.0	22338.0	24161.0	25225.0	28846.0	29538.0	30678.0	30176.0	18342.0	62741.0	298180.0
Cvi-CPal_046-Ex1-5F-lcwgs-1-T.clmp.fp2_repr.R2	908.0	2563.0	2815.0	3288.0	3885.0	4399.0	5468.0	6268.0	6524.0	7024.0	8293.0	9566.0	11250.0	13171.0	14901.0	17110.0	18704.0	20502.0	22030.0	24745.0	24734.0	25941.0	19278.0	61920.0	361662.0
Cvi-CPal_047-Ex1-5G-lcwgs-1-T.clmp.fp2_repr.R1	583.0	1943.0	2805.0	3761.0	5271.0	6810.0	8207.0	9565.0	10296.0	10385.0	11627.0	13590.0	15939.0	17731.0	20028.0	22347.0	23613.0	24695.0	27094.0	27745.0	28240.0	27490.0	17857.0	53348.0	240464.0
Cvi-CPal_047-Ex1-5G-lcwgs-1-T.clmp.fp2_repr.R2	890.0	2438.0	3171.0	3755.0	4325.0	5128.0	6247.0	7034.0	7563.0	8094.0	9550.0	10729.0	12739.0	14213.0	15709.0	17456.0	18902.0	20540.0	21690.0	23631.0	23419.0	24140.0	19315.0	52591.0	298165.0
Cvi-CPal_048-Ex1-5H-lcwgs-1-T.clmp.fp2_repr.R1	557.0	2367.0	3421.0	4793.0	6692.0	8449.0	10027.0	11416.0	12090.0	12340.0	13508.0	15358.0	17048.0	18583.0	20584.0	22086.0	23039.0	23142.0	24983.0	25345.0	25496.0	24783.0	15601.0	48158.0	218290.0
Cvi-CPal_048-Ex1-5H-lcwgs-1-T.clmp.fp2_repr.R2	832.0	2885.0	3677.0	4866.0	5901.0	6718.0	8246.0	9253.0	9690.0	10466.0	11674.0	13018.0	14459.0	15629.0	16757.0	18001.0	19072.0	19527.0	20529.0	21857.0	21304.0	21706.0	16665.0	47328.0	268096.0
Cvi-CPal_049-Ex1-6A-lcwgs-1-T.clmp.fp2_repr.R1	6236.0	19492.0	25385.0	36686.0	60396.0	82341.0	101958.0	122396.0	136595.0	141332.0	165148.0	198841.0	233641.0	264950.0	305035.0	340158.0	361402.0	375693.0	421678.0	429497.0	439940.0	426232.0	252307.0	919670.0	4312703.0
Cvi-CPal_049-Ex1-6A-lcwgs-1-T.clmp.fp2_repr.R2	13220.0	34480.0	38542.0	45939.0	53885.0	63049.0	80639.0	92569.0	100054.0	110250.0	137130.0	160317.0	189157.0	217143.0	239557.0	268661.0	289785.0	313121.0	328775.0	359515.0	355681.0	363004.0	262199.0	892828.0	5170212.0
Cvi-CPal_050-Ex1-6B-lcwgs-1-T.clmp.fp2_repr.R1	2391.0	8550.0	12611.0	18276.0	26460.0	33678.0	39693.0	45526.0	50119.0	50785.0	56524.0	64543.0	72344.0	79006.0	87943.0	96082.0	98979.0	100948.0	110488.0	111305.0	112267.0	108319.0	66495.0	224192.0	1032345.0
Cvi-CPal_050-Ex1-6B-lcwgs-1-T.clmp.fp2_repr.R2	3736.0	11261.0	14912.0	19293.0	23348.0	27289.0	32677.0	37192.0	39519.0	42217.0	49135.0	54464.0	61295.0	67024.0	71626.0	77837.0	82152.0	85363.0	88260.0	95566.0	92838.0	93853.0	69984.0	218502.0	1250526.0
Cvi-CPal_051-Ex1-6C-lcwgs-1-T.clmp.fp2_repr.R1	1354.0	5233.0	7995.0	11265.0	15996.0	19899.0	23401.0	26520.0	28983.0	29629.0	32820.0	36413.0	39801.0	42726.0	46950.0	49506.0	50724.0	51215.0	54768.0	54567.0	54216.0	52342.0	33294.0	98497.0	442894.0
Cvi-CPal_051-Ex1-6C-lcwgs-1-T.clmp.fp2_repr.R2	1833.0	6214.0	8624.0	11254.0	13973.0	16371.0	19592.0	21948.0	23864.0	25471.0	28967.0	31460.0	34353.0	37116.0	39358.0	41454.0	42863.0	44306.0	45296.0	47554.0	46343.0	46684.0	36033.0	97365.0	542712.0
Cvi-CPal_052-Ex1-6D-lcwgs-1-T.clmp.fp2_repr.R1	823.0	2873.0	3969.0	5855.0	8914.0	11731.0	14495.0	17090.0	18696.0	18982.0	21405.0	24940.0	28498.0	31717.0	36036.0	39039.0	41338.0	42656.0	47382.0	48415.0	48975.0	47725.0	30174.0	95787.0	433498.0
Cvi-CPal_052-Ex1-6D-lcwgs-1-T.clmp.fp2_repr.R2	1367.0	3845.0	4767.0	6071.0	7359.0	8739.0	11117.0	13068.0	13789.0	15023.0	17716.0	20139.0	22877.0	26061.0	28480.0	30822.0	33198.0	35295.0	37086.0	40395.0	40410.0	41365.0	31994.0	92692.0	537338.0
Cvi-CPal_053-Ex1-6E-lcwgs-1-T.clmp.fp2_repr.R1	925.0	3298.0	4814.0	6827.0	9864.0	12646.0	14899.0	17546.0	19268.0	19516.0	21583.0	24198.0	26140.0	28422.0	30429.0	32723.0	33721.0	33840.0	36379.0	36247.0	36199.0	34595.0	21629.0	68051.0	307518.0
Cvi-CPal_053-Ex1-6E-lcwgs-1-T.clmp.fp2_repr.R2	1242.0	3966.0	5338.0	6889.0	8476.0	10181.0	12080.0	14340.0	15648.0	16553.0	18672.0	20622.0	22533.0	24230.0	25534.0	26907.0	28272.0	28711.0	29417.0	31174.0	30304.0	30222.0	23344.0	66718.0	379904.0
Cvi-CPal_054-Ex1-6F-lcwgs-1-T.clmp.fp2_repr.R1	2224.0	8899.0	13053.0	17569.0	22676.0	26878.0	29838.0	32564.0	33675.0	33774.0	35833.0	38395.0	41391.0	43684.0	47167.0	49893.0	51040.0	50675.0	54298.0	53833.0	54456.0	51969.0	32302.0	101181.0	457829.0
Cvi-CPal_054-Ex1-6F-lcwgs-1-T.clmp.fp2_repr.R2	2729.0	9757.0	13740.0	17696.0	20921.0	23207.0	26111.0	27811.0	28401.0	29595.0	32086.0	33522.0	35894.0	37983.0	39715.0	41523.0	43058.0	44104.0	44293.0	47000.0	45582.0	45653.0	34924.0	98758.0	561033.0
Cvi-CPal_055-Ex1-6G-lcwgs-1-T.clmp.fp2_repr.R1	1626.0	6238.0	8990.0	11339.0	13883.0	15975.0	17558.0	19138.0	19717.0	19398.0	20350.0	21874.0	23231.0	24509.0	26097.0	27771.0	28128.0	27975.0	29727.0	29716.0	29454.0	28173.0	17720.0	55378.0	249196.0
Cvi-CPal_055-Ex1-6G-lcwgs-1-T.clmp.fp2_repr.R2	1898.0	6683.0	9345.0	11371.0	12678.0	13973.0	15393.0	16445.0	16863.0	17251.0	18253.0	19084.0	20248.0	21223.0	21988.0	23048.0	23529.0	24180.0	24197.0	25956.0	24792.0	24715.0	18960.0	53974.0	307114.0
Cvi-CPal_056-Ex1-6H-lcwgs-1-T.clmp.fp2_repr.R1	3190.0	12064.0	16171.0	20180.0	24689.0	28356.0	31265.0	34265.0	35986.0	35532.0	37782.0	41675.0	45177.0	47976.0	52346.0	56326.0	57339.0	58574.0	63603.0	63761.0	64495.0	61527.0	36699.0	128309.0	598387.0
Cvi-CPal_056-Ex1-6H-lcwgs-1-T.clmp.fp2_repr.R2	3966.0	13607.0	17506.0	20828.0	22949.0	24758.0	27324.0	29172.0	30063.0	30733.0	33454.0	35927.0	38465.0	41320.0	43105.0	46290.0	47282.0	49305.0	51242.0	53662.0	52281.0	52181.0	38336.0	124339.0	727579.0
Cvi-CPal_057-Ex1-7A-lcwgs-1-T.clmp.fp2_repr.R1	2456.0	7904.0	11047.0	16162.0	26684.0	35630.0	43552.0	52427.0	58874.0	60775.0	69692.0	83277.0	96555.0	110072.0	125614.0	140105.0	148462.0	154600.0	171715.0	174820.0	178263.0	172859.0	106025.0	358909.0	1683508.0
Cvi-CPal_057-Ex1-7A-lcwgs-1-T.clmp.fp2_repr.R2	5038.0	13387.0	15614.0	19224.0	23463.0	27572.0	34935.0	40299.0	44157.0	48503.0	58736.0	68162.0	79613.0	91750.0	100478.0	112018.0	120654.0	129192.0	135689.0	148779.0	146453.0	149486.0	110675.0	350404.0	2015706.0
Cvi-CPal_058-Ex1-7B-lcwgs-1-T.clmp.fp2_repr.R1	942.0	3123.0	3952.0	5432.0	8632.0	11463.0	14242.0	16868.0	18512.0	18419.0	20838.0	25104.0	29467.0	33653.0	39463.0	44267.0	46798.0	48819.0	56246.0	56779.0	59829.0	57855.0	33322.0	129360.0	633444.0
Cvi-CPal_058-Ex1-7B-lcwgs-1-T.clmp.fp2_repr.R2	2040.0	5502.0	6151.0	7135.0	8219.0	9204.0	11690.0	13085.0	13873.0	14618.0	17410.0	20045.0	23877.0	27479.0	30540.0	34553.0	37367.0	40416.0	43020.0	47454.0	47122.0	48150.0	34031.0	125509.0	748339.0
Cvi-CPal_059-Ex1-7C-lcwgs-1-T.clmp.fp2_repr.R1	927.0	3191.0	4250.0	5901.0	9419.0	12717.0	15661.0	18646.0	20340.0	20543.0	23034.0	27899.0	32384.0	36936.0	43187.0	48091.0	51483.0	53873.0	61346.0	62820.0	65319.0	63877.0	36729.0	143519.0	714415.0
Cvi-CPal_059-Ex1-7C-lcwgs-1-T.clmp.fp2_repr.R2	2154.0	5735.0	6533.0	7712.0	8864.0	10123.0	12790.0	14614.0	15005.0	15879.0	19069.0	22102.0	25880.0	29807.0	33048.0	36894.0	40001.0	43637.0	46211.0	51244.0	51158.0	52685.0	37171.0	139745.0	848446.0
Cvi-CPal_060-Ex1-7D-lcwgs-1-T.clmp.fp2_repr.R1	1184.0	3807.0	4608.0	6301.0	10605.0	14346.0	17793.0	20925.0	22995.0	22596.0	26023.0	31860.0	38055.0	44260.0	51115.0	58528.0	62964.0	66257.0	76348.0	78520.0	81983.0	79977.0	45018.0	181286.0	906387.0
Cvi-CPal_060-Ex1-7D-lcwgs-1-T.clmp.fp2_repr.R2	2820.0	7258.0	7829.0	9052.0	10124.0	11623.0	14360.0	16240.0	16501.0	17194.0	21041.0	24552.0	29819.0	34212.0	38630.0	43604.0	47858.0	52867.0	56828.0	63667.0	63145.0	65100.0	45399.0	177676.0	1076342.0
Cvi-CPal_061-Ex1-7E-lcwgs-1-T.clmp.fp2_repr.R1	2521.0	9621.0	13889.0	19045.0	26537.0	33210.0	38560.0	44456.0	48520.0	49890.0	55042.0	61711.0	68409.0	73619.0	80440.0	86055.0	87970.0	89005.0	95325.0	95145.0	95087.0	91047.0	59595.0	168644.0	758757.0
Cvi-CPal_061-Ex1-7E-lcwgs-1-T.clmp.fp2_repr.R2	3312.0	11142.0	14837.0	18891.0	22777.0	26750.0	31673.0	36222.0	39327.0	42721.0	48501.0	52797.0	59161.0	63628.0	67526.0	71779.0	74143.0	77148.0	78807.0	83556.0	80893.0	81382.0	64366.0	165902.0	934859.0
Cvi-CPal_062-Ex1-7F-lcwgs-1-T.clmp.fp2_repr.R1	2141.0	7123.0	9477.0	13339.0	20290.0	26812.0	32205.0	38409.0	42066.0	43792.0	48777.0	57400.0	65758.0	74075.0	83166.0	91710.0	96350.0	99263.0	109485.0	110706.0	114180.0	109981.0	65026.0	233438.0	1131176.0
Cvi-CPal_062-Ex1-7F-lcwgs-1-T.clmp.fp2_repr.R2	3833.0	10998.0	13076.0	15599.0	18541.0	21671.0	26696.0	30800.0	32661.0	35702.0	42110.0	47662.0	54722.0	62042.0	66416.0	73493.0	78032.0	82549.0	86188.0	93884.0	92761.0	93398.0	67433.0	229021.0	1346857.0
Cvi-CPal_063-Ex1-7G-lcwgs-1-T.clmp.fp2_repr.R1	1477.0	5506.0	7606.0	10487.0	14164.0	17485.0	20325.0	23309.0	24583.0	24593.0	26914.0	30558.0	34006.0	38122.0	42263.0	46306.0	48215.0	49796.0	55240.0	55755.0	58195.0	55859.0	31239.0	124701.0	613814.0
Cvi-CPal_063-Ex1-7G-lcwgs-1-T.clmp.fp2_repr.R2	2562.0	8049.0	9774.0	12221.0	13893.0	15472.0	17878.0	19666.0	20235.0	20666.0	23580.0	25624.0	28536.0	32074.0	34019.0	36769.0	39390.0	41421.0	42752.0	46738.0	45779.0	46187.0	31464.0	122258.0	723511.0
Cvi-CPal_064-Ex1-7H-lcwgs-1-T.clmp.fp2_repr.R1	749.0	2630.0	3822.0	5426.0	7695.0	9619.0	11068.0	12886.0	14178.0	14480.0	15800.0	17624.0	19788.0	21669.0	24163.0	26529.0	27470.0	28207.0	30903.0	30702.0	31224.0	30012.0	18500.0	62548.0	298147.0
Cvi-CPal_064-Ex1-7H-lcwgs-1-T.clmp.fp2_repr.R2	1139.0	3463.0	4633.0	5743.0	6860.0	8000.0	9391.0	10606.0	11491.0	12235.0	13608.0	14862.0	16731.0	18657.0	19811.0	21425.0	22721.0	23885.0	24335.0	26221.0	25517.0	25804.0	19429.0	60827.0	358445.0
Cvi-CPal_065-Ex1-8A-lcwgs-1-T.clmp.fp2_repr.R1	1587.0	6379.0	9741.0	14215.0	20043.0	24131.0	28024.0	31051.0	33160.0	33397.0	36432.0	39779.0	44126.0	47518.0	51818.0	55408.0	57057.0	57737.0	63176.0	62817.0	63026.0	60728.0	37242.0	120970.0	554172.0
Cvi-CPal_065-Ex1-8A-lcwgs-1-T.clmp.fp2_repr.R2	2413.0	8004.0	11233.0	15033.0	18525.0	20889.0	24487.0	26610.0	27984.0	29258.0	32859.0	35048.0	38729.0	41815.0	43837.0	46702.0	48682.0	50188.0	51889.0	54491.0	52650.0	53770.0	39401.0	120847.0	658390.0
Cvi-CPal_066-Ex1-8B-lcwgs-1-T.clmp.fp2_repr.R1	1168.0	4387.0	6878.0	9728.0	13063.0	15566.0	17843.0	19753.0	20808.0	20910.0	22653.0	25335.0	27864.0	30251.0	32648.0	35214.0	36746.0	37214.0	40565.0	40393.0	40820.0	39572.0	23928.0	81304.0	383897.0
Cvi-CPal_066-Ex1-8B-lcwgs-1-T.clmp.fp2_repr.R2	1806.0	5469.0	7916.0	10438.0	12123.0	13676.0	15694.0	17203.0	17501.0	18119.0	20197.0	21991.0	24225.0	26090.0	26976.0	29141.0	30747.0	31807.0	32767.0	34525.0	33989.0	33903.0	25191.0	81236.0	455778.0
Cvi-CPal_067-Ex1-8C-lcwgs-1-T.clmp.fp2_repr.R1	1093.0	4650.0	7348.0	10528.0	13903.0	16543.0	18639.0	20447.0	21452.0	21374.0	22713.0	24781.0	26596.0	27996.0	30301.0	31514.0	32537.0	32897.0	35330.0	34693.0	34988.0	33331.0	21300.0	63557.0	291704.0
Cvi-CPal_067-Ex1-8C-lcwgs-1-T.clmp.fp2_repr.R2	1434.0	5323.0	7965.0	10640.0	12744.0	14399.0	16530.0	17765.0	18335.0	19001.0	20609.0	21565.0	23377.0	24843.0	25649.0	26742.0	27833.0	28658.0	29105.0	30489.0	29873.0	29652.0	22674.0	63677.0	351333.0
Cvi-CPal_068-Ex1-8D-lcwgs-1-T.clmp.fp2_repr.R1	1158.0	4650.0	6918.0	9431.0	12011.0	13987.0	15639.0	16959.0	17936.0	18285.0	18818.0	20452.0	21550.0	22997.0	24711.0	25843.0	26179.0	25788.0	28248.0	27723.0	28012.0	26494.0	16580.0	49986.0	229317.0
Cvi-CPal_068-Ex1-8D-lcwgs-1-T.clmp.fp2_repr.R2	1454.0	5207.0	7229.0	9513.0	11021.0	12317.0	13758.0	14820.0	15480.0	16279.0	17301.0	18079.0	19022.0	20330.0	21111.0	21673.0	22335.0	22704.0	23263.0	24354.0	23599.0	23507.0	17955.0	49968.0	277393.0
Cvi-CPal_069-Ex1-8E-lcwgs-1-T.clmp.fp2_repr.R1	1988.0	7318.0	10365.0	13399.0	17416.0	21243.0	23914.0	27263.0	28583.0	28217.0	30659.0	34782.0	38862.0	42801.0	47722.0	52196.0	54102.0	55934.0	62921.0	63501.0	65193.0	62672.0	34574.0	140578.0	692329.0
Cvi-CPal_069-Ex1-8E-lcwgs-1-T.clmp.fp2_repr.R2	3242.0	10017.0	12852.0	15043.0	16867.0	18744.0	21168.0	23427.0	23225.0	24125.0	27187.0	29522.0	32998.0	36283.0	38480.0	41554.0	43972.0	46258.0	48109.0	52313.0	51408.0	52022.0	35197.0	139845.0	814674.0
Cvi-CPal_070-Ex1-8F-lcwgs-1-T.clmp.fp2_repr.R1	1430.0	5540.0	8099.0	10568.0	12871.0	14370.0	15919.0	16991.0	17438.0	17643.0	18024.0	19560.0	21111.0	22143.0	23865.0	25275.0	25894.0	25473.0	27681.0	27641.0	27599.0	26680.0	16263.0	52186.0	245368.0
Cvi-CPal_070-Ex1-8F-lcwgs-1-T.clmp.fp2_repr.R2	1739.0	6158.0	8593.0	10639.0	11985.0	12780.0	14046.0	14951.0	15040.0	15664.0	16256.0	17155.0	18500.0	19308.0	20209.0	21064.0	21870.0	22308.0	22518.0	24181.0	23137.0	23134.0	17289.0	52449.0	294659.0
Cvi-CPal_071-Ex1-8G-lcwgs-1-T.clmp.fp2_repr.R1	1210.0	4760.0	7276.0	9311.0	11553.0	12756.0	14079.0	14876.0	15347.0	15109.0	15526.0	16229.0	17205.0	18269.0	19122.0	19836.0	20086.0	20014.0	20918.0	20770.0	20356.0	19457.0	12527.0	35589.0	159933.0
Cvi-CPal_071-Ex1-8G-lcwgs-1-T.clmp.fp2_repr.R2	1364.0	5073.0	7409.0	9300.0	10657.0	11404.0	12653.0	13117.0	13479.0	13584.0	14255.0	14434.0	15242.0	16148.0	16654.0	17224.0	17162.0	17627.0	17522.0	18438.0	17613.0	17549.0	13729.0	35545.0	194932.0
Cvi-CPal_072-Ex1-1A-lcwgs-1-T.clmp.fp2_repr.R1	3083.0	11037.0	16460.0	24338.0	36714.0	47469.0	57325.0	68536.0	77020.0	81563.0	93788.0	108926.0	123580.0	136886.0	151945.0	164378.0	170234.0	173270.0	185628.0	183602.0	183585.0	175243.0	116535.0	314772.0	1356321.0
Cvi-CPal_072-Ex1-1A-lcwgs-1-T.clmp.fp2_repr.R2	4657.0	13770.0	18367.0	24086.0	29987.0	35710.0	44483.0	52941.0	59764.0	67729.0	81162.0	92741.0	105438.0	117976.0	127763.0	138494.0	145560.0	152117.0	156190.0	164527.0	159797.0	159484.0	127055.0	314611.0	1667829.0
Cvi-CPal_079-Ex1-8H-lcwgs-1-T.clmp.fp2_repr.R1	1402.0	5625.0	8598.0	11235.0	14037.0	15952.0	17411.0	18569.0	19315.0	19103.0	20238.0	21762.0	22871.0	24253.0	26199.0	27492.0	27820.0	28259.0	30201.0	29502.0	29773.0	28469.0	18265.0	54421.0	248552.0
Cvi-CPal_079-Ex1-8H-lcwgs-1-T.clmp.fp2_repr.R2	1696.0	6038.0	9044.0	11167.0	12895.0	13977.0	15557.0	16288.0	16593.0	17016.0	18335.0	19199.0	20033.0	21221.0	21985.0	23455.0	23548.0	24394.0	24637.0	26128.0	25412.0	25146.0	19574.0	53846.0	302140.0
Cvi-CPal_087-Ex1-1B-lcwgs-1-T.clmp.fp2_repr.R1	920.0	3334.0	4678.0	6510.0	9871.0	13086.0	15514.0	18664.0	20466.0	21193.0	23994.0	28000.0	31937.0	35821.0	40338.0	44692.0	46546.0	47747.0	53010.0	53607.0	54208.0	52293.0	31847.0	108656.0	505295.0
Cvi-CPal_087-Ex1-1B-lcwgs-1-T.clmp.fp2_repr.R2	1682.0	4887.0	5901.0	7380.0	8773.0	10223.0	12487.0	14655.0	15694.0	17176.0	20189.0	22983.0	26377.0	29968.0	32639.0	35980.0	38145.0	40586.0	42002.0	45972.0	44987.0	44928.0	33434.0	107276.0	607903.0
Cvi-CPal_093-Ex1-1C-lcwgs-1-T.clmp.fp2_repr.R1	1123.0	3945.0	5135.0	7357.0	11231.0	14576.0	18026.0	20874.0	22865.0	22794.0	26007.0	30595.0	34903.0	39803.0	45533.0	50529.0	53556.0	55507.0	61493.0	62768.0	64590.0	62530.0	35382.0	135391.0	657336.0
Cvi-CPal_093-Ex1-1C-lcwgs-1-T.clmp.fp2_repr.R2	2303.0	6325.0	7446.0	8893.0	10480.0	12103.0	14864.0	16474.0	17847.0	18577.0	22431.0	25072.0	28694.0	33070.0	36121.0	39672.0	42466.0	45439.0	47705.0	52418.0	51386.0	52280.0	36463.0	134344.0	780976.0
