Sample	1	2	3	4	5	6	7	8	9	10	11	12	13	14	15	16	17	18	19	20	21	22	23	24	25	26	27	28	29	30	31
Par-ARag_001-Ex1-6G-lcwgs-2-T.clmp.r1r2_fastp	90.7087435274186	8.292751181538595	0.8730953333125341	0.10503615758638066	0.015883055332594015	0.003687137845066468	0.0005199809781503993	0.00023635499006836332	4.727099801367266e-05	0.0	0.0	0.0	0.0	0.0	0.0	0.0	0.0	0.0	0.0	0.0	0.0	0.0	0.0	0.0	0.0	0.0	0.0	0.0	0.0	0.0	0.0
Par-ARag_002-Ex1-6H-lcwgs-2-T.clmp.r1r2_fastp	95.40577752738496	4.3039823724861925	0.26582812458377386	0.021708369132925592	0.0020674637269452946	0.0004373480960845815	7.951783565174209e-05	0.00011927675347761315	0.0	0.0	0.0	0.0	0.0	0.0	0.0	0.0	0.0	0.0	0.0	0.0	0.0	0.0	0.0	0.0	0.0	0.0	0.0	0.0	0.0	0.0	0.0
Par-ARag_006-Ex1-7C-lcwgs-2-T.clmp.r1r2_fastp	93.15820512962426	6.218287300530156	0.5538941396192048	0.06032753979864991	0.007748491350285311	0.0012914152250475517	0.0001844878892925074	6.149596309750246e-05	0.0	0.0	0.0	0.0	0.0	0.0	0.0	0.0	0.0	0.0	0.0	0.0	0.0	0.0	0.0	0.0	0.0	0.0	0.0	0.0	0.0	0.0	0.0
Par-ARag_007-Ex1-7D-lcwgs-2-T.clmp.r1r2_fastp	94.04396013418435	5.472676273997386	0.43495263343049556	0.04244302191174992	0.004947105236707206	0.0007852547994773344	0.00015705095989546687	3.926273997386672e-05	0.0	0.0	3.926273997386672e-05	0.0	0.0	0.0	0.0	0.0	0.0	0.0	0.0	0.0	0.0	0.0	0.0	0.0	0.0	0.0	0.0	0.0	0.0	0.0	0.0
Par-ARag_008-Ex1-7E-lcwgs-2-T.clmp.r1r2_fastp	93.61834485471405	5.801531166002579	0.512088344344811	0.057181984396966805	0.008376978605925074	0.001893925597861321	0.0002913731689017417	0.00014568658445087085	7.284329222543543e-05	0.0	0.0	0.0	0.0	0.0	0.0	0.0	0.0	0.0	0.0	0.0	0.0	0.0	0.0	0.0	7.284329222543543e-05	0.0	0.0	0.0	0.0	0.0	0.0
Par-ARag_009-Ex1-7F-lcwgs-2-T.clmp.r1r2_fastp	89.90009805112787	8.742868687782037	1.154643865305442	0.1642427033854483	0.028680661322362157	0.006357782066533483	0.002189902711805977	0.0004944941607303821	0.0002825680918459326	7.064202296148314e-05	7.064202296148314e-05	0.0	0.0	0.0	0.0	0.0	0.0	0.0	0.0	0.0	0.0	0.0	0.0	0.0	0.0	0.0	0.0	0.0	0.0	0.0	0.0
Par-ARag_010-Ex1-7G-lcwgs-2-T.clmp.r1r2_fastp	93.36624500131262	6.051373133696139	0.5190409415830207	0.05319455465075558	0.008323962718497864	0.0015268807353457621	0.00019701686907687256	4.925421726921814e-05	0.0	0.0	0.0	0.0	0.0	0.0	0.0	0.0	0.0	0.0	0.0	0.0	0.0	0.0	0.0	0.0	0.0	0.0	0.0	0.0	0.0	0.0	4.925421726921814e-05
Par-ARag_011-Ex1-7H-lcwgs-2-T.clmp.r1r2_fastp	92.13981429721998	7.075403307249347	0.6889055202116666	0.08028850223391444	0.012571268617001216	0.002304732579783556	0.0004609465159567112	8.380845744667477e-05	8.380845744667477e-05	0.0	0.0	0.0	0.0	0.0	0.0	0.0	0.0	0.0	0.0	0.0	0.0	0.0	0.0	0.0	0.0	0.0	0.0	0.0	0.0	0.0	8.380845744667477e-05
Par-ARag_012-Ex1-8A-lcwgs-2-T.clmp.r1r2_fastp	93.51447468947993	5.872794677688066	0.5409106631220605	0.059957636201023096	0.00951335657646008	0.0017030082760329773	0.0004110709631803738	5.872442331148198e-05	0.00011744884662296396	0.0	0.0	0.0	0.0	0.0	0.0	0.0	0.0	0.0	0.0	0.0	0.0	0.0	0.0	0.0	0.0	0.0	0.0	0.0	0.0	0.0	5.872442331148198e-05
Par-ARag_013-Ex1-8B-lcwgs-2-T.clmp.r1r2_fastp	93.13128657876543	6.165589005613241	0.614325572250308	0.0717015931431478	0.013143511112678358	0.0032057344177264294	0.0002137156278484286	0.0003205734417726429	0.0002137156278484286	0.0	0.0	0.0	0.0	0.0	0.0	0.0	0.0	0.0	0.0	0.0	0.0	0.0	0.0	0.0	0.0	0.0	0.0	0.0	0.0	0.0	0.0
Par-ARag_014-Ex1-8C-lcwgs-2-T.clmp.r1r2_fastp	92.8196213681799	6.490893859404172	0.6090010219462594	0.06893385712343326	0.00921067444067083	0.0018275147699743709	0.000438603544793849	7.310059079897483e-05	0.0	0.0	0.0	0.0	0.0	0.0	0.0	0.0	0.0	0.0	0.0	0.0	0.0	0.0	0.0	0.0	0.0	0.0	0.0	0.0	0.0	0.0	0.0
Par-ARag_017-Ex1-8E-lcwgs-2-T.clmp.r1r2_fastp	90.4918181543208	8.327838440055253	1.0089430648397406	0.13943921841444604	0.02409687143966204	0.00549489327808193	0.0016131796779690066	0.0003528830545557202	0.0003528830545557202	5.041186493653146e-05	0.0	0.0	0.0	0.0	0.0	0.0	0.0	0.0	0.0	0.0	0.0	0.0	0.0	0.0	0.0	0.0	0.0	0.0	0.0	0.0	0.0
Par-ARag_019-Ex1-8F-lcwgs-2-T.clmp.r1r2_fastp	93.32233716406404	6.047335321408864	0.5512427464127986	0.06709256901988674	0.009282997970091217	0.0021115832292482165	0.00047809431605619996	0.00011952357901404999	0.0	0.0	0.0	0.0	0.0	0.0	0.0	0.0	0.0	0.0	0.0	0.0	0.0	0.0	0.0	0.0	0.0	0.0	0.0	0.0	0.0	0.0	0.0
Par-ARag_020-Ex1-8G-lcwgs-2-T.clmp.r1r2_fastp	94.60324896993787	4.980192202698848	0.373360134155242	0.037909057305018666	0.004533973631165023	0.0007556622718608373	0.0	0.0	0.0	0.0	0.0	0.0	0.0	0.0	0.0	0.0	0.0	0.0	0.0	0.0	0.0	0.0	0.0	0.0	0.0	0.0	0.0	0.0	0.0	0.0	0.0
Par-ARag_021-Ex1-8H-lcwgs-2-T.clmp.r1r2_fastp	94.1422615399466	5.3796198236337105	0.4250046070647201	0.04498527355803493	0.006650800197491817	0.0013393972619948798	0.00013855833744774618	0.0	0.0	0.0	0.0	0.0	0.0	0.0	0.0	0.0	0.0	0.0	0.0	0.0	0.0	0.0	0.0	0.0	0.0	0.0	0.0	0.0	0.0	0.0	0.0
Par-ARag_022-Ex1-9A-lcwgs-2-T.clmp.r1r2_fastp	95.68130833278944	4.03949613523417	0.252006974293946	0.023981128381087354	0.002722585337199653	0.00029836551640544145	0.00011188706865204054	3.729568955068018e-05	0.0	0.0	0.0	0.0	0.0	0.0	0.0	0.0	0.0	0.0	0.0	0.0	0.0	0.0	0.0	0.0	0.0	0.0	0.0	0.0	0.0	0.0	3.729568955068018e-05
Par-ARag_025-Ex1-9D-lcwgs-2-T.clmp.r1r2_fastp	90.92809324333271	8.038887603147721	0.9002137222470883	0.11260451991147813	0.01573068167607584	0.003508281524880223	0.0006790222306219787	0.0002829259294258245	0.0	0.0	0.0	0.0	0.0	0.0	0.0	0.0	0.0	0.0	0.0	0.0	0.0	0.0	0.0	0.0	0.0	0.0	0.0	0.0	0.0	0.0	0.0
Par-ARag_027-Ex1-9F-lcwgs-2-T.clmp.r1r2_fastp	94.81130510414715	4.808200478254584	0.3437010458560354	0.03205348488331584	0.003969655244329318	0.0005924858573625847	0.00017774575720877543	0.0	0.0	0.0	0.0	0.0	0.0	0.0	0.0	0.0	0.0	0.0	0.0	0.0	0.0	0.0	0.0	0.0	0.0	0.0	0.0	0.0	0.0	0.0	0.0
Par-ARag_028-Ex1-9G-lcwgs-2-T.clmp.r1r2_fastp	92.05756829882564	7.151320668859164	0.6990675487869861	0.07692451646391492	0.012410357329645683	0.0022161352374367293	0.000246237248604081	0.00019698979888326486	0.0	4.9247449720816215e-05	0.0	0.0	0.0	0.0	0.0	0.0	0.0	0.0	0.0	0.0	0.0	0.0	0.0	0.0	0.0	0.0	0.0	0.0	0.0	0.0	0.0
Par-ARag_029-Ex1-9H-lcwgs-2-T.clmp.r1r2_fastp	92.38625719974904	6.762483365035204	0.7338515702515725	0.09659941746829857	0.016720137912309953	0.002830368173243691	0.0007337991560261421	0.0004717280288739485	0.0	0.0	0.0	0.0	5.241422543043873e-05	0.0	0.0	0.0	0.0	0.0	0.0	0.0	0.0	0.0	0.0	0.0	0.0	0.0	0.0	0.0	0.0	0.0	0.0
Par-ARag_030-Ex1-10A-lcwgs-2-T.clmp.r1r2_fastp	92.6730248994047	6.589211360025205	0.6464549027692152	0.07575035638646489	0.012155063605016832	0.002333772212163232	0.0006806835618809427	0.00019448101768026934	9.724050884013467e-05	9.724050884013467e-05	0.0	0.0	0.0	0.0	0.0	0.0	0.0	0.0	0.0	0.0	0.0	0.0	0.0	0.0	0.0	0.0	0.0	0.0	0.0	0.0	0.0
Par-CPas_003-Ex1-5C-lcwgs-1-T.clmp.r1r2_fastp	97.82044700953121	2.089374158908975	0.08393568168259825	0.0062431498772180525	0.0	0.0	0.0	0.0	0.0	0.0	0.0	0.0	0.0	0.0	0.0	0.0	0.0	0.0	0.0	0.0	0.0	0.0	0.0	0.0	0.0	0.0	0.0	0.0	0.0	0.0	0.0
Par-CPas_004-Ex1-7D7E-lcwgs-1and2-T.clmp.r1r2_fastp	99.89087188814368	0.10799136069114472	0.0011367511651699442	0.0	0.0	0.0	0.0	0.0	0.0	0.0	0.0	0.0	0.0	0.0	0.0	0.0	0.0	0.0	0.0	0.0	0.0	0.0	0.0	0.0	0.0	0.0	0.0	0.0	0.0	0.0	0.0
Par-CPas_008-Ex1-6E6F-lcwgs-1and2-T.clmp.r1r2_fastp	97.86034574736509	2.0424346909056457	0.09165827324052161	0.00535531484101924	0.00020597364773150925	0.0	0.0	0.0	0.0	0.0	0.0	0.0	0.0	0.0	0.0	0.0	0.0	0.0	0.0	0.0	0.0	0.0	0.0	0.0	0.0	0.0	0.0	0.0	0.0	0.0	0.0
Par-CPas_010-Ex1-5A-lcwgs-1-T.clmp.r1r2_fastp	97.14651903263415	2.7399309284718276	0.10694431947992487	0.00637793598602321	0.00022778342807225745	0.0	0.0	0.0	0.0	0.0	0.0	0.0	0.0	0.0	0.0	0.0	0.0	0.0	0.0	0.0	0.0	0.0	0.0	0.0	0.0	0.0	0.0	0.0	0.0	0.0	0.0
Par-CPas_013-Ex1-2F3G-lcwgs-1and2-T.clmp.r1r2_fastp	98.70817694061299	1.2319524719644461	0.05756787252170309	0.0023027149008681236	0.0	0.0	0.0	0.0	0.0	0.0	0.0	0.0	0.0	0.0	0.0	0.0	0.0	0.0	0.0	0.0	0.0	0.0	0.0	0.0	0.0	0.0	0.0	0.0	0.0	0.0	0.0
Par-CPas_015-Ex1-7H-lcwgs-1-T.clmp.r1r2_fastp	97.65142387209058	2.242431197047067	0.10040736703195823	0.005418810284264413	0.00031875354613320074	0.0	0.0	0.0	0.0	0.0	0.0	0.0	0.0	0.0	0.0	0.0	0.0	0.0	0.0	0.0	0.0	0.0	0.0	0.0	0.0	0.0	0.0	0.0	0.0	0.0	0.0
Par-CPas_016-Ex1-6F6G-lcwgs-1and2-T.clmp.r1r2_fastp	97.39769495798922	2.4859068671341698	0.10923521026882607	0.006446668147012686	0.0007162964607791873	0.0	0.0	0.0	0.0	0.0	0.0	0.0	0.0	0.0	0.0	0.0	0.0	0.0	0.0	0.0	0.0	0.0	0.0	0.0	0.0	0.0	0.0	0.0	0.0	0.0	0.0
Par-CPas_018-Ex1-3H4H-lcwgs-1and2-T.clmp.r1r2_fastp	98.4552796580285	1.483654003285541	0.05590580302235372	0.005160535663601882	0.0	0.0	0.0	0.0	0.0	0.0	0.0	0.0	0.0	0.0	0.0	0.0	0.0	0.0	0.0	0.0	0.0	0.0	0.0	0.0	0.0	0.0	0.0	0.0	0.0	0.0	0.0
Par-CPas_020-Ex1-6A-lcwgs-1-T.clmp.r1r2_fastp	98.37590323178317	1.5446917762896695	0.07569942563722505	0.003705566289934094	0.0	0.0	0.0	0.0	0.0	0.0	0.0	0.0	0.0	0.0	0.0	0.0	0.0	0.0	0.0	0.0	0.0	0.0	0.0	0.0	0.0	0.0	0.0	0.0	0.0	0.0	0.0
Par-CPas_023-Ex1-8H-lcwgs-1-T.clmp.r1r2_fastp	97.21720585453107	2.6721474066812285	0.10319384964656106	0.006879589976437404	0.000573299164703117	0.0	0.0	0.0	0.0	0.0	0.0	0.0	0.0	0.0	0.0	0.0	0.0	0.0	0.0	0.0	0.0	0.0	0.0	0.0	0.0	0.0	0.0	0.0	0.0	0.0	0.0
Par-CPas_027-Ex1-2E-lcwgs-1-T.clmp.r1r2_fastp	99.90580563354769	0.0941943664523141	0.0	0.0	0.0	0.0	0.0	0.0	0.0	0.0	0.0	0.0	0.0	0.0	0.0	0.0	0.0	0.0	0.0	0.0	0.0	0.0	0.0	0.0	0.0	0.0	0.0	0.0	0.0	0.0	0.0
Par-CPas_028-Ex1-3C-lcwgs-1-T.clmp.r1r2_fastp	98.37636421767782	1.570519362983416	0.05048254730543916	0.002268056473142919	0.00021948933611060505	0.0	0.0	7.316311203686835e-05	0.0	0.0	0.0	0.0	0.0	7.316311203686835e-05	0.0	0.0	0.0	0.0	0.0	0.0	0.0	0.0	0.0	0.0	0.0	0.0	0.0	0.0	0.0	0.0	0.0
Par-CPas_033-Ex1-5F-lcwgs-1-T.clmp.r1r2_fastp	97.60418826100351	2.300634401052792	0.09036693097180529	0.004810406971883171	0.0	0.0	0.0	0.0	0.0	0.0	0.0	0.0	0.0	0.0	0.0	0.0	0.0	0.0	0.0	0.0	0.0	0.0	0.0	0.0	0.0	0.0	0.0	0.0	0.0	0.0	0.0
Par-CPas_035-Ex1-2G3H-lcwgs-1and2-T.clmp.r1r2_fastp	97.52044073203344	2.3795855861266206	0.09396819565167473	0.005652222294837578	0.00035326389342734863	0.0	0.0	0.0	0.0	0.0	0.0	0.0	0.0	0.0	0.0	0.0	0.0	0.0	0.0	0.0	0.0	0.0	0.0	0.0	0.0	0.0	0.0	0.0	0.0	0.0	0.0
Par-CPas_037-Ex1-7C7D-lcwgs-1and2-T.clmp.r1r2_fastp	99.88224744341085	0.11594097879548192	0.001811577793679405	0.0	0.0	0.0	0.0	0.0	0.0	0.0	0.0	0.0	0.0	0.0	0.0	0.0	0.0	0.0	0.0	0.0	0.0	0.0	0.0	0.0	0.0	0.0	0.0	0.0	0.0	0.0	0.0
Par-CPas_038-Ex1-4D-lcwgs-1-T.clmp.r1r2_fastp	97.22106357518707	2.653690417884367	0.11789046704090218	0.006839755078462083	0.00044850852973521855	2.2425426486760925e-05	0.0	2.2425426486760925e-05	0.0	0.0	0.0	0.0	0.0	2.2425426486760925e-05	0.0	0.0	0.0	0.0	0.0	0.0	0.0	0.0	0.0	0.0	0.0	0.0	0.0	0.0	0.0	0.0	0.0
Par-CPas_041-Ex1-8F-lcwgs-1-T.clmp.r1r2_fastp	98.24759270096291	1.6742033303186676	0.07447997020801192	0.0037239985104005956	0.0	0.0	0.0	0.0	0.0	0.0	0.0	0.0	0.0	0.0	0.0	0.0	0.0	0.0	0.0	0.0	0.0	0.0	0.0	0.0	0.0	0.0	0.0	0.0	0.0	0.0	0.0
Par-CPas_043-Ex1-7F7G-lcwgs-1and2-T.clmp.r1r2_fastp	98.27513601116163	1.6636111122926864	0.058275306158040927	0.002977570387637128	0.0	0.0	0.0	0.0	0.0	0.0	0.0	0.0	0.0	0.0	0.0	0.0	0.0	0.0	0.0	0.0	0.0	0.0	0.0	0.0	0.0	0.0	0.0	0.0	0.0	0.0	0.0
Par-CPas_044-Ex1-8D-lcwgs-1-T.clmp.r1r2_fastp	99.4178474827191	0.5665690846959561	0.014470330257460568	0.0011131023274969668	0.0	0.0	0.0	0.0	0.0	0.0	0.0	0.0	0.0	0.0	0.0	0.0	0.0	0.0	0.0	0.0	0.0	0.0	0.0	0.0	0.0	0.0	0.0	0.0	0.0	0.0	0.0
Par-CPas_045-Ex1-6H7A-lcwgs-1and2-T.clmp.r1r2_fastp	99.88645523649382	0.11094450174650916	0.002600261759683808	0.0	0.0	0.0	0.0	0.0	0.0	0.0	0.0	0.0	0.0	0.0	0.0	0.0	0.0	0.0	0.0	0.0	0.0	0.0	0.0	0.0	0.0	0.0	0.0	0.0	0.0	0.0	0.0
Par-CPas_046-Ex1-3G-lcwgs-1-T.clmp.r1r2_fastp	98.38261048727722	1.5658802925723705	0.047646028639126405	0.003863191511280519	0.0	0.0	0.0	0.0	0.0	0.0	0.0	0.0	0.0	0.0	0.0	0.0	0.0	0.0	0.0	0.0	0.0	0.0	0.0	0.0	0.0	0.0	0.0	0.0	0.0	0.0	0.0
Par-CPas_047-Ex1-2H-lcwgs-1-T.clmp.r1r2_fastp	99.86980327810376	0.12841320515793042	0.001783516738304589	0.0	0.0	0.0	0.0	0.0	0.0	0.0	0.0	0.0	0.0	0.0	0.0	0.0	0.0	0.0	0.0	0.0	0.0	0.0	0.0	0.0	0.0	0.0	0.0	0.0	0.0	0.0	0.0
Par-CPas_048-Ex1-4E-lcwgs-1-T.clmp.r1r2_fastp	97.4043147953621	2.4853510034002597	0.10348887572373759	0.00616079296250753	0.000622302319445205	0.0	6.223023194452051e-05	0.0	0.0	0.0	0.0	0.0	0.0	0.0	0.0	0.0	0.0	0.0	0.0	0.0	0.0	0.0	0.0	0.0	0.0	0.0	0.0	0.0	0.0	0.0	0.0
Par-CPas_049-Ex1-4B-lcwgs-1-T.clmp.r1r2_fastp	97.12641693998503	2.7442524677118154	0.1207727194262668	0.007720917094298761	0.0007741840988863256	2.092389456449529e-05	2.092389456449529e-05	0.0	0.0	0.0	0.0	0.0	2.092389456449529e-05	0.0	0.0	0.0	0.0	0.0	0.0	0.0	0.0	0.0	0.0	0.0	0.0	0.0	0.0	0.0	0.0	0.0	0.0
Par-CPas_055-Ex1-4F5E-lcwgs-1and2-T.clmp.r1r2_fastp	97.59397087700381	2.308435183032689	0.0920913358097113	0.005038901556556879	0.0003091350648194404	9.274051944583212e-05	3.091350648194404e-05	0.0	0.0	0.0	0.0	0.0	0.0	0.0	0.0	0.0	0.0	0.0	0.0	3.091350648194404e-05	0.0	0.0	0.0	0.0	0.0	0.0	0.0	0.0	0.0	0.0	0.0
Par-CPas_058-Ex1-5D-lcwgs-1-T.clmp.r1r2_fastp	97.69600291732465	2.21489240110379	0.08501346878791217	0.003640212949236103	0.00035435701275749674	3.221427388704516e-05	0.0	0.0	0.0	3.221427388704516e-05	0.0	0.0	0.0	0.0	0.0	0.0	0.0	0.0	0.0	0.0	0.0	0.0	0.0	0.0	0.0	0.0	0.0	0.0	0.0	0.0	3.221427388704516e-05
Par-CPas_059-Ex1-3A-lcwgs-1-T.clmp.r1r2_fastp	97.40433502809739	2.491097342582491	0.09653979951009654	0.00741030444000741	0.00020584179000020586	0.00020584179000020586	0.0	0.00020584179000020586	0.0	0.0	0.0	0.0	0.0	0.0	0.0	0.0	0.0	0.0	0.0	0.0	0.0	0.0	0.0	0.0	0.0	0.0	0.0	0.0	0.0	0.0	0.0
Par-CPas_061-Ex1-3D-lcwgs-1-T.clmp.r1r2_fastp	97.80588667588405	2.1062989674028127	0.08470037243251996	0.0031139842806073514	0.0	0.0	0.0	0.0	0.0	0.0	0.0	0.0	0.0	0.0	0.0	0.0	0.0	0.0	0.0	0.0	0.0	0.0	0.0	0.0	0.0	0.0	0.0	0.0	0.0	0.0	0.0
Par-CPas_062-Ex1-5E-lcwgs-1-T.clmp.r1r2_fastp	96.32437709915456	3.4892058433516246	0.1729520173532489	0.012037650726374683	0.0013322301199149846	4.757964713982088e-05	4.757964713982088e-05	0.0	0.0	0.0	0.0	0.0	0.0	0.0	0.0	0.0	0.0	0.0	0.0	0.0	0.0	0.0	0.0	0.0	0.0	0.0	0.0	0.0	0.0	0.0	0.0
Par-CPas_063-Ex1-8B8C-lcwgs-1and2-T.clmp.r1r2_fastp	96.24890310100166	3.549729918475725	0.186137079630506	0.014149962465216985	0.0009968662402109812	5.538145778949895e-05	2.7690728894749477e-05	0.0	0.0	0.0	0.0	0.0	0.0	0.0	0.0	0.0	0.0	0.0	0.0	0.0	0.0	0.0	0.0	0.0	0.0	0.0	0.0	0.0	0.0	0.0	0.0
Par-CPas_064-Ex1-6C6D-lcwgs-1and2-T.clmp.r1r2_fastp	98.20224394611063	1.7046192944709975	0.08519486520439548	0.00794189421396907	0.0	0.0	0.0	0.0	0.0	0.0	0.0	0.0	0.0	0.0	0.0	0.0	0.0	0.0	0.0	0.0	0.0	0.0	0.0	0.0	0.0	0.0	0.0	0.0	0.0	0.0	0.0
Par-CPas_065-Ex1-3E-lcwgs-1-T.clmp.r1r2_fastp	97.6345900434463	2.276690774509761	0.08437020253197587	0.0039140815607617676	0.0004348979511957519	0.0	0.0	0.0	0.0	0.0	0.0	0.0	0.0	0.0	0.0	0.0	0.0	0.0	0.0	0.0	0.0	0.0	0.0	0.0	0.0	0.0	0.0	0.0	0.0	0.0	0.0
Par-CPas_066-Ex1-8G-lcwgs-1-T.clmp.r1r2_fastp	97.91943136059962	2.000261993313475	0.07489591461296184	0.005125956133206513	0.0002847753407336952	0.0	0.0	0.0	0.0	0.0	0.0	0.0	0.0	0.0	0.0	0.0	0.0	0.0	0.0	0.0	0.0	0.0	0.0	0.0	0.0	0.0	0.0	0.0	0.0	0.0	0.0
Par-CPas_067-Ex1-7E7F-lcwgs-1and2-T.clmp.r1r2_fastp	98.31414492276555	1.6344739668538333	0.048562610045858656	0.0025170564486835492	0.0001808663316419317	6.028877721397723e-05	6.028877721397723e-05	0.0	0.0	0.0	0.0	0.0	0.0	0.0	0.0	0.0	0.0	0.0	0.0	0.0	0.0	0.0	0.0	0.0	0.0	0.0	0.0	0.0	0.0	0.0	0.0
Par-CPas_068-Ex1-4H-lcwgs-1-T.clmp.r1r2_fastp	97.28207220942095	2.6080847683491926	0.10352253381706662	0.005849396108738311	0.00043183461205450617	3.92576920049551e-05	0.0	0.0	0.0	0.0	0.0	0.0	0.0	0.0	0.0	0.0	0.0	0.0	0.0	0.0	0.0	0.0	0.0	0.0	0.0	0.0	0.0	0.0	0.0	0.0	0.0
Par-CPas_069-Ex1-5B-lcwgs-1-T.clmp.r1r2_fastp	98.6777160201263	1.2538239476065318	0.06415135890770342	0.003829931875086772	0.0004787414843858465	0.0	0.0	0.0	0.0	0.0	0.0	0.0	0.0	0.0	0.0	0.0	0.0	0.0	0.0	0.0	0.0	0.0	0.0	0.0	0.0	0.0	0.0	0.0	0.0	0.0	0.0
Par-CPas_070-Ex1-4C2D-lcwgs-1and2-T.clmp.r1r2_fastp	97.7730255164034	2.14726609963548	0.07257999189955448	0.006804374240583232	0.00032401782098015393	0.0	0.0	0.0	0.0	0.0	0.0	0.0	0.0	0.0	0.0	0.0	0.0	0.0	0.0	0.0	0.0	0.0	0.0	0.0	0.0	0.0	0.0	0.0	0.0	0.0	0.0
Par-CPas_071-Ex1-6B-lcwgs-1-T.clmp.r1r2_fastp	99.88696946291657	0.10926285251398754	0.003767684569447846	0.0	0.0	0.0	0.0	0.0	0.0	0.0	0.0	0.0	0.0	0.0	0.0	0.0	0.0	0.0	0.0	0.0	0.0	0.0	0.0	0.0	0.0	0.0	0.0	0.0	0.0	0.0	0.0
Par-CPas_072-Ex1-6D6E-lcwgs-1and2-T.clmp.r1r2_fastp	97.9905098138669	1.9153891843912467	0.0887619378132529	0.0053390639286167154	0.0	0.0	0.0	0.0	0.0	0.0	0.0	0.0	0.0	0.0	0.0	0.0	0.0	0.0	0.0	0.0	0.0	0.0	0.0	0.0	0.0	0.0	0.0	0.0	0.0	0.0	0.0
Par-CPas_073-Ex1-8E8F-lcwgs-1and2-T.clmp.r1r2_fastp	97.4345653297408	2.469249338311251	0.09121022857132519	0.0045529733931471425	0.00042212998347059596	0.0	0.0	0.0	0.0	0.0	0.0	0.0	0.0	0.0	0.0	0.0	0.0	0.0	0.0	0.0	0.0	0.0	0.0	0.0	0.0	0.0	0.0	0.0	0.0	0.0	0.0
Par-CPas_074-Ex1-4G-lcwgs-1-T.clmp.r1r2_fastp	97.39358832493906	2.4975420993425033	0.10301524357828332	0.005329279930273066	0.0004987995993851639	2.6252610493955992e-05	0.0	0.0	0.0	0.0	0.0	0.0	0.0	0.0	0.0	0.0	0.0	0.0	0.0	0.0	0.0	0.0	0.0	0.0	0.0	0.0	0.0	0.0	0.0	0.0	0.0
Par-CPas_075-Ex1-8A8B-lcwgs-1and2-T.clmp.r1r2_fastp	97.86707157997718	2.0651597912930053	0.06496616663949127	0.0024457850970161423	0.0003057231371270178	5.09538561878363e-05	0.0	0.0	0.0	0.0	0.0	0.0	0.0	0.0	0.0	0.0	0.0	0.0	0.0	0.0	0.0	0.0	0.0	0.0	0.0	0.0	0.0	0.0	0.0	0.0	0.0
Par-CPas_076-Ex1-5G-lcwgs-1-T.clmp.r1r2_fastp	97.33345227702837	2.5545282501895668	0.1056474891198379	0.005607345622765824	0.0007646380394680667	0.0	0.0	0.0	0.0	0.0	0.0	0.0	0.0	0.0	0.0	0.0	0.0	0.0	0.0	0.0	0.0	0.0	0.0	0.0	0.0	0.0	0.0	0.0	0.0	0.0	0.0
Par-CPas_077-Ex1-7G7H-lcwgs-1and2-T.clmp.r1r2_fastp	97.37683761918663	2.5193209863802157	0.09833725994356296	0.005160126083995058	0.0002457202897140504	9.828811588562014e-05	0.0	0.0	0.0	0.0	0.0	0.0	0.0	0.0	0.0	0.0	0.0	0.0	0.0	0.0	0.0	0.0	0.0	0.0	0.0	0.0	0.0	0.0	0.0	0.0	0.0
Par-CPas_079-Ex1-8C-lcwgs-1-T.clmp.r1r2_fastp	96.89950187788632	2.9600027232188446	0.13257537075489895	0.007057675505781166	0.0007261916919131747	0.00011346745186143354	2.269349037228671e-05	0.0	0.0	0.0	0.0	0.0	0.0	0.0	0.0	0.0	0.0	0.0	0.0	0.0	0.0	0.0	0.0	0.0	0.0	0.0	0.0	0.0	0.0	0.0	0.0
Par-CPas_082-Ex1-6G6H-lcwgs-1and2-T.clmp.r1r2_fastp	97.21839306813706	2.6514703951687015	0.12225941971904948	0.006892477353288696	0.000984639621898385	0.0	0.0	0.0	0.0	0.0	0.0	0.0	0.0	0.0	0.0	0.0	0.0	0.0	0.0	0.0	0.0	0.0	0.0	0.0	0.0	0.0	0.0	0.0	0.0	0.0	0.0
Par-CPas_083-Ex1-4A-lcwgs-1-T.clmp.r1r2_fastp	97.3912536054795	2.5001046394856563	0.10185928326382318	0.006171438278132059	0.0005804818182401441	0.0	0.0	0.0	0.0	0.0	0.0	0.0	0.0	0.0	0.0	0.0	0.0	0.0	0.0	0.0	0.0	0.0	0.0	0.0	0.0	0.0	0.0	0.0	0.0	0.0	3.055167464421811e-05
Par-CPas_084-Ex1-3F4F-lcwgs-1and2-T.clmp.r1r2_fastp	98.67987446827732	1.2753488847079895	0.04124164856616535	0.0027494432377443566	0.00039277760539205097	0.0	0.00039277760539205097	0.0	0.0	0.0	0.0	0.0	0.0	0.0	0.0	0.0	0.0	0.0	0.0	0.0	0.0	0.0	0.0	0.0	0.0	0.0	0.0	0.0	0.0	0.0	0.0
Par-CPas_085-Ex1-2D3F-lcwgs-1and2-T.clmp.r1r2_fastp	98.96295731458233	0.9918354675134395	0.043573222076372965	0.0016339958278639862	0.0	0.0	0.0	0.0	0.0	0.0	0.0	0.0	0.0	0.0	0.0	0.0	0.0	0.0	0.0	0.0	0.0	0.0	0.0	0.0	0.0	0.0	0.0	0.0	0.0	0.0	0.0
Par-CPas_087-Ex1-5H-lcwgs-1-T.clmp.r1r2_fastp	97.0623071408534	2.811218018648745	0.11910213652569417	0.006593475097043965	0.0006893178510545964	2.997034135019984e-05	5.994068270039968e-05	0.0	0.0	0.0	0.0	0.0	0.0	0.0	0.0	0.0	0.0	0.0	0.0	0.0	0.0	0.0	0.0	0.0	0.0	0.0	0.0	0.0	0.0	0.0	0.0
