Sample	32	37	42	47	52	57	62	67	72	77	82	87	92	97	102	107	112	117	122	127	132	137	142	147	150
Sfa-ABas_001-Ex1-7A-lcwgs-1-T.clmp.fp2_repr.R1	1122.0	5392.0	9848.0	14897.0	20846.0	28322.0	38017.0	51573.0	68549.0	85615.0	100001.0	107197.0	112383.0	113790.0	110408.0	106953.0	100688.0	92092.0	84041.0	75463.0	67725.0	60584.0	52503.0	55927.0	275927.0
Sfa-ABas_001-Ex1-7A-lcwgs-1-T.clmp.fp2_repr.R2	1282.0	5757.0	10149.0	15161.0	21183.0	28659.0	38385.0	51907.0	69050.0	85911.0	100404.0	107599.0	112694.0	113570.0	111038.0	107799.0	101595.0	92813.0	84678.0	76065.0	68147.0	60990.0	52129.0	57610.0	265288.0
Sfa-ABas_002-Ex1-7D-lcwgs-1-T.clmp.fp2_repr.R1	2670.0	11031.0	17643.0	25905.0	34499.0	44328.0	57782.0	76897.0	97686.0	119586.0	136477.0	148442.0	156103.0	161382.0	160442.0	159535.0	155132.0	149390.0	142146.0	133669.0	127012.0	119241.0	109856.0	130988.0	844397.0
Sfa-ABas_002-Ex1-7D-lcwgs-1-T.clmp.fp2_repr.R2	3063.0	11863.0	18576.0	26749.0	35392.0	45229.0	58867.0	78161.0	99052.0	120688.0	137625.0	149417.0	157267.0	161556.0	162344.0	162474.0	158151.0	152206.0	144986.0	136073.0	129224.0	121038.0	109133.0	136541.0	806564.0
Sfa-ABas_003-Ex1-7G-lcwgs-1-T.clmp.fp2_repr.R1	1732.0	7358.0	12482.0	18722.0	26007.0	33939.0	44701.0	59118.0	75816.0	91926.0	104981.0	113109.0	117361.0	120580.0	118533.0	115394.0	110361.0	104092.0	96321.0	88836.0	82353.0	76326.0	67824.0	74020.0	389364.0
Sfa-ABas_003-Ex1-7G-lcwgs-1-T.clmp.fp2_repr.R2	1831.0	7756.0	12832.0	19143.0	26366.0	34307.0	45085.0	59734.0	76256.0	92322.0	105483.0	113574.0	117563.0	120596.0	119241.0	116656.0	111418.0	105088.0	97415.0	89693.0	83180.0	76616.0	67253.0	76256.0	375592.0
Sfa-ABas_004-Ex1-8B-lcwgs-1-T.clmp.fp2_repr.R1	1170.0	5245.0	8955.0	12727.0	17010.0	21452.0	27433.0	34821.0	43662.0	51108.0	57814.0	60976.0	62112.0	63298.0	61985.0	60192.0	57788.0	54945.0	50624.0	47153.0	43639.0	40559.0	36193.0	39103.0	200316.0
Sfa-ABas_004-Ex1-8B-lcwgs-1-T.clmp.fp2_repr.R2	1217.0	5474.0	9141.0	12927.0	17226.0	21690.0	27720.0	35175.0	43968.0	51383.0	57947.0	61251.0	62430.0	63254.0	62446.0	61020.0	58294.0	55363.0	51230.0	47631.0	44147.0	40812.0	35836.0	40216.0	192482.0
Sfa-ABas_005-Ex1-8E-lcwgs-1-T.clmp.fp2_repr.R1	4242.0	19360.0	31967.0	44775.0	56534.0	68484.0	80608.0	95291.0	109946.0	124249.0	134431.0	140011.0	142156.0	144342.0	140832.0	136869.0	130679.0	124021.0	115156.0	107724.0	100252.0	92880.0	82961.0	91625.0	479909.0
Sfa-ABas_005-Ex1-8E-lcwgs-1-T.clmp.fp2_repr.R2	4402.0	19758.0	32344.0	45134.0	56935.0	68894.0	81094.0	95860.0	110556.0	124672.0	134870.0	140566.0	142791.0	144098.0	141720.0	138323.0	132123.0	125409.0	116319.0	108675.0	101184.0	93442.0	82535.0	94332.0	463268.0
Sfa-ABas_006-Ex1-8H-lcwgs-1-T.clmp.fp2_repr.R1	3996.0	17480.0	29077.0	41812.0	54127.0	65368.0	78586.0	95666.0	113186.0	129941.0	145356.0	154200.0	158342.0	161330.0	158578.0	155487.0	148721.0	141513.0	132577.0	123750.0	114757.0	105536.0	94621.0	102940.0	525427.0
Sfa-ABas_006-Ex1-8H-lcwgs-1-T.clmp.fp2_repr.R2	4154.0	17960.0	29586.0	42315.0	54569.0	65913.0	79116.0	96504.0	113797.0	130646.0	145828.0	154910.0	158785.0	161141.0	159757.0	157038.0	150238.0	142879.0	134019.0	124652.0	115633.0	106152.0	94084.0	105531.0	507167.0
Sfa-ABas_007-Ex1-9C-lcwgs-1-T.clmp.fp2_repr.R1	276.0	1137.0	1847.0	2673.0	3666.0	4818.0	6291.0	8553.0	11000.0	13132.0	15251.0	15956.0	16798.0	16882.0	16453.0	16238.0	15425.0	14695.0	13730.0	12825.0	11855.0	10977.0	10063.0	11455.0	63035.0
Sfa-ABas_007-Ex1-9C-lcwgs-1-T.clmp.fp2_repr.R2	304.0	1201.0	1919.0	2704.0	3711.0	4886.0	6350.0	8651.0	11119.0	13220.0	15327.0	16091.0	16856.0	16878.0	16572.0	16459.0	15625.0	14932.0	13896.0	12948.0	11969.0	11013.0	9994.0	11851.0	60555.0
Sfa-ABas_008-Ex1-9F-lcwgs-1-T.clmp.fp2_repr.R1	2698.0	9763.0	14774.0	20393.0	27218.0	36514.0	51041.0	71675.0	97566.0	124649.0	147782.0	165922.0	177706.0	188714.0	190977.0	193368.0	192014.0	188415.0	181272.0	175740.0	169485.0	162365.0	151572.0	186592.0	1207858.0
Sfa-ABas_008-Ex1-9F-lcwgs-1-T.clmp.fp2_repr.R2	3232.0	11296.0	16245.0	21829.0	28700.0	37821.0	52688.0	73515.0	99584.0	126038.0	149046.0	167318.0	179318.0	188627.0	193501.0	197085.0	195926.0	192330.0	184999.0	179009.0	172747.0	164555.0	150920.0	194069.0	1155675.0
Sfa-ABas_009-Ex1-10A-lcwgs-1-T.clmp.fp2_repr.R1	1843.0	6344.0	9953.0	13533.0	17966.0	23553.0	32382.0	44994.0	59849.0	76452.0	91573.0	102843.0	110374.0	117462.0	119973.0	121831.0	120290.0	116114.0	111821.0	106363.0	99709.0	93800.0	86100.0	100076.0	580850.0
Sfa-ABas_009-Ex1-10A-lcwgs-1-T.clmp.fp2_repr.R2	2137.0	7262.0	10695.0	14305.0	18598.0	24241.0	33247.0	46099.0	60902.0	77266.0	92409.0	103538.0	111294.0	117549.0	121197.0	123888.0	122468.0	118071.0	113466.0	107973.0	101252.0	94834.0	85347.0	102669.0	555341.0
Sfa-ABas_010-Ex1-10D-lcwgs-1-T.clmp.fp2_repr.R1	1197.0	5442.0	9632.0	14850.0	21406.0	29293.0	38915.0	52738.0	67186.0	81678.0	91795.0	99064.0	101895.0	103920.0	103321.0	101839.0	98693.0	94983.0	89947.0	85276.0	79837.0	74848.0	67642.0	78251.0	456851.0
Sfa-ABas_010-Ex1-10D-lcwgs-1-T.clmp.fp2_repr.R2	1325.0	5838.0	9992.0	15311.0	21800.0	29719.0	39468.0	53523.0	67860.0	82141.0	92297.0	99457.0	102462.0	103970.0	104256.0	103220.0	99820.0	96288.0	91191.0	86413.0	80852.0	75761.0	67299.0	80379.0	439857.0
Sfa-ABas_011-Ex1-10G-lcwgs-1-T.clmp.fp2_repr.R1	111.0	401.0	553.0	799.0	1168.0	1738.0	2657.0	4086.0	5940.0	7975.0	9617.0	10834.0	11918.0	12569.0	12909.0	13497.0	13218.0	13085.0	12609.0	12335.0	11779.0	11569.0	10792.0	17982.0	171028.0
Sfa-ABas_011-Ex1-10G-lcwgs-1-T.clmp.fp2_repr.R2	197.0	684.0	750.0	1011.0	1427.0	1970.0	2902.0	4371.0	6210.0	8179.0	9839.0	11024.0	12200.0	12699.0	13343.0	14197.0	13936.0	13843.0	13497.0	13050.0	12630.0	12440.0	10844.0	19736.0	160190.0
Sfa-ABas_012-Ex1-11B-lcwgs-1-T.clmp.fp2_repr.R1	29.0	82.0	142.0	185.0	328.0	503.0	856.0	1236.0	1713.0	2211.0	2752.0	3028.0	3250.0	3516.0	3374.0	3548.0	3436.0	3328.0	3199.0	3129.0	3130.0	3048.0	2856.0	5221.0	50813.0
Sfa-ABas_012-Ex1-11B-lcwgs-1-T.clmp.fp2_repr.R2	44.0	128.0	191.0	244.0	373.0	570.0	910.0	1294.0	1758.0	2241.0	2788.0	3096.0	3320.0	3537.0	3462.0	3691.0	3642.0	3512.0	3413.0	3327.0	3413.0	3271.0	2908.0	5689.0	48091.0
Sfa-ABas_013-Ex1-7B-lcwgs-1-T.clmp.fp2_repr.R1	1049.0	4307.0	6821.0	9932.0	13531.0	17842.0	25026.0	33880.0	44444.0	55154.0	62346.0	68120.0	71064.0	73692.0	73080.0	72580.0	71088.0	68590.0	65367.0	62632.0	59645.0	55853.0	51375.0	60348.0	361819.0
Sfa-ABas_013-Ex1-7B-lcwgs-1-T.clmp.fp2_repr.R2	1194.0	4738.0	7197.0	10311.0	13786.0	18237.0	25385.0	34400.0	44874.0	55570.0	62793.0	68582.0	71575.0	73665.0	73787.0	73638.0	72122.0	69778.0	66432.0	63560.0	60372.0	56372.0	51172.0	62659.0	347386.0
Sfa-ABas_014-Ex1-7E-lcwgs-1-T.clmp.fp2_repr.R1	962.0	3685.0	5858.0	8208.0	11820.0	16606.0	24388.0	36310.0	49669.0	64340.0	75469.0	83416.0	87942.0	91159.0	90175.0	88547.0	85276.0	81452.0	75813.0	70766.0	64962.0	60278.0	54557.0	62520.0	365741.0
Sfa-ABas_014-Ex1-7E-lcwgs-1-T.clmp.fp2_repr.R2	1168.0	4091.0	6207.0	8575.0	12187.0	17005.0	24800.0	36895.0	50130.0	64667.0	75825.0	83830.0	88484.0	91107.0	91001.0	89905.0	86405.0	82439.0	76919.0	71677.0	65757.0	60818.0	54297.0	64354.0	351376.0
Sfa-ABas_015-Ex1-7H-lcwgs-1-T.clmp.fp2_repr.R1	56.0	275.0	530.0	869.0	1337.0	2066.0	3263.0	4610.0	5973.0	6813.0	6775.0	6395.0	5741.0	4932.0	4061.0	3207.0	2620.0	2101.0	1700.0	1401.0	1115.0	867.0	731.0	828.0	4116.0
Sfa-ABas_015-Ex1-7H-lcwgs-1-T.clmp.fp2_repr.R2	56.0	280.0	531.0	865.0	1357.0	2066.0	3267.0	4603.0	5975.0	6824.0	6780.0	6399.0	5745.0	4924.0	4097.0	3230.0	2635.0	2101.0	1702.0	1442.0	1114.0	884.0	723.0	828.0	3954.0
Sfa-ABas_016-Ex1-8C-lcwgs-1-T.clmp.fp2_repr.R1	893.0	3477.0	5464.0	7597.0	10317.0	13762.0	18775.0	25795.0	34269.0	41716.0	47322.0	51310.0	52901.0	54072.0	52970.0	52149.0	50480.0	47974.0	45515.0	42860.0	41081.0	38325.0	35210.0	41446.0	256866.0
Sfa-ABas_016-Ex1-8C-lcwgs-1-T.clmp.fp2_repr.R2	1022.0	3824.0	5748.0	7887.0	10643.0	14095.0	19186.0	26266.0	34665.0	42006.0	47692.0	51600.0	53238.0	54189.0	53476.0	53172.0	51452.0	48865.0	46314.0	43603.0	41541.0	38702.0	34940.0	43541.0	244879.0
Sfa-ABas_017-Ex1-8F-lcwgs-1-T.clmp.fp2_repr.R1	1523.0	6365.0	10401.0	15024.0	20860.0	27948.0	37767.0	51803.0	69323.0	87174.0	102378.0	113170.0	121041.0	125579.0	125359.0	123759.0	119387.0	113514.0	106168.0	99649.0	92303.0	85783.0	76210.0	86369.0	490208.0
Sfa-ABas_017-Ex1-8F-lcwgs-1-T.clmp.fp2_repr.R2	1801.0	6896.0	11008.0	15550.0	21385.0	28586.0	38522.0	52432.0	70026.0	87785.0	102805.0	113667.0	121886.0	125527.0	126531.0	125534.0	120854.0	115184.0	107545.0	100905.0	93416.0	86586.0	75704.0	89813.0	469117.0
Sfa-ABas_018-Ex1-9A-lcwgs-1-T.clmp.fp2_repr.R1	915.0	3852.0	6165.0	8935.0	11923.0	16010.0	22134.0	30508.0	40146.0	50144.0	58286.0	64260.0	67603.0	71068.0	71199.0	71683.0	70287.0	68554.0	65259.0	62137.0	58973.0	55755.0	50864.0	59282.0	353102.0
Sfa-ABas_018-Ex1-9A-lcwgs-1-T.clmp.fp2_repr.R2	1079.0	4218.0	6544.0	9267.0	12384.0	16433.0	22487.0	30998.0	40657.0	50554.0	58686.0	64768.0	68080.0	71108.0	72006.0	72795.0	71420.0	69619.0	66368.0	63207.0	59900.0	56324.0	50571.0	61964.0	337607.0
Sfa-ABas_019-Ex1-9D-lcwgs-1-T.clmp.fp2_repr.R1	1750.0	7126.0	11927.0	16929.0	23167.0	30298.0	39457.0	52340.0	67180.0	81980.0	92989.0	99850.0	103608.0	104720.0	102853.0	100420.0	96556.0	91366.0	86120.0	80356.0	74878.0	69824.0	63114.0	72388.0	426637.0
Sfa-ABas_019-Ex1-9D-lcwgs-1-T.clmp.fp2_repr.R2	1897.0	7544.0	12364.0	17333.0	23597.0	30628.0	39957.0	53027.0	67814.0	82447.0	93507.0	100532.0	104022.0	104698.0	103549.0	101711.0	97917.0	92656.0	87262.0	81245.0	75837.0	70279.0	62836.0	74867.0	410307.0
Sfa-ABas_020-Ex1-1A-lcwgs-2-T.clmp.fp2_repr.R1	1233.0	4616.0	6354.0	8525.0	10282.0	11811.0	13788.0	15983.0	18504.0	20759.0	22210.0	22895.0	23316.0	22875.0	22454.0	21537.0	20366.0	19159.0	17889.0	16717.0	15461.0	14576.0	13415.0	20138.0	160325.0
Sfa-ABas_020-Ex1-1A-lcwgs-2-T.clmp.fp2_repr.R2	1299.0	4801.0	6507.0	8647.0	10428.0	11909.0	14006.0	16240.0	18733.0	20936.0	22398.0	23082.0	23542.0	23031.0	22781.0	22076.0	21132.0	19857.0	18651.0	17449.0	16365.0	15334.0	13390.0	21695.0	150899.0
Sfa-ABas_021-Ex1-2A-lcwgs-2-T.clmp.fp2_repr.R1	3340.0	13030.0	19711.0	27275.0	34910.0	43921.0	54563.0	70203.0	87114.0	106023.0	121687.0	132306.0	139115.0	143894.0	142728.0	139843.0	133992.0	126213.0	116993.0	108473.0	99974.0	91048.0	81182.0	97206.0	602558.0
Sfa-ABas_021-Ex1-2A-lcwgs-2-T.clmp.fp2_repr.R2	3608.0	13909.0	20411.0	28004.0	35677.0	44533.0	55321.0	71068.0	88206.0	106816.0	122416.0	133217.0	140146.0	144201.0	144086.0	142064.0	136425.0	128510.0	119118.0	110576.0	102386.0	92870.0	80859.0	100599.0	572276.0
Sfa-ABas_022-Ex1-10E-lcwgs-1-T.clmp.fp2_repr.R1	986.0	4187.0	7215.0	10757.0	15251.0	20602.0	28505.0	39502.0	51845.0	66233.0	76945.0	84858.0	90336.0	93857.0	93866.0	94408.0	91667.0	87711.0	83699.0	79966.0	75269.0	71065.0	64709.0	76332.0	465586.0
Sfa-ABas_022-Ex1-10E-lcwgs-1-T.clmp.fp2_repr.R2	1146.0	4729.0	7623.0	11191.0	15662.0	20941.0	28918.0	40112.0	52333.0	66696.0	77420.0	85553.0	90928.0	93822.0	94659.0	95901.0	92980.0	89014.0	85000.0	81008.0	76322.0	71903.0	64395.0	78011.0	449090.0
Sfa-ABas_023-Ex1-10H-lcwgs-1-T.clmp.fp2_repr.R1	1305.0	5187.0	8183.0	11960.0	16087.0	21164.0	28314.0	37863.0	48035.0	57943.0	64937.0	69406.0	71102.0	72100.0	70319.0	69376.0	66810.0	63034.0	59604.0	56262.0	52804.0	49780.0	45247.0	52700.0	307749.0
Sfa-ABas_023-Ex1-10H-lcwgs-1-T.clmp.fp2_repr.R2	1452.0	5612.0	8455.0	12302.0	16398.0	21498.0	28604.0	38288.0	48482.0	58438.0	65359.0	69803.0	71441.0	72169.0	70989.0	70399.0	67708.0	64005.0	60504.0	56986.0	53475.0	50259.0	44940.0	54086.0	295619.0
Sfa-ABas_024-Ex1-4A-lcwgs-2-T.clmp.fp2_repr.R1	146.0	611.0	924.0	1255.0	1500.0	1824.0	2163.0	2661.0	3128.0	3496.0	3669.0	3957.0	3965.0	3979.0	3954.0	3749.0	3616.0	3384.0	3066.0	2919.0	2619.0	2412.0	2256.0	2583.0	15274.0
Sfa-ABas_024-Ex1-4A-lcwgs-2-T.clmp.fp2_repr.R2	146.0	625.0	939.0	1277.0	1510.0	1845.0	2170.0	2659.0	3157.0	3514.0	3690.0	3974.0	3977.0	3991.0	4010.0	3782.0	3634.0	3433.0	3115.0	2951.0	2670.0	2469.0	2222.0	2662.0	14688.0
Sfa-ABas_025-Ex1-7C-lcwgs-1-T.clmp.fp2_repr.R1	4776.0	18989.0	28487.0	37214.0	45560.0	53894.0	64194.0	78372.0	93596.0	107164.0	117465.0	124199.0	125820.0	124933.0	120928.0	115350.0	108558.0	100823.0	92162.0	84492.0	76466.0	69760.0	61951.0	66231.0	328948.0
Sfa-ABas_025-Ex1-7C-lcwgs-1-T.clmp.fp2_repr.R2	4892.0	19373.0	28703.0	37517.0	45855.0	54205.0	64578.0	78790.0	94149.0	107577.0	117870.0	124570.0	126023.0	124818.0	121479.0	116451.0	109590.0	101612.0	93026.0	85096.0	77213.0	69915.0	61475.0	67962.0	317593.0
Sfa-ABas_026-Ex1-7F-lcwgs-1-T.clmp.fp2_repr.R1	1618.0	6603.0	11269.0	16661.0	22837.0	31295.0	42576.0	59374.0	79975.0	100369.0	117931.0	130110.0	137306.0	143147.0	143998.0	142240.0	138336.0	132514.0	123651.0	116126.0	108246.0	99873.0	89456.0	100314.0	554117.0
Sfa-ABas_026-Ex1-7F-lcwgs-1-T.clmp.fp2_repr.R2	1833.0	7144.0	11865.0	17202.0	23288.0	31768.0	43301.0	60343.0	80653.0	100930.0	118535.0	130905.0	138035.0	143058.0	145085.0	143905.0	139993.0	134249.0	125159.0	117254.0	109256.0	100779.0	89105.0	103682.0	532615.0
Sfa-ABas_027-Ex1-8A-lcwgs-1-T.clmp.fp2_repr.R1	1423.0	6277.0	10597.0	15288.0	19933.0	24480.0	30425.0	38011.0	45566.0	53301.0	58995.0	62024.0	64416.0	66084.0	65739.0	65646.0	63576.0	61616.0	59066.0	56859.0	53702.0	51109.0	47267.0	54603.0	326235.0
Sfa-ABas_027-Ex1-8A-lcwgs-1-T.clmp.fp2_repr.R2	1522.0	6667.0	10953.0	15591.0	20290.0	24955.0	30876.0	38494.0	46089.0	53702.0	59450.0	62442.0	64816.0	66041.0	66468.0	66698.0	64723.0	62695.0	60138.0	57574.0	54385.0	51689.0	47062.0	57040.0	311878.0
Sfa-ABas_028-Ex1-8D-lcwgs-1-T.clmp.fp2_repr.R1	937.0	3387.0	5600.0	8252.0	12159.0	17106.0	25144.0	37105.0	51345.0	65770.0	77357.0	86654.0	91240.0	94151.0	94218.0	93842.0	92080.0	88991.0	84281.0	80253.0	75798.0	72216.0	66115.0	77846.0	485853.0
Sfa-ABas_028-Ex1-8D-lcwgs-1-T.clmp.fp2_repr.R2	1132.0	3989.0	6150.0	8744.0	12653.0	17684.0	25760.0	37891.0	52080.0	66308.0	77792.0	87069.0	91830.0	94203.0	95193.0	95518.0	93734.0	90547.0	85851.0	81527.0	77048.0	73197.0	65675.0	81010.0	465115.0
Sfa-ABas_029-Ex1-8G-lcwgs-1-T.clmp.fp2_repr.R1	1339.0	5318.0	8738.0	12157.0	15853.0	19690.0	24486.0	31544.0	39240.0	46726.0	52741.0	55810.0	57548.0	58685.0	57823.0	56875.0	55328.0	53349.0	49507.0	47118.0	44304.0	41567.0	38189.0	44207.0	255443.0
Sfa-ABas_029-Ex1-8G-lcwgs-1-T.clmp.fp2_repr.R2	1453.0	5662.0	9012.0	12460.0	16147.0	19941.0	24837.0	31969.0	39722.0	46989.0	53032.0	56101.0	57935.0	58444.0	58445.0	57825.0	56059.0	54139.0	50180.0	47646.0	44902.0	41959.0	37895.0	45675.0	245156.0
Sfa-ABas_030-Ex1-9B-lcwgs-1-T.clmp.fp2_repr.R1	4087.0	18782.0	31612.0	46046.0	58902.0	71063.0	82537.0	95305.0	106546.0	115669.0	121006.0	121270.0	119091.0	115387.0	109090.0	103911.0	96503.0	89092.0	80869.0	73403.0	66251.0	59592.0	52060.0	53258.0	243538.0
Sfa-ABas_030-Ex1-9B-lcwgs-1-T.clmp.fp2_repr.R2	4077.0	18935.0	31860.0	46325.0	59070.0	71144.0	82815.0	95751.0	106975.0	116125.0	121139.0	121494.0	119471.0	115201.0	109363.0	104864.0	97344.0	89767.0	81266.0	73760.0	66493.0	59782.0	51715.0	54534.0	235600.0
Sfa-ABas_031-Ex1-9E-lcwgs-1-T.clmp.fp2_repr.R1	1846.0	7890.0	12547.0	17720.0	22235.0	26474.0	30856.0	34944.0	39181.0	43306.0	45952.0	47418.0	47452.0	47666.0	45944.0	44456.0	42531.0	39453.0	37154.0	34479.0	31895.0	29601.0	26391.0	28979.0	148117.0
Sfa-ABas_031-Ex1-9E-lcwgs-1-T.clmp.fp2_repr.R2	1871.0	7993.0	12714.0	17801.0	22313.0	26569.0	31012.0	35129.0	39355.0	43386.0	46162.0	47577.0	47636.0	47628.0	46169.0	44782.0	42866.0	39875.0	37588.0	34761.0	32184.0	29763.0	26283.0	29710.0	143360.0
Sfa-ABas_032-Ex1-9H-lcwgs-1-T.clmp.fp2_repr.R1	2087.0	8625.0	14408.0	20024.0	26730.0	33417.0	42517.0	55285.0	69245.0	81583.0	91221.0	97253.0	99519.0	101703.0	100418.0	99145.0	95045.0	91321.0	86270.0	81431.0	76362.0	71682.0	65368.0	74746.0	421047.0
Sfa-ABas_032-Ex1-9H-lcwgs-1-T.clmp.fp2_repr.R2	2228.0	8985.0	14810.0	20463.0	27053.0	33686.0	43079.0	55777.0	69799.0	82064.0	91624.0	97736.0	99958.0	101687.0	101105.0	100550.0	96333.0	92556.0	87270.0	82481.0	77286.0	72292.0	65066.0	77112.0	405452.0
Sfa-ABas_033-Ex1-10C-lcwgs-1-T.clmp.fp2_repr.R1	2456.0	11090.0	18373.0	26435.0	33720.0	41017.0	49834.0	60263.0	72710.0	82514.0	90341.0	94067.0	96818.0	98240.0	97327.0	95911.0	92225.0	88977.0	84149.0	80424.0	74599.0	70290.0	64044.0	71250.0	375762.0
Sfa-ABas_033-Ex1-10C-lcwgs-1-T.clmp.fp2_repr.R2	2522.0	11451.0	18675.0	26772.0	34045.0	41258.0	50234.0	60644.0	73199.0	83041.0	90738.0	94489.0	97180.0	98197.0	98127.0	97041.0	93227.0	89891.0	85043.0	81162.0	75333.0	70771.0	63693.0	72686.0	363417.0
Sfa-ABas_034-Ex1-10F-lcwgs-1-T.clmp.fp2_repr.R1	2316.0	9667.0	16334.0	23706.0	31059.0	38299.0	46770.0	56250.0	66916.0	77331.0	86394.0	92520.0	96456.0	98917.0	99190.0	99133.0	97162.0	95051.0	91549.0	87682.0	83911.0	80232.0	73606.0	88145.0	537914.0
Sfa-ABas_034-Ex1-10F-lcwgs-1-T.clmp.fp2_repr.R2	2473.0	10176.0	16800.0	24172.0	31382.0	38826.0	47341.0	56932.0	67660.0	77844.0	87007.0	93064.0	97110.0	99003.0	100325.0	100809.0	98720.0	96606.0	92891.0	89131.0	85066.0	81195.0	73119.0	90425.0	518433.0
Sfa-ABas_035-Ex1-3A-lcwgs-2-T.clmp.fp2_repr.R1	1500.0	6521.0	11137.0	16175.0	20732.0	25421.0	29157.0	33851.0	37384.0	41526.0	44128.0	46236.0	46319.0	47384.0	45862.0	44787.0	42775.0	40411.0	37380.0	35216.0	32568.0	30232.0	27000.0	29881.0	167022.0
Sfa-ABas_035-Ex1-3A-lcwgs-2-T.clmp.fp2_repr.R2	1556.0	6690.0	11276.0	16288.0	20857.0	25599.0	29356.0	34081.0	37640.0	41727.0	44338.0	46433.0	46490.0	47339.0	46188.0	45411.0	43291.0	40865.0	37944.0	35676.0	32947.0	30478.0	26876.0	31008.0	160251.0
Sfa-CBas_001-Ex1-12A-lcwgs-2-T.clmp.fp2_repr.R1	980.0	2745.0	3095.0	3560.0	4209.0	4611.0	5302.0	6346.0	7682.0	9012.0	10150.0	11065.0	12273.0	14391.0	15006.0	16142.0	17640.0	18808.0	20620.0	21700.0	24603.0	26296.0	25453.0	65908.0	883891.0
Sfa-CBas_001-Ex1-12A-lcwgs-2-T.clmp.fp2_repr.R2	1645.0	4329.0	4741.0	5232.0	5896.0	6461.0	7384.0	8888.0	10324.0	11271.0	12438.0	13445.0	14876.0	16775.0	18805.0	21666.0	23419.0	25251.0	27349.0	28560.0	32034.0	32980.0	26647.0	79691.0	791381.0
Sfa-CBas_002-Ex1-3C-lcwgs-1-T.clmp.fp2_repr.R1	1691.0	5037.0	6415.0	9178.0	14144.0	19446.0	28854.0	45291.0	67690.0	89843.0	112294.0	132619.0	151963.0	174293.0	187117.0	202086.0	214473.0	223711.0	231330.0	235713.0	240690.0	247460.0	236845.0	386853.0	4016608.0
Sfa-CBas_002-Ex1-3C-lcwgs-1-T.clmp.fp2_repr.R2	3719.0	10147.0	11318.0	14313.0	19529.0	25033.0	35159.0	53043.0	75519.0	96236.0	118767.0	139607.0	159644.0	180151.0	199378.0	219748.0	232874.0	243357.0	252353.0	256221.0	263111.0	266634.0	238567.0	438297.0	3728919.0
Sfa-CBas_003-Ex1-3A-lcwgs-1-T.clmp.fp2_repr.R1	1432.0	3913.0	4438.0	6120.0	8863.0	12025.0	17511.0	27454.0	40488.0	53203.0	65329.0	77714.0	89443.0	103211.0	110847.0	120635.0	128978.0	136259.0	143544.0	148611.0	156300.0	165550.0	156843.0	303877.0	3623885.0
Sfa-CBas_003-Ex1-3A-lcwgs-1-T.clmp.fp2_repr.R2	3461.0	9366.0	9819.0	11619.0	14656.0	17860.0	24244.0	35276.0	48216.0	59938.0	71976.0	85115.0	97232.0	109838.0	123219.0	137526.0	147540.0	156025.0	164692.0	170161.0	179639.0	185241.0	160208.0	353646.0	3329960.0
Sfa-CBas_004-Ex1-4B-lcwgs-1-T.clmp.fp2_repr.R1	60.0	256.0	396.0	752.0	1198.0	1907.0	3095.0	5145.0	7696.0	9868.0	11088.0	11602.0	11808.0	11238.0	10314.0	9220.0	8158.0	6973.0	5877.0	5036.0	4303.0	3662.0	3050.0	3438.0	19496.0
Sfa-CBas_004-Ex1-4B-lcwgs-1-T.clmp.fp2_repr.R2	66.0	277.0	421.0	746.0	1193.0	1933.0	3143.0	5182.0	7736.0	9891.0	11134.0	11678.0	11877.0	11255.0	10367.0	9334.0	8241.0	7077.0	5988.0	5102.0	4342.0	3696.0	3043.0	3688.0	18226.0
Sfa-CBas_006-Ex1-1F-lcwgs-1-T.clmp.fp2_repr.R1	707.0	2133.0	2371.0	3312.0	4590.0	5948.0	8915.0	13716.0	20122.0	27240.0	33199.0	39406.0	44060.0	50668.0	53899.0	57043.0	60337.0	63124.0	64548.0	65989.0	67668.0	70603.0	65966.0	126912.0	1533681.0
Sfa-CBas_006-Ex1-1F-lcwgs-1-T.clmp.fp2_repr.R2	1561.0	4465.0	4749.0	5746.0	7165.0	8571.0	11891.0	17292.0	23590.0	30123.0	36092.0	42532.0	47649.0	53575.0	59309.0	64974.0	68592.0	71614.0	73732.0	75352.0	78104.0	79435.0	67233.0	148494.0	1404317.0
Sfa-CBas_007-Ex1-7D-lcwgs-1-T.clmp.fp2_repr.R1	1194.0	3414.0	4352.0	6015.0	8854.0	11729.0	16977.0	26909.0	40802.0	54655.0	68512.0	81391.0	92418.0	103780.0	109742.0	114903.0	119693.0	120572.0	121351.0	122319.0	123293.0	125152.0	117434.0	200603.0	2106980.0
Sfa-CBas_007-Ex1-7D-lcwgs-1-T.clmp.fp2_repr.R2	2272.0	6271.0	7198.0	8951.0	11831.0	14811.0	20445.0	31260.0	45144.0	58127.0	72093.0	85385.0	96515.0	107193.0	116835.0	124899.0	130363.0	131751.0	133000.0	133180.0	135623.0	135275.0	118261.0	226123.0	1950238.0
Sfa-CBas_008-Ex1-4H-lcwgs-1-T.clmp.fp2_repr.R1	1567.0	4606.0	6006.0	8971.0	13885.0	20031.0	28985.0	43747.0	62235.0	80481.0	98652.0	113936.0	127031.0	142123.0	150822.0	160415.0	166383.0	169474.0	172983.0	174268.0	177144.0	178891.0	168997.0	280722.0	2899809.0
Sfa-CBas_008-Ex1-4H-lcwgs-1-T.clmp.fp2_repr.R2	2982.0	8275.0	9699.0	12458.0	17797.0	23917.0	33592.0	49141.0	67861.0	85330.0	103464.0	119256.0	132876.0	146664.0	160311.0	173436.0	180721.0	183870.0	188162.0	189284.0	193752.0	192756.0	170133.0	314839.0	2691588.0
Sfa-CBas_009-Ex1-6E-lcwgs-1-T.clmp.fp2_repr.R1	2001.0	5495.0	6562.0	8772.0	12230.0	15877.0	22526.0	34488.0	51296.0	69443.0	87901.0	106570.0	125953.0	147073.0	161045.0	175684.0	187227.0	195177.0	200874.0	205679.0	211782.0	217692.0	206902.0	363041.0	3982832.0
Sfa-CBas_009-Ex1-6E-lcwgs-1-T.clmp.fp2_repr.R2	4261.0	11300.0	12333.0	14862.0	18436.0	22124.0	29844.0	43228.0	59957.0	76702.0	95365.0	114693.0	134819.0	154065.0	175508.0	195151.0	208137.0	217043.0	224290.0	228794.0	237315.0	238856.0	209139.0	413123.0	3664777.0
Sfa-CBas_010-Ex1-6C-lcwgs-1-T.clmp.fp2_repr.R1	1596.0	3969.0	4436.0	5702.0	7599.0	9851.0	14921.0	24710.0	38656.0	55635.0	74885.0	94762.0	113994.0	136400.0	151233.0	165469.0	177182.0	183965.0	188595.0	189350.0	190338.0	193012.0	180542.0	287049.0	2960324.0
Sfa-CBas_010-Ex1-6C-lcwgs-1-T.clmp.fp2_repr.R2	3194.0	8066.0	8576.0	9688.0	11597.0	14144.0	20001.0	30679.0	44789.0	60718.0	80353.0	100385.0	120175.0	140749.0	161105.0	179094.0	191780.0	199100.0	204315.0	204978.0	207416.0	207441.0	182042.0	323855.0	2739935.0
Sfa-CBas_011-Ex1-5F-lcwgs-1-T.clmp.fp2_repr.R1	200.0	609.0	759.0	1032.0	1530.0	2387.0	3883.0	6481.0	10135.0	13484.0	16605.0	18861.0	20878.0	23069.0	23724.0	24713.0	25681.0	25949.0	25950.0	26322.0	26394.0	26420.0	24923.0	39655.0	394410.0
Sfa-CBas_011-Ex1-5F-lcwgs-1-T.clmp.fp2_repr.R2	378.0	1086.0	1220.0	1486.0	1976.0	2837.0	4420.0	7166.0	10747.0	14038.0	17054.0	19454.0	21409.0	23450.0	24764.0	26131.0	27249.0	27494.0	27451.0	27870.0	28042.0	27920.0	25077.0	43021.0	372314.0
Sfa-CBas_013-Ex1-6B-lcwgs-1-T.clmp.fp2_repr.R1	25.0	65.0	74.0	113.0	168.0	204.0	340.0	592.0	877.0	1105.0	1441.0	1569.0	1887.0	2008.0	2129.0	2159.0	2210.0	2187.0	2112.0	2035.0	1999.0	1869.0	1712.0	2426.0	15163.0
Sfa-CBas_013-Ex1-6B-lcwgs-1-T.clmp.fp2_repr.R2	24.0	83.0	96.0	138.0	179.0	239.0	353.0	601.0	917.0	1141.0	1478.0	1596.0	1918.0	2067.0	2184.0	2226.0	2283.0	2251.0	2200.0	2088.0	2060.0	1926.0	1702.0	2562.0	14157.0
Sfa-CBas_014-Ex1-8C-lcwgs-1-T.clmp.fp2_repr.R1	1369.0	3758.0	4308.0	5508.0	7373.0	9380.0	13336.0	21185.0	30910.0	41731.0	51323.0	61540.0	70378.0	80630.0	85766.0	91197.0	95364.0	98495.0	100809.0	101963.0	105714.0	110624.0	102011.0	210457.0	2653836.0
Sfa-CBas_014-Ex1-8C-lcwgs-1-T.clmp.fp2_repr.R2	2963.0	8003.0	8733.0	9834.0	11991.0	14142.0	18916.0	27843.0	37543.0	47537.0	57080.0	67598.0	77132.0	86742.0	96377.0	105475.0	110779.0	115586.0	118083.0	120137.0	125208.0	127407.0	104653.0	254037.0	2405166.0
Sfa-CBas_015-Ex1-7C-lcwgs-1-T.clmp.fp2_repr.R1	966.0	2526.0	2951.0	3633.0	4603.0	5899.0	8203.0	12697.0	19709.0	28350.0	38637.0	50816.0	63276.0	78960.0	91110.0	103200.0	114175.0	123407.0	129179.0	133567.0	137014.0	138913.0	131977.0	201506.0	1892434.0
Sfa-CBas_015-Ex1-7C-lcwgs-1-T.clmp.fp2_repr.R2	2087.0	4982.0	5379.0	6041.0	7191.0	8451.0	11355.0	16267.0	23287.0	31313.0	41685.0	54277.0	66860.0	81648.0	97068.0	111280.0	123154.0	132776.0	138835.0	143147.0	146969.0	147544.0	132431.0	223392.0	1760289.0
Sfa-CBas_016-Ex1-7G-lcwgs-1-T.clmp.fp2_repr.R1	898.0	2122.0	2390.0	2808.0	3664.0	4261.0	5878.0	8586.0	12256.0	16035.0	19673.0	23338.0	26595.0	31324.0	33236.0	36083.0	38400.0	40956.0	43592.0	45389.0	47888.0	51489.0	48367.0	111922.0	1449083.0
Sfa-CBas_016-Ex1-7G-lcwgs-1-T.clmp.fp2_repr.R2	1835.0	4579.0	4786.0	5438.0	6276.0	7125.0	9226.0	12386.0	16146.0	19344.0	23285.0	26929.0	30651.0	34926.0	39272.0	44307.0	47496.0	50753.0	53470.0	55508.0	59208.0	61157.0	49800.0	133985.0	1308345.0
Sfa-CBas_017-Ex1-5A-lcwgs-2-T.clmp.fp2_repr.R1	1632.0	5624.0	7181.0	8555.0	9842.0	10432.0	11665.0	13497.0	15300.0	16947.0	18257.0	20144.0	22202.0	25368.0	26254.0	28131.0	29965.0	32191.0	34696.0	36353.0	39473.0	42683.0	40439.0	100771.0	1360418.0
Sfa-CBas_017-Ex1-5A-lcwgs-2-T.clmp.fp2_repr.R2	2503.0	8002.0	9796.0	11051.0	12548.0	13109.0	14804.0	17221.0	18990.0	20180.0	21381.0	23530.0	26104.0	29063.0	32173.0	36223.0	38803.0	41863.0	44683.0	46624.0	51287.0	52667.0	42450.0	124791.0	1218174.0
Sfa-CBas_018-Ex1-5H-lcwgs-1-T.clmp.fp2_repr.R1	89.0	239.0	313.0	382.0	411.0	497.0	672.0	847.0	1104.0	1294.0	1609.0	1782.0	1927.0	2256.0	2533.0	2593.0	2746.0	3024.0	3274.0	3450.0	3610.0	3747.0	3393.0	8034.0	95096.0
Sfa-CBas_018-Ex1-5H-lcwgs-1-T.clmp.fp2_repr.R2	159.0	413.0	465.0	516.0	562.0	654.0	878.0	1056.0	1334.0	1507.0	1836.0	1965.0	2148.0	2479.0	2859.0	3069.0	3286.0	3542.0	3855.0	4030.0	4253.0	4295.0	3472.0	9381.0	86908.0
Sfa-CBas_019-Ex1-5A-lcwgs-1-T.clmp.fp2_repr.R1	814.0	2051.0	2116.0	2391.0	3144.0	3473.0	4419.0	6390.0	9085.0	11615.0	14269.0	17061.0	19810.0	24119.0	25922.0	28834.0	31930.0	35155.0	38339.0	41065.0	45398.0	50274.0	46846.0	120527.0	1684278.0
Sfa-CBas_019-Ex1-5A-lcwgs-1-T.clmp.fp2_repr.R2	1884.0	4957.0	5135.0	5476.0	6281.0	6797.0	8302.0	10813.0	13375.0	15465.0	18069.0	21171.0	24291.0	28066.0	33018.0	38445.0	42314.0	46562.0	50215.0	53154.0	58589.0	61463.0	48678.0	147646.0	1519159.0
Sfa-CBas_020-Ex1-7A-lcwgs-1-T.clmp.fp2_repr.R1	646.0	1733.0	2011.0	2605.0	3508.0	4725.0	6830.0	10980.0	17357.0	24353.0	31935.0	39513.0	46770.0	55641.0	60942.0	66366.0	70696.0	74301.0	76219.0	77890.0	79235.0	81366.0	77955.0	130034.0	1344740.0
Sfa-CBas_020-Ex1-7A-lcwgs-1-T.clmp.fp2_repr.R2	1313.0	3350.0	3614.0	4300.0	5255.0	6487.0	8953.0	13385.0	19951.0	26433.0	33970.0	41904.0	49310.0	57549.0	64896.0	72075.0	76549.0	80745.0	82669.0	84460.0	86503.0	87169.0	78732.0	144671.0	1254108.0
Sfa-CBas_021-Ex1-8D-lcwgs-1-T.clmp.fp2_repr.R1	968.0	2639.0	3053.0	4036.0	5586.0	7546.0	11154.0	18120.0	26825.0	35247.0	43500.0	49679.0	56543.0	63544.0	66861.0	70825.0	74079.0	75654.0	77231.0	79226.0	80907.0	84242.0	78754.0	158256.0	1948315.0
Sfa-CBas_021-Ex1-8D-lcwgs-1-T.clmp.fp2_repr.R2	2124.0	5753.0	6122.0	7071.0	8798.0	10945.0	15183.0	22695.0	31358.0	39057.0	47372.0	53800.0	61200.0	67608.0	74243.0	80836.0	84653.0	87479.0	89577.0	91547.0	94225.0	96242.0	80880.0	186923.0	1777099.0
Sfa-CBas_022-Ex1-6G-lcwgs-1-T.clmp.fp2_repr.R1	14.0	26.0	42.0	41.0	60.0	84.0	90.0	95.0	113.0	153.0	176.0	188.0	233.0	238.0	269.0	320.0	301.0	307.0	318.0	347.0	339.0	352.0	329.0	751.0	7265.0
Sfa-CBas_022-Ex1-6G-lcwgs-1-T.clmp.fp2_repr.R2	18.0	34.0	56.0	45.0	71.0	102.0	100.0	111.0	148.0	161.0	188.0	207.0	249.0	264.0	303.0	365.0	348.0	338.0	365.0	372.0	372.0	399.0	349.0	822.0	6664.0
Sfa-CBas_023-Ex1-4G-lcwgs-1-T.clmp.fp2_repr.R1	1409.0	3580.0	4115.0	4949.0	6286.0	7680.0	10146.0	14561.0	20773.0	26850.0	32648.0	38854.0	44578.0	52713.0	56983.0	62247.0	66471.0	70371.0	74405.0	76946.0	80689.0	85529.0	79223.0	176295.0	2241333.0
Sfa-CBas_023-Ex1-4G-lcwgs-1-T.clmp.fp2_repr.R2	2873.0	7470.0	7994.0	8837.0	10498.0	12113.0	15354.0	20513.0	26886.0	32100.0	38134.0	44675.0	50872.0	58235.0	66273.0	75553.0	80307.0	86048.0	90117.0	93359.0	98056.0	100935.0	81622.0	210960.0	2019850.0
Sfa-CBas_024-Ex1-3G-lcwgs-1-T.clmp.fp2_repr.R1	319.0	908.0	943.0	1059.0	1313.0	1540.0	1945.0	2888.0	4104.0	5384.0	6604.0	7905.0	9033.0	10888.0	11931.0	13205.0	14663.0	15931.0	17167.0	18128.0	19507.0	20679.0	20005.0	45428.0	569278.0
Sfa-CBas_024-Ex1-3G-lcwgs-1-T.clmp.fp2_repr.R2	712.0	1821.0	1868.0	2070.0	2280.0	2570.0	3288.0	4346.0	5520.0	6655.0	7793.0	9284.0	10511.0	12135.0	14345.0	16540.0	18238.0	19511.0	21012.0	22107.0	23778.0	24339.0	20646.0	53178.0	516208.0
Sfa-CBas_025-Ex1-8H-lcwgs-1-T.clmp.fp2_repr.R1	1062.0	2916.0	3531.0	4591.0	6123.0	7701.0	10768.0	16247.0	22865.0	28835.0	34424.0	38961.0	42814.0	47389.0	49877.0	52313.0	54248.0	56532.0	57163.0	58132.0	61118.0	63879.0	59740.0	119519.0	1449460.0
Sfa-CBas_025-Ex1-8H-lcwgs-1-T.clmp.fp2_repr.R2	1916.0	5090.0	5691.0	6666.0	8497.0	10136.0	13491.0	19742.0	26242.0	31759.0	37125.0	42321.0	46255.0	50516.0	55351.0	59927.0	61995.0	64943.0	66007.0	67110.0	70725.0	72074.0	61029.0	138921.0	1326679.0
Sfa-CBas_026-Ex1-6D-lcwgs-1-T.clmp.fp2_repr.R1	1488.0	3873.0	4199.0	5050.0	6392.0	7872.0	11030.0	17273.0	26439.0	36665.0	47759.0	58350.0	69693.0	83712.0	91628.0	101002.0	109183.0	114997.0	120373.0	123650.0	128044.0	131720.0	124762.0	218343.0	2348158.0
Sfa-CBas_026-Ex1-6D-lcwgs-1-T.clmp.fp2_repr.R2	2804.0	7405.0	7674.0	8626.0	10102.0	11631.0	15390.0	22384.0	31695.0	41168.0	52201.0	63153.0	75089.0	87757.0	100407.0	112927.0	121377.0	128099.0	133590.0	136694.0	142252.0	143912.0	126209.0	246267.0	2162842.0
Sfa-CBas_027-Ex1-11A-lcwgs-2-T.clmp.fp2_repr.R1	2028.0	7179.0	9832.0	11495.0	12606.0	13545.0	13932.0	15218.0	16090.0	17279.0	17951.0	19199.0	20087.0	21854.0	22633.0	23542.0	24640.0	25574.0	26426.0	27512.0	29240.0	30414.0	29214.0	59787.0	720400.0
Sfa-CBas_027-Ex1-11A-lcwgs-2-T.clmp.fp2_repr.R2	2414.0	8246.0	10775.0	12530.0	13699.0	14756.0	15263.0	16888.0	17737.0	18785.0	19489.0	20772.0	21662.0	23386.0	25105.0	27449.0	28782.0	29906.0	31066.0	31742.0	34232.0	34739.0	29860.0	69988.0	658406.0
Sfa-CBas_028-Ex1-6B-lcwgs-2-T.clmp.fp2_repr.R1	507.0	1578.0	2018.0	2553.0	3074.0	3491.0	3903.0	4673.0	5271.0	6018.0	6620.0	7098.0	7875.0	9127.0	9436.0	10159.0	11009.0	11941.0	12719.0	13377.0	14997.0	16522.0	15567.0	41339.0	572349.0
Sfa-CBas_028-Ex1-6B-lcwgs-2-T.clmp.fp2_repr.R2	912.0	2535.0	3055.0	3603.0	4260.0	4749.0	5183.0	6240.0	6999.0	7559.0	8069.0	8743.0	9550.0	10713.0	12047.0	13797.0	14887.0	16086.0	17145.0	18065.0	19734.0	20802.0	16339.0	50701.0	511448.0
Sfa-CBas_029-Ex1-1B-lcwgs-2-T.clmp.fp2_repr.R1	1771.0	5465.0	6550.0	7567.0	8543.0	9184.0	10209.0	12110.0	14126.0	15928.0	17623.0	18850.0	20567.0	23329.0	23964.0	25859.0	27301.0	28953.0	31083.0	32980.0	35449.0	38457.0	35425.0	97465.0	1365275.0
Sfa-CBas_029-Ex1-1B-lcwgs-2-T.clmp.fp2_repr.R2	2736.0	8040.0	9196.0	10281.0	11318.0	12132.0	13611.0	16103.0	18189.0	19471.0	21101.0	22495.0	24916.0	27166.0	30434.0	34355.0	36828.0	39317.0	41715.0	43927.0	47531.0	49126.0	37129.0	122147.0	1214769.0
Sfa-CBas_030-Ex1-5B-lcwgs-2-T.clmp.fp2_repr.R1	264.0	962.0	1464.0	1918.0	2446.0	2822.0	3223.0	3751.0	4214.0	4629.0	4919.0	5172.0	5554.0	6169.0	6130.0	6472.0	6692.0	6919.0	7155.0	7536.0	7969.0	8412.0	7811.0	17511.0	221728.0
Sfa-CBas_030-Ex1-5B-lcwgs-2-T.clmp.fp2_repr.R2	402.0	1299.0	1763.0	2287.0	2812.0	3201.0	3754.0	4335.0	4724.0	5055.0	5383.0	5755.0	6165.0	6603.0	7060.0	7722.0	8029.0	8317.0	8705.0	8931.0	9587.0	9820.0	8038.0	21283.0	200812.0
Sfa-CBas_031-Ex1-4B-lcwgs-2-T.clmp.fp2_repr.R1	2179.0	7256.0	8571.0	9995.0	11015.0	11745.0	12607.0	14152.0	15948.0	17718.0	18716.0	20181.0	21535.0	24318.0	25055.0	26901.0	28215.0	30054.0	32187.0	33373.0	36276.0	39626.0	36676.0	97338.0	1345331.0
Sfa-CBas_031-Ex1-4B-lcwgs-2-T.clmp.fp2_repr.R2	3163.0	9650.0	11114.0	12577.0	13699.0	14635.0	16024.0	18151.0	19815.0	21237.0	22305.0	23826.0	25720.0	28045.0	31362.0	35408.0	37586.0	39928.0	42357.0	44285.0	48118.0	49770.0	38347.0	120364.0	1199482.0
Sfa-CBas_032-Ex1-7E-lcwgs-1-T.clmp.fp2_repr.R1	850.0	2413.0	3301.0	4846.0	7341.0	10252.0	14955.0	23612.0	34834.0	45924.0	56055.0	64197.0	71972.0	78748.0	83156.0	85749.0	88090.0	89724.0	90089.0	89788.0	89818.0	90675.0	84915.0	136550.0	1351049.0
Sfa-CBas_032-Ex1-7E-lcwgs-1-T.clmp.fp2_repr.R2	1491.0	4253.0	5042.0	6611.0	9224.0	12202.0	17127.0	26405.0	37582.0	48064.0	58431.0	66843.0	74778.0	80840.0	87788.0	91904.0	94654.0	96616.0	97095.0	97070.0	97588.0	97336.0	85604.0	152608.0	1251747.0
Sfa-CBas_033-Ex1-6A-lcwgs-2-T.clmp.fp2_repr.R1	601.0	1982.0	2611.0	3060.0	3405.0	3600.0	3750.0	4269.0	4713.0	5394.0	5557.0	5960.0	6516.0	7412.0	7578.0	8129.0	8703.0	9148.0	9699.0	10091.0	11030.0	11843.0	11120.0	27291.0	367517.0
Sfa-CBas_033-Ex1-6A-lcwgs-2-T.clmp.fp2_repr.R2	810.0	2569.0	3310.0	3699.0	4042.0	4294.0	4540.0	5177.0	5596.0	6155.0	6373.0	6845.0	7419.0	8204.0	9070.0	10095.0	10935.0	11452.0	12036.0	12507.0	13867.0	14281.0	11611.0	32939.0	333153.0
Sfa-CBas_035-Ex1-5G-lcwgs-1-T.clmp.fp2_repr.R1	40.0	94.0	130.0	164.0	218.0	242.0	265.0	297.0	355.0	433.0	435.0	486.0	458.0	586.0	590.0	601.0	681.0	689.0	752.0	776.0	756.0	771.0	676.0	1939.0	19402.0
Sfa-CBas_035-Ex1-5G-lcwgs-1-T.clmp.fp2_repr.R2	42.0	129.0	150.0	193.0	242.0	277.0	302.0	354.0	408.0	451.0	463.0	543.0	518.0	618.0	675.0	704.0	785.0	813.0	855.0	893.0	881.0	903.0	715.0	2138.0	17784.0
Sfa-CBas_036-Ex1-10A-lcwgs-2-T.clmp.fp2_repr.R1	640.0	2030.0	2275.0	2970.0	3495.0	3949.0	4769.0	5909.0	7508.0	8963.0	9913.0	10989.0	12411.0	14024.0	14383.0	15576.0	16645.0	17953.0	18935.0	20250.0	21749.0	23758.0	22001.0	59575.0	846357.0
Sfa-CBas_036-Ex1-10A-lcwgs-2-T.clmp.fp2_repr.R2	1280.0	3635.0	3877.0	4555.0	5228.0	5830.0	6867.0	8303.0	9983.0	11060.0	11939.0	13261.0	14879.0	16303.0	18314.0	20782.0	22239.0	23998.0	25541.0	26697.0	28920.0	30115.0	22806.0	75394.0	755221.0
Sfa-CBas_037-Ex1-4E-lcwgs-1-T.clmp.fp2_repr.R1	48.0	116.0	142.0	149.0	171.0	187.0	231.0	276.0	340.0	368.0	443.0	519.0	623.0	742.0	733.0	866.0	935.0	991.0	1082.0	1188.0	1358.0	1437.0	1392.0	2950.0	32423.0
Sfa-CBas_037-Ex1-4E-lcwgs-1-T.clmp.fp2_repr.R2	76.0	174.0	194.0	222.0	219.0	272.0	299.0	360.0	431.0	456.0	537.0	596.0	703.0	809.0	872.0	1044.0	1126.0	1230.0	1324.0	1427.0	1613.0	1625.0	1414.0	3411.0	29276.0
Sfa-CBas_038-Ex1-3H-lcwgs-1-T.clmp.fp2_repr.R1	101.0	241.0	288.0	388.0	500.0	738.0	1171.0	1789.0	2762.0	3663.0	4472.0	5320.0	5900.0	6848.0	7366.0	7563.0	7849.0	8346.0	8634.0	8563.0	8735.0	8969.0	8178.0	15507.0	174080.0
Sfa-CBas_038-Ex1-3H-lcwgs-1-T.clmp.fp2_repr.R2	179.0	486.0	555.0	589.0	741.0	1032.0	1485.0	2157.0	3161.0	3973.0	4766.0	5635.0	6326.0	7140.0	7936.0	8318.0	8790.0	9261.0	9583.0	9530.0	9739.0	9880.0	8240.0	17815.0	160654.0
Sfa-CBas_039-Ex1-10B-lcwgs-2-T.clmp.fp2_repr.R1	1624.0	4987.0	5911.0	7092.0	8148.0	9025.0	10091.0	12701.0	15186.0	17642.0	20007.0	21951.0	24288.0	28021.0	29466.0	31671.0	34508.0	37588.0	40182.0	42683.0	47121.0	51008.0	48313.0	123845.0	1732472.0
Sfa-CBas_039-Ex1-10B-lcwgs-2-T.clmp.fp2_repr.R2	2867.0	8255.0	9309.0	10334.0	11784.0	12745.0	14567.0	17730.0	20625.0	22351.0	24535.0	26934.0	29847.0	33148.0	37615.0	43171.0	47009.0	50930.0	54109.0	56842.0	62849.0	64399.0	50325.0	155911.0	1537340.0
Sfa-CBas_041-Ex1-6A-lcwgs-1-T.clmp.fp2_repr.R1	761.0	2202.0	2707.0	4169.0	6125.0	8434.0	12471.0	19146.0	28171.0	37974.0	47268.0	56319.0	65351.0	75191.0	82065.0	88591.0	94106.0	99063.0	102628.0	104917.0	107495.0	109849.0	104514.0	162668.0	1591580.0
Sfa-CBas_041-Ex1-6A-lcwgs-1-T.clmp.fp2_repr.R2	1501.0	4092.0	4626.0	6010.0	7962.0	10379.0	14810.0	21958.0	30719.0	40241.0	49487.0	58664.0	67947.0	76806.0	86299.0	94979.0	100859.0	106052.0	109663.0	111980.0	115076.0	116261.0	104831.0	178549.0	1494014.0
Sfa-CBas_042-Ex1-3B-lcwgs-2-T.clmp.fp2_repr.R1	999.0	3378.0	4728.0	5849.0	6405.0	7018.0	7681.0	8381.0	8754.0	9595.0	10297.0	10839.0	11127.0	12321.0	12551.0	12943.0	13486.0	14280.0	14584.0	15449.0	16269.0	17041.0	15982.0	36110.0	459150.0
Sfa-CBas_042-Ex1-3B-lcwgs-2-T.clmp.fp2_repr.R2	1252.0	4137.0	5391.0	6601.0	7210.0	7860.0	8536.0	9567.0	9858.0	10606.0	11345.0	11819.0	12403.0	13412.0	14518.0	15544.0	16366.0	17357.0	17744.0	18691.0	19884.0	20203.0	16638.0	43367.0	414908.0
Sfa-CBas_043-Ex1-6F-lcwgs-1-T.clmp.fp2_repr.R1	1757.0	4875.0	6129.0	8643.0	12737.0	17773.0	26769.0	43533.0	66652.0	90435.0	113707.0	133635.0	152322.0	172440.0	181861.0	191777.0	198120.0	201678.0	203075.0	204691.0	203956.0	206830.0	196682.0	308569.0	3133808.0
Sfa-CBas_043-Ex1-6F-lcwgs-1-T.clmp.fp2_repr.R2	3180.0	8589.0	10066.0	12490.0	16614.0	21864.0	31610.0	49044.0	72244.0	95177.0	118900.0	139117.0	158130.0	176177.0	191013.0	204897.0	211714.0	215652.0	217624.0	219369.0	219753.0	219959.0	197650.0	339439.0	2932182.0
Sfa-CBas_044-Ex1-8B-lcwgs-2-T.clmp.fp2_repr.R1	206.0	720.0	936.0	1199.0	1383.0	1423.0	1605.0	1751.0	2005.0	2236.0	2348.0	2507.0	2746.0	2875.0	2984.0	3058.0	3201.0	3298.0	3367.0	3487.0	3464.0	3791.0	3619.0	7714.0	95209.0
Sfa-CBas_044-Ex1-8B-lcwgs-2-T.clmp.fp2_repr.R2	264.0	847.0	1084.0	1349.0	1530.0	1613.0	1808.0	2001.0	2224.0	2437.0	2546.0	2724.0	2984.0	3078.0	3335.0	3581.0	3719.0	3890.0	4025.0	4131.0	4151.0	4381.0	3749.0	9112.0	86569.0
Sfa-CBas_045-Ex1-4F-lcwgs-1-T.clmp.fp2_repr.R1	8.0	24.0	42.0	41.0	55.0	77.0	87.0	113.0	154.0	187.0	191.0	224.0	254.0	285.0	265.0	272.0	302.0	292.0	335.0	276.0	287.0	324.0	260.0	496.0	4916.0
Sfa-CBas_045-Ex1-4F-lcwgs-1-T.clmp.fp2_repr.R2	10.0	29.0	45.0	54.0	63.0	85.0	99.0	127.0	161.0	197.0	202.0	234.0	266.0	291.0	283.0	310.0	315.0	334.0	366.0	301.0	327.0	326.0	261.0	618.0	4463.0
Sfa-CBas_046-Ex1-11B-lcwgs-2-T.clmp.fp2_repr.R1	2780.0	8416.0	10428.0	12159.0	13372.0	14677.0	16341.0	18847.0	22278.0	25331.0	27371.0	29736.0	32721.0	37401.0	39220.0	41549.0	45401.0	48618.0	51941.0	54688.0	59712.0	64627.0	60182.0	159559.0	2217831.0
Sfa-CBas_046-Ex1-11B-lcwgs-2-T.clmp.fp2_repr.R2	4292.0	12516.0	14837.0	16481.0	18069.0	19477.0	22002.0	25385.0	28990.0	31155.0	33173.0	35999.0	39442.0	43901.0	49653.0	56060.0	60822.0	65411.0	69775.0	72590.0	79635.0	82207.0	63186.0	200347.0	1969781.0
Sfa-CBas_048-Ex1-4C-lcwgs-1-T.clmp.fp2_repr.R1	1649.0	4482.0	4982.0	5904.0	7891.0	9383.0	12928.0	19481.0	28679.0	38903.0	49894.0	61621.0	73331.0	87857.0	96646.0	106072.0	115287.0	121328.0	126391.0	129650.0	134118.0	137712.0	129095.0	239417.0	2719865.0
Sfa-CBas_048-Ex1-4C-lcwgs-1-T.clmp.fp2_repr.R2	3275.0	8689.0	9100.0	10254.0	12418.0	13938.0	18357.0	25956.0	35403.0	44680.0	55445.0	67699.0	80178.0	93222.0	107314.0	120774.0	131163.0	138111.0	143404.0	146878.0	152998.0	153871.0	131109.0	279629.0	2478701.0
Sfa-CBas_052-Ex1-8A-lcwgs-1-T.clmp.fp2_repr.R1	158.0	393.0	450.0	597.0	744.0	1024.0	1465.0	2382.0	3771.0	4754.0	6206.0	7219.0	8299.0	9856.0	10459.0	11236.0	12336.0	12959.0	13289.0	13669.0	14230.0	14919.0	14021.0	27482.0	335297.0
Sfa-CBas_052-Ex1-8A-lcwgs-1-T.clmp.fp2_repr.R2	366.0	937.0	942.0	1076.0	1253.0	1612.0	2062.0	3142.0	4508.0	5367.0	6858.0	7885.0	9080.0	10528.0	11776.0	13103.0	14166.0	14815.0	15333.0	15724.0	16431.0	16737.0	14342.0	32423.0	306749.0
Sfa-CBas_056-Ex1-7B-lcwgs-2-T.clmp.fp2_repr.R1	756.0	2514.0	3089.0	3561.0	4054.0	4434.0	4873.0	5540.0	6032.0	6584.0	7302.0	7866.0	8462.0	9650.0	10090.0	10847.0	11533.0	12398.0	13194.0	13948.0	15408.0	16917.0	15606.0	41690.0	570952.0
Sfa-CBas_056-Ex1-7B-lcwgs-2-T.clmp.fp2_repr.R2	1134.0	3560.0	4136.0	4606.0	5175.0	5662.0	6227.0	7006.0	7676.0	8014.0	8826.0	9424.0	10215.0	11321.0	12702.0	14560.0	15474.0	16499.0	17641.0	18364.0	20270.0	21112.0	16295.0	51219.0	510182.0
Sfa-CBas_058-Ex1-8E-lcwgs-1-T.clmp.fp2_repr.R1	138.0	389.0	414.0	480.0	648.0	767.0	1006.0	1539.0	2145.0	2891.0	3522.0	4182.0	5072.0	5958.0	6511.0	7165.0	7906.0	8515.0	8900.0	9363.0	9881.0	10541.0	9985.0	20683.0	251886.0
Sfa-CBas_058-Ex1-8E-lcwgs-1-T.clmp.fp2_repr.R2	299.0	832.0	850.0	925.0	1037.0	1233.0	1549.0	2095.0	2763.0	3378.0	4061.0	4767.0	5718.0	6483.0	7553.0	8469.0	9368.0	9975.0	10526.0	10933.0	11755.0	12012.0	10298.0	24297.0	229311.0
Sfa-CBas_059-Ex1-7H-lcwgs-1-T.clmp.fp2_repr.R1	1285.0	3276.0	3543.0	4140.0	4907.0	5862.0	7360.0	10402.0	14677.0	19329.0	24243.0	29405.0	35002.0	43336.0	47422.0	53285.0	59170.0	64152.0	68816.0	73489.0	79182.0	85000.0	80748.0	181711.0	2366191.0
Sfa-CBas_059-Ex1-7H-lcwgs-1-T.clmp.fp2_repr.R2	2721.0	7161.0	7591.0	8172.0	9169.0	10363.0	12715.0	16696.0	21116.0	24697.0	29705.0	35140.0	41458.0	48938.0	57567.0	66819.0	73442.0	80095.0	85555.0	90194.0	97473.0	101111.0	83175.0	219206.0	2135654.0
Sfa-CBas_061-Ex1-2D-lcwgs-1-T.clmp.fp2_repr.R1	822.0	2025.0	2112.0	2619.0	3148.0	3742.0	4997.0	7393.0	10643.0	14459.0	18410.0	22293.0	26276.0	31656.0	34573.0	38148.0	41296.0	44156.0	46071.0	48440.0	50192.0	52252.0	49097.0	98895.0	1138708.0
Sfa-CBas_061-Ex1-2D-lcwgs-1-T.clmp.fp2_repr.R2	1518.0	3901.0	3968.0	4463.0	5041.0	5769.0	7390.0	10185.0	13507.0	16924.0	20734.0	25015.0	29051.0	33925.0	39037.0	44422.0	48009.0	51318.0	53237.0	55850.0	58216.0	59213.0	49889.0	114006.0	1037835.0
Sfa-CBas_062-Ex1-2B-lcwgs-2-T.clmp.fp2_repr.R1	1592.0	5105.0	6670.0	8412.0	9846.0	11211.0	12264.0	14403.0	16247.0	17884.0	19340.0	20836.0	22730.0	25358.0	26241.0	27797.0	29396.0	31644.0	33360.0	35497.0	38304.0	40680.0	38685.0	96031.0	1273925.0
Sfa-CBas_062-Ex1-2B-lcwgs-2-T.clmp.fp2_repr.R2	2410.0	7382.0	8998.0	10896.0	12446.0	13875.0	15367.0	18393.0	20235.0	21132.0	22623.0	24459.0	26728.0	29014.0	32209.0	36168.0	38489.0	41108.0	43053.0	45771.0	49169.0	50191.0	40034.0	115784.0	1137524.0
Sfa-CBas_064-Ex1-3F-lcwgs-1-T.clmp.fp2_repr.R1	110.0	277.0	302.0	435.0	694.0	921.0	1574.0	2641.0	3826.0	4969.0	6062.0	6924.0	7517.0	8711.0	9086.0	9391.0	9729.0	9850.0	10035.0	9989.0	9961.0	9989.0	9691.0	14299.0	130049.0
Sfa-CBas_064-Ex1-3F-lcwgs-1-T.clmp.fp2_repr.R2	163.0	453.0	455.0	598.0	845.0	1131.0	1745.0	2920.0	4042.0	5180.0	6309.0	7154.0	7758.0	8868.0	9532.0	10021.0	10472.0	10577.0	10599.0	10594.0	10620.0	10588.0	9650.0	15423.0	121335.0
Sfa-CBas_066-Ex1-2C-lcwgs-1-T.clmp.fp2_repr.R1	1234.0	3365.0	3909.0	4848.0	6032.0	7456.0	9904.0	14804.0	21813.0	29132.0	36631.0	43924.0	51667.0	60006.0	64769.0	69543.0	73333.0	76041.0	78999.0	80278.0	82924.0	85855.0	80061.0	160900.0	1924526.0
Sfa-CBas_066-Ex1-2C-lcwgs-1-T.clmp.fp2_repr.R2	2492.0	6443.0	7107.0	7895.0	9438.0	11088.0	14042.0	19770.0	26672.0	33244.0	40830.0	48454.0	56779.0	64559.0	72440.0	80739.0	84850.0	88446.0	92022.0	93086.0	97292.0	97911.0	81601.0	189877.0	1744877.0
Sfa-CBas_067-Ex1-3B-lcwgs-1-T.clmp.fp2_repr.R1	1980.0	5950.0	7807.0	11906.0	17629.0	24719.0	36052.0	55006.0	80490.0	107328.0	131723.0	153873.0	172081.0	190531.0	200868.0	209863.0	215917.0	218260.0	218431.0	216442.0	216387.0	215136.0	201207.0	295469.0	2669927.0
Sfa-CBas_067-Ex1-3B-lcwgs-1-T.clmp.fp2_repr.R2	3342.0	9180.0	11135.0	15315.0	20936.0	28299.0	40467.0	60333.0	85940.0	112180.0	136579.0	158734.0	177402.0	194425.0	209831.0	222332.0	228697.0	231042.0	231837.0	229793.0	230261.0	225994.0	201038.0	324277.0	2485613.0
Sfa-CBas_073-Ex1-9B-lcwgs-2-T.clmp.fp2_repr.R1	509.0	1351.0	1577.0	1728.0	2045.0	2363.0	2740.0	3327.0	4135.0	5041.0	5717.0	6380.0	7389.0	8894.0	9617.0	10511.0	11439.0	12757.0	13969.0	14990.0	16901.0	18630.0	16987.0	55276.0	836642.0
Sfa-CBas_073-Ex1-9B-lcwgs-2-T.clmp.fp2_repr.R2	1119.0	3033.0	3228.0	3399.0	3932.0	4289.0	5086.0	5933.0	6847.0	7292.0	8021.0	8979.0	10177.0	11525.0	13788.0	16142.0	17642.0	19560.0	21254.0	22434.0	25125.0	26149.0	18276.0	72338.0	735347.0
Sfa-CBas_074-Ex1-2A-lcwgs-1-T.clmp.fp2_repr.R1	391.0	962.0	1096.0	1258.0	1373.0	1654.0	2001.0	2689.0	3675.0	4650.0	5651.0	7225.0	8992.0	11458.0	12960.0	15384.0	17933.0	20369.0	22959.0	25216.0	27982.0	30708.0	30638.0	61401.0	742081.0
Sfa-CBas_074-Ex1-2A-lcwgs-1-T.clmp.fp2_repr.R2	717.0	1846.0	1974.0	2106.0	2348.0	2585.0	3254.0	4046.0	5076.0	5810.0	6755.0	8367.0	10275.0	12495.0	15045.0	18381.0	21244.0	23728.0	26336.0	28381.0	31555.0	33712.0	30893.0	67733.0	696044.0
Sfa-CBas_076-Ex1-8A-lcwgs-2-T.clmp.fp2_repr.R1	1277.0	4141.0	5684.0	7415.0	8832.0	9971.0	11471.0	13395.0	15296.0	17726.0	18976.0	20828.0	22404.0	26081.0	26758.0	28535.0	30565.0	33192.0	35306.0	36698.0	40641.0	42460.0	40234.0	94684.0	1242560.0
Sfa-CBas_076-Ex1-8A-lcwgs-2-T.clmp.fp2_repr.R2	2182.0	6341.0	8081.0	9746.0	11317.0	12608.0	14492.0	17058.0	18968.0	20874.0	22193.0	24152.0	26121.0	29566.0	32759.0	36420.0	39055.0	42514.0	44749.0	46346.0	51378.0	51774.0	41666.0	116285.0	1108485.0
Sfa-CBas_077-Ex1-1A-lcwgs-1-T.clmp.fp2_repr.R1	28.0	84.0	91.0	158.0	204.0	261.0	400.0	621.0	927.0	1291.0	1498.0	1877.0	2097.0	2317.0	2414.0	2602.0	2636.0	2768.0	2925.0	2942.0	2998.0	3081.0	2883.0	4986.0	55366.0
Sfa-CBas_077-Ex1-1A-lcwgs-1-T.clmp.fp2_repr.R2	60.0	171.0	190.0	233.0	312.0	318.0	478.0	766.0	1055.0	1355.0	1558.0	1978.0	2176.0	2385.0	2625.0	2849.0	2936.0	3033.0	3173.0	3237.0	3337.0	3309.0	2923.0	5521.0	51477.0
Sfa-CBas_078-Ex1-7A-lcwgs-2-T.clmp.fp2_repr.R1	2169.0	7161.0	9409.0	11024.0	12714.0	13880.0	15191.0	17999.0	20826.0	23136.0	25173.0	27596.0	29974.0	33596.0	35114.0	37334.0	40007.0	42245.0	45178.0	47274.0	50851.0	55695.0	51207.0	136773.0	1931748.0
Sfa-CBas_078-Ex1-7A-lcwgs-2-T.clmp.fp2_repr.R2	3478.0	10290.0	12663.0	14536.0	16236.0	17542.0	19523.0	22692.0	25765.0	27531.0	29394.0	32064.0	35176.0	38473.0	43072.0	48079.0	51618.0	55020.0	58602.0	60608.0	65812.0	68718.0	53786.0	167083.0	1745513.0
Sfa-CBas_084-Ex1-9A-lcwgs-2-T.clmp.fp2_repr.R1	1424.0	4000.0	4599.0	5594.0	6417.0	7217.0	8661.0	11137.0	14067.0	16875.0	18866.0	21125.0	23010.0	26594.0	27766.0	29741.0	31837.0	34067.0	35965.0	37458.0	40972.0	43763.0	40831.0	107485.0	1470355.0
Sfa-CBas_084-Ex1-9A-lcwgs-2-T.clmp.fp2_repr.R2	2542.0	6839.0	7471.0	8405.0	9478.0	10544.0	12444.0	15626.0	18481.0	20758.0	22602.0	25452.0	27416.0	30741.0	34767.0	39284.0	42656.0	45757.0	48071.0	49586.0	54637.0	55846.0	42608.0	135647.0	1302168.0
Sfa-CBas_086-Ex1-4D-lcwgs-1-T.clmp.fp2_repr.R1	1937.0	5013.0	5672.0	7218.0	9266.0	11233.0	15518.0	22693.0	32510.0	42918.0	52750.0	61512.0	70262.0	81463.0	86665.0	93530.0	99142.0	104122.0	107387.0	109935.0	114857.0	120268.0	111194.0	243527.0	3056638.0
Sfa-CBas_086-Ex1-4D-lcwgs-1-T.clmp.fp2_repr.R2	4078.0	10298.0	11001.0	12736.0	14927.0	17223.0	22383.0	30690.0	40600.0	49891.0	59527.0	68914.0	78317.0	88715.0	99391.0	110772.0	117923.0	124223.0	128567.0	131764.0	138899.0	141132.0	114789.0	292743.0	2757727.0
Sfa-CBas_088-Ex1-2B-lcwgs-1-T.clmp.fp2_repr.R1	2328.0	7636.0	10780.0	14620.0	19412.0	23844.0	30989.0	42291.0	56615.0	71849.0	87282.0	101968.0	116779.0	133567.0	143362.0	153326.0	163215.0	169515.0	174206.0	177987.0	182304.0	187309.0	177569.0	300599.0	3198784.0
Sfa-CBas_088-Ex1-2B-lcwgs-1-T.clmp.fp2_repr.R2	3913.0	11583.0	14574.0	18639.0	23214.0	27984.0	36040.0	48409.0	62895.0	77095.0	92365.0	107557.0	122885.0	138084.0	152710.0	166931.0	177686.0	184294.0	190148.0	193304.0	199316.0	201890.0	178635.0	335088.0	2982897.0
Sfa-CBas_090-Ex1-12B-lcwgs-2-T.clmp.fp2_repr.R1	1693.0	5367.0	7281.0	9106.0	10742.0	11870.0	13186.0	15695.0	18337.0	20464.0	22182.0	24501.0	26571.0	30068.0	31203.0	32721.0	35469.0	37497.0	39732.0	41432.0	45065.0	48932.0	45978.0	113451.0	1553268.0
Sfa-CBas_090-Ex1-12B-lcwgs-2-T.clmp.fp2_repr.R2	2726.0	8170.0	10026.0	11880.0	13697.0	14914.0	16905.0	19960.0	22447.0	24312.0	25751.0	28468.0	30929.0	34051.0	37991.0	41875.0	45687.0	48707.0	51200.0	53276.0	58363.0	60480.0	47805.0	139877.0	1392314.0
Sfa-CBas_091-Ex1-5B-lcwgs-1-T.clmp.fp2_repr.R1	526.0	1347.0	1536.0	2125.0	2938.0	3964.0	5765.0	9281.0	13892.0	18850.0	23888.0	28454.0	33291.0	38869.0	41941.0	45094.0	48727.0	51325.0	53534.0	55062.0	57015.0	58966.0	56528.0	93829.0	980254.0
Sfa-CBas_091-Ex1-5B-lcwgs-1-T.clmp.fp2_repr.R2	1030.0	2642.0	2805.0	3426.0	4297.0	5181.0	7275.0	10936.0	15667.0	20429.0	25351.0	29942.0	35155.0	40087.0	44899.0	49231.0	53275.0	56089.0	58644.0	59762.0	62477.0	63360.0	56907.0	104513.0	913621.0
Sfa-CBas_092-Ex1-1E-lcwgs-1-T.clmp.fp2_repr.R1	598.0	1567.0	1646.0	2027.0	2612.0	3048.0	4157.0	6353.0	8828.0	11461.0	13925.0	16427.0	19036.0	22696.0	24560.0	26628.0	29139.0	31294.0	32471.0	34539.0	36245.0	38596.0	35937.0	81963.0	1065739.0
Sfa-CBas_092-Ex1-1E-lcwgs-1-T.clmp.fp2_repr.R2	1356.0	3462.0	3530.0	4115.0	4683.0	5314.0	6660.0	9200.0	11967.0	14097.0	16652.0	19428.0	22178.0	25556.0	29508.0	33269.0	36194.0	39100.0	40643.0	42685.0	45299.0	46821.0	37220.0	100796.0	951759.0
Sfa-CBas_096-Ex1-1H-lcwgs-1-T.clmp.fp2_repr.R1	570.0	1520.0	1835.0	2400.0	3086.0	4064.0	5916.0	9352.0	13741.0	18583.0	23289.0	27647.0	32176.0	37401.0	40655.0	44045.0	47285.0	49458.0	51569.0	53932.0	54730.0	56784.0	54372.0	95748.0	1073376.0
Sfa-CBas_096-Ex1-1H-lcwgs-1-T.clmp.fp2_repr.R2	1077.0	2919.0	3214.0	3778.0	4584.0	5587.0	7631.0	11509.0	15892.0	20307.0	25221.0	29599.0	34066.0	38972.0	44083.0	48890.0	52180.0	54721.0	57234.0	59539.0	60678.0	61795.0	54891.0	108117.0	997050.0
