Sample	1	2	3	4	5	6	7	8	9	12	17	22	27	32	37	42	47	52	57	62	67	72	77	82	87	92	97	102	107	112	117	122	127	132	137	142	147	150
Par-ARag_001-Ex1-6G-lcwgs-2-T.clmp.fp2_repr.R1	0.0	0.0013041783459057737	9.660580340042766e-05	0.001449087051006415	4.830290170021383e-05	0.0	0.0	0.0	0.0	7.728464272034214e-05	0.0	1.9321160680085536e-05	3.864232136017107e-05	0.0	0.0	9.670667357281259e-06	0.0001742166011773558	6.782609234890673e-05	5.8222942634099086e-05	0.0009237600417578433	6.8254447118502e-05	7.828023796800941e-05	0.0012381351522783406	0.0001283917520743416	0.0014302923199659271	0.003828940532154753	0.0004029986728246208	0.0006813030215178882	0.0	3.1170586437179106e-05	0.0003369734539684258	2.1385886726229213e-05	5.440497496500672e-05	0.000688107122741108	0.00122557488824289	3.4868350474808143e-05	0.0	0.0
Par-ARag_001-Ex1-6G-lcwgs-2-T.clmp.fp2_repr.R2	0.0	0.0	0.0	0.0	0.0	0.0	0.0005313319187023522	0.0	0.0	0.00018355102646081258	0.0	0.0	0.0002994779905413258	1.9322461743457992e-05	0.0	2.9076653424512548e-05	0.000592415680796331	0.0	9.760983766605507e-06	0.0	0.00011800983493964387	0.0004052342827412498	0.0002683820854361567	0.0001500554154649312	1.0074891707507759e-05	0.0007109247811113379	0.0	0.0	0.00016804641526012694	0.0	0.0	2.219550623122191e-05	1.1360091498720968e-05	1.1665555522503149e-05	0.0	0.00013627320051238723	0.0	0.0
Par-ARag_002-Ex1-6H-lcwgs-2-T.clmp.fp2_repr.R1	0.0	0.001025672584797481	7.326232748553435e-05	0.0016484023684245229	0.0	0.0	0.0	0.0	0.0	0.00013919842222251527	0.0	7.326232748553435e-06	3.663116374276718e-05	0.0	7.330250816260079e-06	0.0	0.0001395838593746981	8.833371476322111e-05	6.644498159880062e-05	0.0006821234860009725	5.221290603086663e-05	8.269317539237535e-05	0.0008121219600738075	6.908289463776269e-05	0.001010733916443871	0.002713522254432152	0.00024056027450172548	0.00042480550443366237	0.0	0.0	0.00040144856606063055	8.959000834889288e-06	3.6873669609523514e-05	0.0005611628511714322	0.0010137784299642982	1.0211792578069155e-05	1.0626114015228072e-05	0.0
Par-ARag_002-Ex1-6H-lcwgs-2-T.clmp.fp2_repr.R2	0.0	0.0	3.663116374276718e-05	0.0	0.0	0.0	0.0004395739649132061	0.0	0.0	0.0001611771204681756	0.0	0.0	0.00019780828421094279	0.0	2.2002863452649726e-05	1.4692113897674569e-05	0.0003459538270884497	0.0	0.0	0.0	0.00016492573806329354	0.00041597875755313427	0.00023694556076377183	6.963312549908575e-05	7.844260060753795e-06	0.00046207275000844473	0.0	0.0	9.297552968581878e-05	0.0	0.0	9.183566265308087e-06	0.0	1.968247057519855e-05	0.0	0.00010676910806688657	0.0	0.0
Par-ARag_006-Ex1-7C-lcwgs-2-T.clmp.fp2_repr.R1	0.0	0.0009907373137856145	0.0	0.001344572068709048	7.076695098468674e-05	0.0	0.0	0.0	0.0	7.076695098468674e-05	0.0	4.246017059081205e-05	1.4153390196937347e-05	0.0	2.832198471405841e-05	1.4173625207962515e-05	0.00019869494322788733	0.00011376408968250718	5.704693679342021e-05	0.0009164421025530216	2.8803622804461854e-05	8.705643476912126e-05	0.0009810213369212358	7.399184994571219e-05	0.0010035649021898686	0.0027025931381160226	0.0002467299035409442	0.0006277974260933327	0.0	4.909494290994564e-05	0.00040250215464434654	3.446180821796956e-05	5.324410095294517e-05	0.00047650351980321135	0.000949348101645562	9.859426272097686e-05	2.0548568699721504e-05	0.0
Par-ARag_006-Ex1-7C-lcwgs-2-T.clmp.fp2_repr.R2	0.0	0.0	7.076695098468674e-05	0.0	0.0	0.0	0.0009199703628009276	7.076695098468674e-05	0.0	0.00025476102354487227	0.0	1.4153390196937347e-05	0.00025476102354487227	1.415420153318311e-05	7.08513455166473e-05	2.8390459669932517e-05	0.0005263777118588489	0.0	1.4319498072953547e-05	0.0	0.00010140597941806295	0.00045292846009583384	0.0002804124660756261	7.464393350837833e-05	4.537165968169966e-05	0.0006445369508430083	0.0	0.0	0.0001462915577742747	0.0	0.0	1.7699356256713587e-05	0.0	0.0	0.0	0.00014489966629606854	0.0	0.0
Par-ARag_007-Ex1-7D-lcwgs-2-T.clmp.fp2_repr.R1	0.0	0.001209300884263481	0.00011337195789970134	0.001209300884263481	7.558130526646756e-05	0.0	0.0	0.0	0.0	0.00012093008842634808	0.0	7.558130526646755e-06	2.267439157994027e-05	0.0	0.0	7.569415323221605e-06	0.00013644987888936167	8.357415352298486e-05	5.336424190224311e-05	0.0008043956468252649	3.857077981091215e-05	8.561146079069033e-05	0.0009048920668348559	3.9847886272857444e-05	0.0011402123123845332	0.002153650820372452	0.0003015304176347049	0.0005305745283491961	0.0	1.799187954508612e-05	0.0003055842465209233	9.557071774373591e-06	5.9324149625392706e-05	0.0004719347580975284	0.0008435480056229416	0.0	1.1667663863004825e-05	0.0
Par-ARag_007-Ex1-7D-lcwgs-2-T.clmp.fp2_repr.R2	0.0	0.0	3.779065263323378e-05	0.0	0.0	3.779065263323378e-05	0.00045348783159880536	0.0	0.0	0.00014360448000628838	0.0	0.0	0.0001889532631661689	2.2675512434457377e-05	2.269893688772455e-05	2.2736844594349303e-05	0.00036458721814939475	0.0	0.0	0.0	0.00016278861549445296	0.00036791876729364985	0.0002138765480800421	8.832014994513311e-05	1.6307024748274575e-05	0.000431399298378818	0.0	8.65361891314181e-06	0.00013318812867571487	0.0	0.0	0.0	2.0328671934977523e-05	0.0	0.0	0.00010469451362360625	0.0	0.0
Par-ARag_008-Ex1-7E-lcwgs-2-T.clmp.fp2_repr.R1	0.0	0.0013151247860021212	7.736028152953655e-05	0.0014698453490611945	0.0	0.0	0.0	0.0	0.0	4.641616891772192e-05	0.0	1.5472056305907308e-05	0.0	0.0	4.644707727121563e-05	1.5500631650739767e-05	9.318445770217688e-05	0.00010903645883227249	4.694542547343288e-05	0.0005198972556987041	6.360837595094523e-05	6.43692943660936e-05	0.0006366613089168825	8.2983227098206e-05	0.0008959425298509457	0.0026390485350348356	0.0001763908284530401	0.00021704670338614562	0.0	1.9140001454640112e-05	0.0002569886074973461	0.00010237176963321627	2.126758190996497e-05	0.0006424356196435546	0.0009724092759509988	7.284741356472262e-05	2.5546875578796396e-05	0.0
Par-ARag_008-Ex1-7E-lcwgs-2-T.clmp.fp2_repr.R2	0.0	0.0	0.0	0.0	0.0	7.736028152953655e-05	0.00046416168917721924	0.0001547205630590731	0.0	0.00021660878828270232	0.0	4.641616891772192e-05	0.00012377645044725846	1.5472884620710858e-05	6.196117017387544e-05	3.103796703798939e-05	0.0004512480197603064	0.0	0.0	0.0	4.792617834896552e-05	0.00017800167871765	0.0001971535301900379	0.00016715906154228305	1.7039873986723895e-05	0.0003132351236808886	0.0	0.0	0.00011294213315689263	0.0	0.0	0.0	0.0	2.2873413042603103e-05	0.0	2.5330146800865785e-05	0.0	0.0
Par-ARag_009-Ex1-7F-lcwgs-2-T.clmp.fp2_repr.R1	0.0	0.0013623699788151468	7.568722104528594e-05	0.0014380571998604329	0.0	0.0	0.0	0.0	0.0	0.00010596210946340031	0.0	4.541233262717156e-05	0.0	0.0	0.0	1.5172989529575114e-05	0.00013687615460739584	0.00019837633547330536	1.533141537327014e-05	0.0008486376126064964	6.222970914767391e-05	7.859576406557653e-05	0.0012250092154102341	4.838210249264592e-05	0.0014732268037575141	0.0032267953082396215	0.00040634067534497476	0.0005180349552719986	0.0	1.8031991999565788e-05	0.0005546312728103666	0.0	5.8665512129387964e-05	0.0007868985824929996	0.001106598416687337	2.165076706502635e-05	0.0	0.0
Par-ARag_009-Ex1-7F-lcwgs-2-T.clmp.fp2_repr.R2	0.0	0.0	0.0	0.0	0.0	0.0	0.0005298105473170015	0.0	0.0	0.00024219910734491498	0.0	0.0	0.00028761143997208655	4.541563251486794e-05	4.548371016081827e-05	1.5199337795250938e-05	0.0006862387027953553	0.0	0.0	0.0	0.0002035878123565587	0.0004753353253052366	0.00028902082154168523	0.00014665270098426775	0.0	0.0007918011184275032	0.0	0.0	0.00019750993834098833	0.0	0.0	1.9605724950108332e-05	2.0291330752140787e-05	0.0	0.0	0.0001373150737851106	0.0	0.0
Par-ARag_010-Ex1-7G-lcwgs-2-T.clmp.fp2_repr.R1	0.0	0.0009087483061198853	0.0	0.001496761915962164	0.0	0.0	0.0	0.0	0.0	0.00010691156542586887	0.0	5.345578271293443e-05	3.207346962776065e-05	0.0	2.139512702447378e-05	0.0	0.0001930638797967123	6.450484415253375e-05	9.707706354826374e-05	0.0007477752872405369	9.81587705025042e-05	0.0001319405541833127	0.0009102533490385338	4.4899868802583354e-05	0.0013072853877891587	0.003042942839240869	0.0004215162995084066	0.0005841195304060442	0.0	1.2431570420619698e-05	0.0003312740826702118	3.926218501912069e-05	6.735794781348693e-05	0.00048664100909879643	0.0009063275908129456	7.460677751841147e-05	1.5519320700709747e-05	0.0
Par-ARag_010-Ex1-7G-lcwgs-2-T.clmp.fp2_repr.R2	0.0	0.0	0.0	0.0	0.0	0.0	0.0010691156542586885	0.0	0.0	0.0001389850350536295	0.0	2.138231308517377e-05	0.00020313197430915083	0.0	3.2115262103894375e-05	1.0725407578894757e-05	0.0004300470890811367	0.0	2.1659376842400743e-05	0.0	0.00010969533437222128	0.00040960068582653216	0.0003356423663458112	0.00013588579704663543	4.591455187110408e-05	0.0006641341793392983	0.0	1.2077172163953893e-05	0.00013583473407757595	0.0	0.0	4.035739432214509e-05	0.0	0.0	0.0	0.00017261059082094538	0.0	0.0
Par-ARag_011-Ex1-7H-lcwgs-2-T.clmp.fp2_repr.R1	0.0	0.0009264110050216109	0.00013896165075324163	0.002316027512554027	9.264110050216109e-05	0.0	0.0	0.0	0.0	0.00010190521055237719	9.264110050216108e-06	3.7056440200864433e-05	3.7056440200864433e-05	0.0	2.780796744613944e-05	2.7834425989189112e-05	0.00014865560055794163	0.00010241470600694836	5.603232841220071e-05	0.0007877914089658728	5.6597622597996894e-05	7.60234129304802e-05	0.0010928609719790447	1.9367683857422858e-05	0.0012535976047667267	0.0029154007233168694	0.0003721257684522837	0.0006234867032261553	0.0	1.0605069032106104e-05	0.0003034939853453594	2.2206036488959156e-05	6.839496175353739e-05	0.0006218929553256742	0.0009326354958889548	5.012108627931504e-05	0.0	0.0
Par-ARag_011-Ex1-7H-lcwgs-2-T.clmp.fp2_repr.R2	0.0	0.0	0.0	0.0	0.0	0.00013896165075324163	0.0008800904547705303	0.00013896165075324163	0.0	0.00025939508140605105	0.0	2.7792330150648323e-05	0.00020381042110475438	4.632357573534044e-05	6.493111967686565e-05	2.788039052248874e-05	0.0006613512038501446	0.0	2.8139310598146066e-05	0.0	0.00015189416773862813	0.00046919113841569475	0.0003771314818627317	0.0001466686704866359	0.0	0.0006422597266221474	0.0	0.0	9.518858709993691e-05	0.0	0.0	1.142985549119404e-05	0.0	0.0	0.0	0.00018464646203530255	0.0	0.0
Par-ARag_012-Ex1-8A-lcwgs-2-T.clmp.fp2_repr.R1	0.0	0.000901965382568617	0.00012885219750980245	0.0015462263701176292	0.0	0.0	0.0	0.0	0.0	0.00010308175800784196	0.0	1.2885219750980245e-05	2.577043950196049e-05	0.0	0.0	0.0	9.04908352174818e-05	0.0001166673277815241	7.812318933233059e-05	0.0006425186310734074	0.0001060129624699536	0.00013439541550358633	0.0006837443206487366	5.5824684810340514e-05	0.0008140372003575479	0.0021680515339990033	0.00021089851202061262	0.00041956750981088695	0.0	1.6672407532326962e-05	0.0003124645222573687	0.0	3.799305486956984e-05	0.0006191042799278004	0.0008213448574334868	4.455506973202576e-05	0.0	0.0
Par-ARag_012-Ex1-8A-lcwgs-2-T.clmp.fp2_repr.R2	0.0	0.0	6.442609875490123e-05	0.0	0.0	0.0	0.0004509826912843085	0.0	0.0	0.00019327829626470365	0.0	1.2885219750980245e-05	0.0001803930765137234	3.8657402634888564e-05	1.2899083120272727e-05	1.2920547676174899e-05	0.0004014727574832579	0.0	0.0	0.0	5.324936263841007e-05	0.00028378328524558	0.00022019059698074654	2.8113057221878928e-05	0.0	0.0003399483840110155	0.0	0.0	9.768510717277322e-05	0.0	0.0	0.0	0.0	2.066172479533012e-05	0.0	4.663726653384373e-05	0.0	0.0
Par-ARag_013-Ex1-8B-lcwgs-2-T.clmp.fp2_repr.R1	0.0	0.0011365013941083768	0.0	0.0018941689901806281	0.0	0.0	0.0	0.0	0.0	0.00020204469228593365	0.0	7.576675960722512e-05	5.051117307148341e-05	0.0	0.0	0.0	0.00015200436759216213	7.617998995439867e-05	5.0962282559866026e-05	0.0008194511060413264	2.5790165539335544e-05	0.00010414852204134226	0.0008693684354450468	0.0	0.0008952646198747119	0.0026769298870666755	0.00028123438270318555	0.0004022842851092173	0.0	0.0	0.0005581566689954203	0.0	6.598316901324811e-05	0.0007174527557360348	0.0009937126381792912	7.389055183680829e-05	7.718431614695894e-05	0.0
Par-ARag_013-Ex1-8B-lcwgs-2-T.clmp.fp2_repr.R2	0.0	0.0	0.0	0.0	0.0	0.0	0.0011365013941083768	0.0	0.0	0.00017678910575019195	0.0	2.5255586535741706e-05	0.00020204469228593365	0.0	0.0	0.0	0.0006348245446530506	0.0	2.5581872480505335e-05	0.0	0.00012969421734986987	0.00041946077792671553	0.0001593130421621966	0.0001077684046207859	0.0	0.0005021892662066241	0.0	0.0	0.0002091151501536399	0.0	0.0	0.0	0.0	0.0	0.0	0.0002720922377137722	0.0	0.0
Par-ARag_014-Ex1-8C-lcwgs-2-T.clmp.fp2_repr.R1	0.0	0.0014376632977423389	7.566648935485994e-05	0.001588996276452059	0.0	0.0	0.0	0.0	0.0	0.00010593308509680393	0.0	3.026659574194398e-05	3.026659574194398e-05	1.5133611630362142e-05	1.5140150862519253e-05	0.0	0.00018202690600373277	4.558363000679196e-05	4.570055987755906e-05	0.000718700149734295	6.151281542618385e-05	0.00010845576956805475	0.0008757101461966813	3.162681371869973e-05	0.001009280090123906	0.0025045423290422173	0.00016549425023326415	0.0004221893965275429	1.7269272162347736e-05	0.0	0.0003641548539383985	0.0	3.883406920658307e-05	0.0004833889432030077	0.000859177641263997	0.0	0.0	0.0
Par-ARag_014-Ex1-8C-lcwgs-2-T.clmp.fp2_repr.R2	0.0	0.0	7.566648935485994e-05	0.0	0.0	0.0	0.00022699946806457982	0.0	0.0	0.00019673287232263584	0.0	0.0	0.00022699946806457982	0.0	1.515019065757433e-05	1.5173643381446428e-05	0.00033446041425354745	0.0	0.0	0.0	0.00015465767837482	0.0004211793302031909	0.0002048928087510034	7.976938352146411e-05	0.0	0.0005096853367145749	0.0	0.0	7.016778169119088e-05	0.0	0.0	0.0	0.0	0.0	0.0	6.900257241589966e-05	0.0	0.0
Par-ARag_017-Ex1-8E-lcwgs-2-T.clmp.fp2_repr.R1	0.0	0.0007240863422834119	0.0	0.002060861128037403	0.0	0.0	0.0	0.0	0.0	0.0001670968482192489	0.0	2.227957976256652e-05	3.341936964384978e-05	0.0	0.0	0.0	0.0002012046569935665	0.00012327790571907497	5.62560939413762e-05	0.0008940734586597975	4.5636937624574575e-05	8.070263867653207e-05	0.0011437116922229822	3.550731190238235e-05	0.0009256824834546277	0.003459848881625244	0.00031140804768080727	0.0005979010112541508	1.3006512620999587e-05	2.6659301590280663e-05	0.0003833871239160585	4.22987510024804e-05	0.00010186598104070362	0.0006475410156997072	0.0009851925558850478	9.767615406003958e-05	0.0	0.0
Par-ARag_017-Ex1-8E-lcwgs-2-T.clmp.fp2_repr.R2	0.0	0.0	5.56989494064163e-05	0.0	0.0	0.0	0.0007240863422834119	0.0	0.0	0.00026735495715079826	0.0	1.113978988128326e-05	0.000256215167269515	2.2281101270167598e-05	2.231047253580831e-05	1.1178020256361188e-05	0.0004819097793167012	0.0	2.260202923278655e-05	0.0	0.0001263336671987611	0.0003951000160828948	0.00044751629047622913	0.00021521966514689698	1.2158752453636245e-05	0.0006190743748525055	0.0	1.2917399944403511e-05	0.00025169723419182403	0.0	0.0	1.4555608537970634e-05	0.0	0.0	0.0	0.0001549735133046483	0.0	0.0
Par-ARag_019-Ex1-8F-lcwgs-2-T.clmp.fp2_repr.R1	0.0	0.0009128881920103294	7.303105536082637e-05	0.001825776384020659	0.0	0.0	0.0	0.0	0.0	0.00013145589964948744	0.0	1.4606211072165272e-05	3.6515527680413184e-05	0.0	1.4613687179412239e-05	1.4626214652278569e-05	0.0001757328462409353	0.0001393692748110501	3.677056754341427e-05	0.0007307052841210951	4.4509715469418374e-05	7.46691261681238e-05	0.0010085601922646896	6.837689435336769e-05	0.001036735135214836	0.0028218013773655616	0.0002758996239330469	0.0004247038872345471	8.15961978782867e-06	8.326661595729755e-06	0.00032373526429491393	0.0	5.3933035125597004e-05	0.00048223072514517925	0.0009405660172730149	4.9810198239607976e-05	2.073602521500666e-05	0.0
Par-ARag_019-Ex1-8F-lcwgs-2-T.clmp.fp2_repr.R2	0.0	0.0	3.6515527680413184e-05	0.0	0.0	3.6515527680413184e-05	0.0006937950259278505	3.6515527680413184e-05	0.0	0.0002775180103711402	0.0	2.1909316608247906e-05	0.0002629117992989749	7.303527976492573e-06	2.924766808342371e-05	1.464939493237876e-05	0.00046243066476096297	0.0	7.385230926570273e-06	0.0	0.0001045072327216326	0.0003460597040256674	0.00030366032919968116	0.00013807317049597265	5.4333407485498025e-05	0.0005113098996597586	0.0	8.129622605033504e-06	0.00013279434322656722	0.0	0.0	1.7993252170570993e-05	0.0	1.9287357224132687e-05	0.0	0.00010477041710884147	0.0	0.0
Par-ARag_020-Ex1-8G-lcwgs-2-T.clmp.fp2_repr.R1	0.0	0.0010242445513604017	0.0	0.001843640192448723	0.0	0.0	0.0	0.0	0.0	6.828297009069344e-05	1.365659401813869e-05	1.365659401813869e-05	1.365659401813869e-05	0.0	0.0	0.0	8.216246120391285e-05	0.0001234710002975651	5.5018286703042926e-05	0.0008559824683745542	5.551361964205096e-05	0.00011177244694616019	0.001169018694721613	4.265264171980001e-05	0.0011068832324440414	0.0029688795928676454	0.00028046826390882716	0.000450047097428746	0.0	0.0	0.0003346385831593611	1.633484871724883e-05	5.037549051034905e-05	0.000501940693110864	0.0007692300811895518	1.8539523111554904e-05	1.9260493357537354e-05	0.0
Par-ARag_020-Ex1-8G-lcwgs-2-T.clmp.fp2_repr.R2	0.0	0.0	6.828297009069344e-05	0.0	0.0	0.0	0.0004096978205441606	0.0	0.0	0.00023216209830835772	0.0	5.462637607255476e-05	0.00015022253419952558	2.731466148598587e-05	0.0	4.109607618774167e-05	0.0005765786345492233	0.0	0.0	0.0	0.000223470397504953	0.00045047251751634227	0.0002557525497463574	0.00012922105975914056	0.0	0.0006039827803036206	0.0	0.0	0.00018650392334315744	0.0	0.0	3.368468140270424e-05	1.7406091958124423e-05	0.0	0.0	7.836368783433133e-05	0.0	0.0
Par-ARag_021-Ex1-8H-lcwgs-2-T.clmp.fp2_repr.R1	0.0	0.0008782325667176205	4.8790698150978915e-05	0.0020980000204920933	0.0	0.0	0.0	0.0	0.0	0.00015613023408313253	0.0	0.0	3.903255852078313e-05	0.0	9.76472481443117e-06	1.9551322563878328e-05	0.000166454290574751	5.888771124371534e-05	2.9543962351537897e-05	0.0008609026693128373	4.980209642920961e-05	0.00011047133700647182	0.0011258460580985251	3.0777532811414774e-05	0.0011016040602215762	0.0027410832824387964	0.00031072718089229274	0.0005347721979573885	0.0	2.276673420418368e-05	0.00034992853876024285	0.0	8.630768096439709e-05	0.0006742956218875849	0.000987095243240668	0.0	1.4181375826029687e-05	0.0
Par-ARag_021-Ex1-8H-lcwgs-2-T.clmp.fp2_repr.R2	0.0	0.0	0.0	0.0	0.0	0.0	0.000536697679660768	4.8790698150978915e-05	0.0	0.000224437211494503	0.0	9.758139630195783e-06	0.00019516279260391566	9.758720514635885e-06	1.9541482561474085e-05	1.9579152001473918e-05	0.00038272609912311565	0.0	0.0	0.0	0.00012021359551651373	0.0004550584755197249	0.00017380447569017248	8.280310023087575e-05	0.0	0.0005755851489225312	0.0	0.0	7.918336163007321e-05	0.0	0.0	0.0	0.0	0.0	1.3780968592621338e-05	0.00015797522862246892	0.0	0.0
Par-ARag_022-Ex1-9A-lcwgs-2-T.clmp.fp2_repr.R1	0.0	0.0011034661596239662	3.448331748824894e-05	0.0011724327946004641	0.0	0.0	0.0	0.0	0.0	5.517330798119831e-05	6.896663497649789e-06	3.448331748824894e-05	4.827664448354852e-05	0.0	6.899980300556242e-06	1.3810765989276216e-05	0.000145188123362615	0.0001108172146231626	8.332775500306785e-05	0.0006900166921310706	7.006194316519122e-05	0.00011990794173574363	0.0008463209822387095	3.590708367047092e-05	0.0009149473643851946	0.002625221406540684	0.00028354406502351884	0.0004856452742199835	0.0	7.888106266043423e-06	0.0002663047719313479	3.309945260125288e-05	2.5514747268773874e-05	0.0004995732592632715	0.0009511690637787845	7.512684463402286e-05	9.764125100704745e-06	0.0
Par-ARag_022-Ex1-9A-lcwgs-2-T.clmp.fp2_repr.R2	0.0	0.0	3.448331748824894e-05	0.0	0.0	0.0	0.0007241496672532278	3.448331748824894e-05	0.0	0.0001931065779341941	0.0	1.3793326995299578e-05	0.00028276320340364137	2.0690977968039748e-05	1.3808368838101709e-05	1.3830552769851718e-05	0.0005127577239848731	0.0	2.0912296130381754e-05	0.0	9.160141827180537e-05	0.00036927398958292275	0.0002938926736928998	0.00010867998020575294	2.2001661272103784e-05	0.0005205018232435294	0.0	0.0	7.852856936102639e-05	0.0	0.0	2.5513812029711343e-05	0.0	9.097879720935277e-06	0.0	0.00015774732093288215	0.0	0.0
Par-ARag_025-Ex1-9D-lcwgs-2-T.clmp.fp2_repr.R1	0.0	0.0009066682661224798	0.00013948742555730458	0.001952823957802264	0.0	0.0	0.0	0.0	0.0	8.369245533438274e-05	0.0	4.184622766719137e-05	2.7897485111460914e-05	0.0	2.791692036168045e-05	1.3975539172807402e-05	0.00021002834962663262	0.00014041535986771748	4.229767751912278e-05	0.0007232208342054525	7.14610453693314e-05	0.000101030890339051	0.0010366299772656825	4.438005719997639e-05	0.0010656831561872738	0.0028512895452513375	0.0004345508932038413	0.0004590750429393467	0.0	1.6558446181903805e-05	0.00035689648931120505	1.7481851216159944e-05	0.00010818280297315191	0.0007457509441673048	0.0008314162421610016	0.00010049572531382805	2.0944219887500218e-05	0.0
Par-ARag_025-Ex1-9D-lcwgs-2-T.clmp.fp2_repr.R2	0.0	0.0	0.0	0.0	0.0	0.0	0.0006276934150078705	6.974371277865229e-05	0.0	0.0002231798808916873	0.0	4.184622766719137e-05	0.0002231798808916873	2.7899318056968734e-05	2.7937073418349573e-05	4.1993398637734147e-05	0.0004912728880529452	0.0	1.4158576338158905e-05	0.0	0.00010065843558672578	0.0003489167298593633	0.0002061416063260736	7.467821530416511e-05	0.0	0.0005862761697096715	0.0	1.6053923201563265e-05	8.221846465567975e-05	0.0	0.0	3.599028622174875e-05	0.0	0.0	0.0	0.00010580351314217177	0.0	0.0
Par-ARag_027-Ex1-9F-lcwgs-2-T.clmp.fp2_repr.R1	0.0	0.0011448019593622242	0.0	0.0012794845428166033	0.0	0.0	0.0	0.0	0.0	0.00010774606676350344	0.0	1.346825834543793e-05	1.346825834543793e-05	0.0	1.347802441813684e-05	2.698998509613023e-05	4.05593787276604e-05	0.00012198176453941311	6.799627489207632e-05	0.0008195874852269355	0.00010990185489603147	9.6846524959909e-05	0.0010882226269108247	8.450650664890152e-05	0.0010962004127692828	0.003198091977989636	0.00048181984230474584	0.0004744193107636253	0.0	4.606664553743191e-05	0.00037611441525883647	1.60298591392158e-05	6.572459226927628e-05	0.0005234235411594947	0.0012003204333678643	7.183483590858227e-05	1.858270455655349e-05	0.0
Par-ARag_027-Ex1-9F-lcwgs-2-T.clmp.fp2_repr.R2	0.0	0.0	6.734129172718965e-05	0.0	0.0	6.734129172718965e-05	0.0010101193759078449	0.0	0.0	0.0001750873584906931	0.0	0.0	0.0001346825834543793	2.6938171105605845e-05	2.697397213993287e-05	1.3515045827493144e-05	0.0005691546630367247	0.0	1.3653756039056297e-05	0.0	0.00015201277349516338	0.00033439997636906837	0.0003516450871453888	0.00011371253811502136	2.8763887744325854e-05	0.0005099596578199836	0.0	0.0	0.0001225688093635216	0.0	0.0	0.0	0.0	0.0	0.0	0.0002266208489670244	0.0	0.0
Par-ARag_028-Ex1-9G-lcwgs-2-T.clmp.fp2_repr.R1	0.0	0.0013019138133055592	0.00010014721640811994	0.0019027971117542787	0.0	0.0	0.0	0.0	0.0	7.010305148568395e-05	0.0	1.0014721640811993e-05	4.0058886563247974e-05	0.0	0.0	0.0	0.00020100023748178059	7.052468958557879e-05	7.077122947318402e-05	0.0009447929059665907	9.2018301826778e-05	0.0001443038032091929	0.0011864640685601384	4.208701954247622e-05	0.001139478566088692	0.002849455494959054	0.00029590574941583273	0.0005911561698523292	1.1365874665999566e-05	2.3220303089972175e-05	0.00032096141972410154	4.8795626350418955e-05	3.7647583232218204e-05	0.0004917695252237001	0.001097378563352133	5.5487429322886906e-05	1.4414019652074392e-05	0.0
Par-ARag_028-Ex1-9G-lcwgs-2-T.clmp.fp2_repr.R2	0.0	0.0	0.0	0.0	0.0	0.0	0.0006509569066527796	0.0	0.0	0.0002804122059427358	0.0	1.0014721640811993e-05	0.00024035331937948784	0.0	1.0029182916450287e-05	2.009985810505171e-05	0.0005138606867254369	0.0	0.0	0.0	0.00011317780644948874	0.0004569111023374949	0.00024141747747076357	0.00015933793600436119	0.0	0.0005570072937374687	0.0	1.1314531297803895e-05	0.0001734180831359354	0.0	0.0	1.2567087827481028e-05	0.0	0.0	1.4043164756374965e-05	0.0001170575877972147	0.0	0.0
Par-ARag_029-Ex1-9H-lcwgs-2-T.clmp.fp2_repr.R1	0.0	0.0007735482594197228	0.0	0.0015470965188394456	0.0	0.0	0.0	0.0	0.0	0.00015470965188394456	0.0	1.2892470990328713e-05	1.2892470990328713e-05	0.0	0.0	0.0	0.00014238709900395047	0.00011685734756153772	0.00010434079896097432	0.0008401487115728779	9.271415114631776e-05	0.0001473730157060782	0.0009372161610294926	1.379696659892356e-05	0.0010670611423226496	0.0028908045796068906	0.0002777573520543738	0.0006435507237700698	0.0	1.5773472741388553e-05	0.00048746048523441574	0.0	8.683287172978722e-05	0.0006128062814806697	0.0007876360641300784	5.8676584834997534e-05	0.0	0.0
Par-ARag_029-Ex1-9H-lcwgs-2-T.clmp.fp2_repr.R2	0.0	0.0	0.0	0.0	0.0	0.0	0.0003223117747582178	0.0	0.0	0.00018049459386460198	0.0	1.2892470990328713e-05	0.00021917200683558815	1.2893282174508768e-05	2.5818718002540045e-05	1.2936737799750683e-05	0.0004151494252515676	0.0	1.3091760674236149e-05	0.0	0.00015982713097513728	0.00035064234305687026	0.00036951991698666635	5.565873293172775e-05	2.8349006317717802e-05	0.000564135314364404	0.0	0.0	0.0001246857335051295	0.0	0.0	5.173586770103911e-05	0.0	0.0	0.0	0.00010284500127013575	0.0	0.0
Par-ARag_030-Ex1-10A-lcwgs-2-T.clmp.fp2_repr.R1	0.0	0.0010153531550576263	0.00010153531550576265	0.001726100363597965	0.0	0.0	0.0	0.0	0.0	4.061412620230506e-05	0.0	2.030706310115253e-05	2.030706310115253e-05	0.0	0.0	2.0335937485701293e-05	0.00014256096517846598	0.00010206731216756676	0.00010243754229390028	0.0007416354338577588	2.0766521377160938e-05	0.00012592753499998424	0.0008928527772929682	4.315424752154368e-05	0.0008557785017029992	0.0024811211269922732	0.0003423249937639797	0.00046712480710664993	2.3945201884391608e-05	2.4621627144851493e-05	0.0005329467692766846	0.0	8.14958287718307e-05	0.0006773509369315721	0.0008824541638599722	9.223937840497822e-05	3.2229183009548216e-05	0.0
Par-ARag_030-Ex1-10A-lcwgs-2-T.clmp.fp2_repr.R2	0.0	0.0	0.0	0.0	0.0	0.0002030706310115253	0.0007107472085403385	0.0	0.0	0.0002842988834161354	0.0	4.061412620230506e-05	0.00024368475721383035	4.0616493383167064e-05	4.066005086978964e-05	0.0	0.0005510543711061376	0.0	0.0	0.0	8.351119478004926e-05	0.0002534699508204928	0.0001499120016550285	4.351485118356044e-05	0.0	0.00033876646997885423	0.0	0.0	9.722987232259316e-05	0.0	0.0	0.0	0.0	0.0	0.0	3.225001241625478e-05	0.0	0.0
Par-CPas_003-Ex1-5C-lcwgs-1-T.clmp.fp2_repr.R1	0.0	0.0013749767972665462	0.0	0.0027499535945330923	0.0	0.0	0.0	0.0	0.0	0.00013749767972665462	0.0	0.0	0.0	0.0	0.0	0.0	0.0	0.00013879269783858132	0.0	0.001119770670966586	0.0	0.0	0.0011404345340683434	0.00014358037773125774	0.0010129469085583885	0.0037955262424144223	0.00029488086812927574	0.000447193191930846	0.0	0.0	0.000619552775828768	0.0	0.00015992681748831737	0.000814877711301865	0.00149886585816732	0.0	0.0	0.0
Par-CPas_003-Ex1-5C-lcwgs-1-T.clmp.fp2_repr.R2	0.0	0.0	0.0	0.0	0.0	0.0	0.0	0.0	0.0	0.00027499535945330923	0.0	0.0	0.00013749767972665462	0.0	0.0	0.0	0.00041605356550971414	0.0	0.0	0.0	0.0001418009285124799	0.0002857302049685625	0.0005760824950132859	0.0002904528159400505	0.0	0.0005923574047637383	0.0	0.0	0.0003078888829021606	0.0	0.0	0.0	0.0	0.0	0.0	0.00018064464849261073	0.0	0.0
Par-CPas_004-Ex1-7D7E-lcwgs-1and2-T.clmp.fp2_repr.R1	0.0	0.0	0.0	0.0	0.0	0.0	0.0	0.0	0.0	0.0	0.0	0.0	0.0	0.0	0.0	0.0	0.0	0.0007417187105961935	0.0	0.0005042800771548518	0.0	0.0	0.0	0.0	0.0010852136921411539	0.0019355944763663915	0.0	0.0002885453275855104	0.0	0.0	0.0	0.0	0.0	0.0	0.0007062620726673046	0.0	0.0	0.0
Par-CPas_004-Ex1-7D7E-lcwgs-1and2-T.clmp.fp2_repr.R2	0.0	0.0	0.0	0.0	0.0	0.0	0.0	0.0	0.0	0.0	0.0	0.0	0.0	0.0	0.0	0.0	0.0	0.0	0.0	0.0	0.0	0.000260300073925221	0.0007934492827218485	0.0	0.00027413858802178854	0.0	0.0	0.0	0.0	0.0	0.0	0.0	0.0	0.0	0.0	0.0	0.0	0.0
Par-CPas_008-Ex1-6E6F-lcwgs-1and2-T.clmp.fp2_repr.R1	0.0	0.00190499776162763	0.0	0.0024764970901159193	0.0	0.0	0.0	0.0	0.0	7.619991046510521e-05	0.0	0.00015239982093021042	0.0	0.0	0.0	0.0	0.00011505807172643487	7.697349456201505e-05	0.0	0.0008931643414621644	0.0	0.00011792990560890354	0.0011485425984548538	3.993755364112673e-05	0.0013300021481549846	0.0030533692300990555	0.0005351935012688203	0.0005838084074248753	0.0	0.0	0.0003922513790904737	4.4351464064004485e-05	0.0	0.0004152417722149734	0.0013212470684830669	0.0001934843188215257	0.0	0.0
Par-CPas_008-Ex1-6E6F-lcwgs-1and2-T.clmp.fp2_repr.R2	0.0	0.0	0.0	0.0	0.0	0.0	0.001333498433139341	0.0	0.0	0.00026669968662786824	0.0	0.0	0.0002285997313953156	3.810362815126531e-05	0.00011454093330243273	7.660264217833401e-05	0.0006152648753742541	0.0	7.76630564994853e-05	0.0	0.00011803797281585486	0.0005157678156122124	0.0006005476995019458	0.00012130887422938539	4.0872229731359096e-05	0.0005790852603774146	0.0	0.0	8.655505680608378e-05	0.0	0.0	4.611440060502094e-05	0.0	4.856896404342454e-05	0.0	0.00015464451607349327	0.0	0.0
Par-CPas_010-Ex1-5A-lcwgs-1-T.clmp.fp2_repr.R1	0.0	0.001388475120596372	0.0	0.0014128343332384136	2.4359212642041614e-05	0.0	0.0	0.0	0.0	6.33339528693082e-05	0.0	1.9487370113633292e-05	1.4615527585224968e-05	0.0	9.750035417003653e-06	9.758808129438488e-06	8.79271095985043e-05	0.0001516535817347252	4.901549678848014e-05	0.0008253935874582624	5.91254663582748e-05	0.00012854631471806357	0.000987859259343833	5.484816109323753e-05	0.0013379765294863218	0.003774346867919478	0.0002840048662205221	0.0005058271802096699	0.0	3.11807981161809e-05	0.0004304844519778057	5.310504395424831e-06	5.379546941012084e-05	0.000698904701668433	0.001183010568616529	2.266929985697372e-05	5.7786058905259295e-06	0.0
Par-CPas_010-Ex1-5A-lcwgs-1-T.clmp.fp2_repr.R2	0.0	0.0	2.4359212642041614e-05	0.0	0.0	2.4359212642041614e-05	0.000633339528693082	0.0	0.0	0.00019974554366474124	0.0	9.743685056816646e-06	0.00016077080343747464	2.9232955031286324e-05	2.4392733151109863e-05	3.910033835966554e-05	0.0005338575389892324	0.0	4.924819187725932e-06	0.0	0.0001290438431916791	0.00040404366903974985	0.0004714905466396192	0.00012108336922950718	1.523315485999842e-05	0.000577901004228292	0.0	0.0	9.995817539503207e-05	0.0	0.0	2.196886144563127e-05	5.5923704408549505e-06	0.0	0.0	0.00013166315036284868	0.0	0.0
Par-CPas_013-Ex1-2F3G-lcwgs-1and2-T.clmp.fp2_repr.R1	0.0	0.0	0.0	0.0	0.0	0.0	0.0	0.0	0.0	0.0	0.0	0.0	0.0	0.0	0.0	0.0	0.0	0.000488548424919878	0.0	0.0004923585946116275	0.0	0.0	0.0005016001043328217	0.0	0.001022829555682841	0.004656577415599534	0.0	0.0	0.0	0.0	0.0	0.0	0.0	0.0	0.0012323846025867752	0.0	0.0	0.0
Par-CPas_013-Ex1-2F3G-lcwgs-1and2-T.clmp.fp2_repr.R2	0.0	0.0	0.0	0.0	0.0	0.0	0.0	0.0	0.0	0.00048480147379648033	0.0	0.0	0.00048480147379648033	0.0	0.0	0.0	0.0004886200392850512	0.0	0.0	0.0	0.0	0.0	0.0	0.0	0.0	0.000525014306639856	0.0	0.0	0.0	0.0	0.0	0.0	0.0	0.0	0.0	0.0	0.0	0.0
Par-CPas_015-Ex1-7H-lcwgs-1-T.clmp.fp2_repr.R1	0.0	0.0	0.0	0.00178662886954036	0.0	0.0	0.0	0.0	0.0	0.00023821718260538132	0.0	0.0	0.0	0.0	0.0	0.0	0.00017944440423560572	0.0002997564179347862	6.010836335746083e-05	0.0008440736683381335	0.00012100253016290571	0.0001822303537455627	0.001037393773928708	0.0	0.0009247505793562379	0.0026049548722579747	0.00031222329210736985	0.0003774472737612495	0.0	0.0	0.00019381572775867617	0.0	0.0	0.0002013563362811901	0.0006140368831487811	0.0	0.0	0.0
Par-CPas_015-Ex1-7H-lcwgs-1-T.clmp.fp2_repr.R2	0.0	0.0	0.0	0.0	0.0	0.0	0.00029777147825672665	0.0	0.0	0.0	0.0	0.0	0.00023821718260538132	0.0	0.0	0.0	0.00023995258536913108	0.0	0.0	0.0	0.0	0.000306775191458397	0.0004322297684051154	6.215086750180858e-05	0.0	0.00031540985302531667	0.0	0.0	6.499550231124007e-05	0.0	0.0	6.799940976512324e-05	0.0	0.0	0.0	7.418892952793584e-05	0.0	0.0
Par-CPas_016-Ex1-6F6G-lcwgs-1and2-T.clmp.fp2_repr.R1	0.0	0.0013654719924625946	0.0	0.001024103994346946	0.0	0.0	0.0	0.0	0.0	6.827359962312973e-05	0.0	0.00013654719924625946	6.827359962312973e-05	0.0	0.00013670895074513212	0.0	0.00013730294453029692	6.887545664427755e-05	0.0	0.0006943248662730307	0.0	7.015116875354702e-05	0.0008466731390124405	0.0002130469981677958	0.0012873427743238053	0.003099326941512097	0.0004362506870948322	0.0007342661450439972	0.0	0.0	0.0003036585541753431	0.0	0.00023428073860907525	0.0004763352669898866	0.0010512441069681312	8.259452530448471e-05	0.0	0.0
Par-CPas_016-Ex1-6F6G-lcwgs-1and2-T.clmp.fp2_repr.R2	0.0	0.0	0.0	0.0	0.0	0.0	0.001024103994346946	0.0	0.0	0.00013654719924625946	0.0	6.827359962312973e-05	0.00034136799811564864	6.828054564349635e-05	6.841105741603226e-05	0.0	0.00041317049824919004	0.0	0.0	0.0	7.035297494589856e-05	0.00021255852444706445	0.00028554031008249975	0.0	0.0	0.0002932461023927416	0.0	0.0	7.603597109720666e-05	0.0	0.0	0.0	8.185543348181909e-05	0.0	0.0	0.0	0.0	0.0
Par-CPas_018-Ex1-3H4H-lcwgs-1and2-T.clmp.fp2_repr.R1	0.0	0.0026272923125426934	0.0	0.0	0.0	0.0	0.0	0.0	0.0	0.0	0.0	0.0	0.00017515282083617955	0.0	0.0	0.0	0.00017635906706053525	0.00017707514360794146	0.0	0.0012522562975074733	0.0	0.0	0.000913906364809487	0.00018440725974500164	0.00018630335029314832	0.0024490549473735767	0.00019085207818827937	0.00019345615219582406	0.0	0.0	0.0004057955723645099	0.0	0.0	0.0006485925541574783	0.0006647477614619133	0.0	0.00023392852547832532	0.0
Par-CPas_018-Ex1-3H4H-lcwgs-1and2-T.clmp.fp2_repr.R2	0.0	0.0	0.0	0.0	0.0	0.0	0.0	0.0	0.0	0.0	0.0	0.0	0.0003503056416723591	0.0	0.0	0.0	0.0003535449063901474	0.0	0.0	0.0	0.0003622630573190722	0.0007309153435576208	0.00018449946218406773	0.00018644993725959612	0.0	0.0011463748760482165	0.0	0.0	0.0	0.0	0.0	0.0	0.0	0.0	0.0	0.0002411876077807122	0.0	0.0
Par-CPas_020-Ex1-6A-lcwgs-1-T.clmp.fp2_repr.R1	0.0	0.001030195015916513	0.0005150975079582565	0.0005150975079582565	0.0	0.0	0.0	0.0	0.0	0.0	0.0	0.00010301950159165131	0.0	0.0	0.0	0.0	0.00020748738995387555	0.0	0.0	0.0010519162758797702	0.0001058448589564332	0.00010661628691722206	0.0016125997796113635	0.0	0.001535992135720265	0.003330694682990031	0.0003374099958835981	0.0010270595968448729	0.0	0.0	0.000720622906440327	0.0	0.0	0.00038428627790558853	0.0015770486848071075	0.00013513677869055166	0.0	0.0
Par-CPas_020-Ex1-6A-lcwgs-1-T.clmp.fp2_repr.R2	0.0	0.0	0.0	0.0	0.0	0.0	0.0005150975079582565	0.0	0.0	0.0	0.0	0.0	0.00010301950159165131	0.0	0.0	0.0	0.0007280707684786961	0.0	0.0	0.0	0.00010658640000170538	0.0004300982774563988	0.0001086016881046399	0.0	0.0	0.0005637512458902534	0.0	0.0	0.0001186118616606135	0.0	0.0	0.0	0.0	0.0	0.0	0.0	0.0	0.0
Par-CPas_023-Ex1-8H-lcwgs-1-T.clmp.fp2_repr.R1	0.0	0.0008674712173050098	0.0	0.0017349424346100196	0.0	0.0	0.0	0.0	0.0	0.00013879539476880157	0.0	0.0	3.469884869220039e-05	0.0	0.0	0.0	0.0001740523458949232	0.0	6.98683366130695e-05	0.0009103144226015667	0.0	7.045101329692425e-05	0.000990165184306872	7.103221168735599e-05	0.0010706351543052915	0.0039829086571928456	0.00043329824821129064	0.0006183720519112425	0.0	0.0	0.0006349569181731019	0.0	3.823607795724518e-05	0.0007755891084021508	0.00153719176349004	0.0	4.091373461797005e-05	0.0
Par-CPas_023-Ex1-8H-lcwgs-1-T.clmp.fp2_repr.R2	0.0	0.0	0.0	0.0	0.0	0.0	0.0006939769738440078	0.0	0.0	0.00020819309215320238	0.0	0.0	0.0003122896382298035	3.470158201042227e-05	0.0	3.48338235032864e-05	0.0006983447483601993	0.0	0.0	0.0	0.00017701201592966535	0.00039146966252468044	0.00042952466652778704	0.00025204915966810167	0.0	0.0006571921465538487	0.0	0.0	0.0001503913182099824	0.0	0.0	0.0	0.0	0.0	0.0	8.578624812128117e-05	0.0	0.0
Par-CPas_027-Ex1-2E-lcwgs-1-T.clmp.fp2_repr.R1	0.0	0.0	0.0	0.005687527252734753	0.0	0.0	0.0	0.0	0.0	0.0	0.0	0.0	0.0	0.0	0.0	0.0	0.0003820848075438825	0.0	0.0	0.0	0.0	0.0	0.0	0.0	0.00040960943740143773	0.00249273989505565	0.0	0.0	0.0	0.0	0.00045992659571532385	0.0	0.0	0.0	0.0	0.0	0.0	0.0
Par-CPas_027-Ex1-2E-lcwgs-1-T.clmp.fp2_repr.R2	0.0	0.0	0.0	0.0	0.0	0.0	0.0	0.0	0.0	0.0	0.0	0.0	0.0007583369670313004	0.0	0.0	0.0	0.0007660047109289722	0.0	0.0	0.0	0.0	0.0	0.0	0.0	0.0	0.000421017177500842	0.0	0.0	0.0	0.0	0.0	0.0	0.0	0.0	0.0	0.0	0.0	0.0
Par-CPas_028-Ex1-3C-lcwgs-1-T.clmp.fp2_repr.R1	0.0	0.0008560975548343073	0.0	0.0014100430314918004	0.0	0.0	0.0	0.0	0.0	9.06456234530443e-05	0.0	1.0071735939227147e-05	2.0143471878454294e-05	0.0	4.0430271073849224e-05	1.0174884904245684e-05	9.243947781966086e-05	8.317888054951295e-05	0.0	0.0004827699408124053	1.09322760802018e-05	2.2327394172058917e-05	0.0006512794098357359	2.3442280943312695e-05	0.0006507062874495025	0.0020480540507530134	0.0001793722662545546	0.00035794733905262474	0.0	1.4275574549048876e-05	0.00023766087041511333	1.5483874164412732e-05	3.234082573243077e-05	0.0004402533082072869	0.0008530203317396069	1.8711639968586897e-05	0.0	0.0
Par-CPas_028-Ex1-3C-lcwgs-1-T.clmp.fp2_repr.R2	0.0	0.0	0.0	0.0	0.0	5.035867969613573e-05	0.0004028694375690858	0.00010071735939227145	0.0	0.0002820086062983601	0.0	3.0215207817681437e-05	0.0001510760390884072	3.022014164381856e-05	3.033495247827461e-05	2.0368940583902162e-05	0.0003600135611965452	0.0	0.0	0.0	4.3927959025756935e-05	0.00031440312139418923	0.0001725966860745887	0.0001063547683096824	0.0	0.0004266500691424083	0.0	0.0	9.786823412430441e-05	0.0	0.0	0.0	0.0	0.0	0.0	3.948257298452323e-05	0.0	0.0
Par-CPas_033-Ex1-5F-lcwgs-1-T.clmp.fp2_repr.R1	0.0	0.0012828951588470918	9.868424298823783e-05	0.001776316373788281	0.0	0.0	0.0	0.0	0.0	0.00013815794018353294	0.0	1.9736848597647567e-05	1.9736848597647567e-05	0.0	1.9755751738950656e-05	3.9573422252174905e-05	0.00011898123507281255	0.00015911829371088922	5.9886120553156124e-05	0.0013029261114611195	0.00010071039095572347	0.00012152149776056133	0.0013040880715879145	6.152614368897632e-05	0.0011566715783899047	0.0032891162311224505	0.0002939989357238527	0.0005938048341651549	0.0	4.3363526634203285e-05	0.00030752705414343283	2.2294843960616606e-05	4.5333504996205586e-05	0.0005313310929642292	0.0012035966299294362	2.4183627249047108e-05	0.0	0.0
Par-CPas_033-Ex1-5F-lcwgs-1-T.clmp.fp2_repr.R2	0.0	0.0	0.0	0.0	0.0	0.0	0.0003947369719529513	0.0	0.0	0.0002763158803670659	0.0	1.9736848597647567e-05	0.00015789478878118054	3.9476455353806744e-05	3.953860816586921e-05	3.963570035093449e-05	0.0006560437935076316	0.0	0.0	0.0	0.00022310486111012516	0.0006127915330185355	0.00024695992334363977	0.00014518511205490652	2.091788954392098e-05	0.0007601380241732338	2.1333501725773622e-05	0.0	0.00019682060370565085	0.0	0.0	0.0	0.0	0.0	0.0	0.00015303307733450047	0.0	0.0
Par-CPas_035-Ex1-2G3H-lcwgs-1and2-T.clmp.fp2_repr.R1	0.0	0.0014140826924134463	0.0	0.0010998420940993472	0.0	0.0	0.0	0.0	0.0	6.284811966281983e-05	0.0	0.0	0.0	0.0	0.0	6.302414423453554e-05	6.31658270349108e-05	0.00019004042476568808	9.534212408904573e-05	0.0007019579201752597	6.409946185296802e-05	6.443018747573801e-05	0.0007775379649110075	3.2595395313694826e-05	0.001246944166434232	0.0034716241017999218	0.00023333667782571548	0.0004374937530940063	0.0	0.0	0.00034795510265719394	3.528306367075821e-05	7.166832758015833e-05	0.0006565449322938039	0.001414530353587919	7.617170167962411e-05	0.0	0.0
Par-CPas_035-Ex1-2G3H-lcwgs-1and2-T.clmp.fp2_repr.R2	0.0	0.0	0.0	0.0	0.0	0.0	0.001571202991570496	0.0	0.0	6.284811966281983e-05	0.0	0.0	0.0002199684188198694	6.285368949585999e-05	3.148101159823429e-05	0.0	0.00034834257021715357	0.0	3.193771889314087e-05	0.0	3.229426534583122e-05	0.00022757056394261452	0.0005239579785701187	0.0	0.0	0.0004029021038540608	0.0	0.0	3.477516983323567e-05	0.0	0.0	0.0	0.0	0.0	0.0	0.00024274947768404052	0.0	0.0
Par-CPas_037-Ex1-7C7D-lcwgs-1and2-T.clmp.fp2_repr.R1	0.0	0.002877891081415539	0.0	0.0009592970271385129	0.0	0.0	0.0	0.0	0.0	0.0001918594054277026	0.0	0.0	0.0	0.0	0.00019235245124346243	0.00019312140190688075	0.0	0.0003911268952542618	0.00019708045021058044	0.0003976079903301736	0.0	0.00020325699000788637	0.0006178636745588454	0.0	0.0002121124705163666	0.0030182366168154586	0.0	0.0004482626460495734	0.0	0.0	0.0004799362644640792	0.0	0.0	0.0007866562128796599	0.0008140891699004098	0.0	0.0	0.0
Par-CPas_037-Ex1-7C7D-lcwgs-1and2-T.clmp.fp2_repr.R2	0.0	0.0	0.0	0.0	0.0	0.0	0.0	0.0	0.0	0.0001918594054277026	0.0	0.0	0.0001918594054277026	0.00019188443951514639	0.0	0.00019337908682527617	0.0003892034950473855	0.0	0.0	0.0	0.0	0.00020476026667977135	0.0006233286999233306	0.0	0.0	0.0002183820944153147	0.0	0.0	0.0	0.0	0.0	0.0	0.0	0.0	0.0	0.0	0.0	0.0
Par-CPas_038-Ex1-4D-lcwgs-1-T.clmp.fp2_repr.R1	0.0	0.0012178184299356314	5.744426556300148e-05	0.001895660763579049	1.1488853112600297e-05	0.0	0.0	0.0	0.0	6.893311867560177e-05	4.595541245040118e-06	2.2977706225200594e-05	2.9871018092760772e-05	0.0	1.381013213488393e-05	6.9247742385102765e-06	0.00015060020088213257	0.000125679945963209	7.954136263150527e-05	0.0007646298331692987	6.864776380264487e-05	0.00014296416855685154	0.0010510686920904345	7.011669666895641e-05	0.0011990029851518833	0.0033254431275858976	0.00027784891454228226	0.0005539493808575448	7.601463383054084e-06	7.691564766039138e-06	0.0004389305076389751	1.0539549580755162e-05	5.6213593667586857e-05	0.0007248584679778376	0.0011621092661282765	5.121238930121975e-05	2.327353025183647e-05	0.0
Par-CPas_038-Ex1-4D-lcwgs-1-T.clmp.fp2_repr.R2	0.0	0.0	3.446655933780089e-05	0.0	0.0	0.0	0.0007237977460938187	1.1488853112600297e-05	0.0	0.0002205859797619257	2.297770622520059e-06	2.2977706225200594e-05	0.00025045699785468644	2.757613051506811e-05	2.533633932876344e-05	2.080817615203138e-05	0.00054821117763566	2.335856447606156e-06	1.1752755404122608e-05	0.0	0.0001288035909105405	0.00041612343115753775	0.00043198667151235986	0.0001420598720638184	1.978452133737132e-05	0.0006597941936961313	0.0	0.0	0.00011428412618162318	0.0	0.0	1.645410071017544e-05	2.8029404751583933e-06	2.8718366503908197e-06	0.0	0.00012142984492407007	0.0	0.0
Par-CPas_041-Ex1-8F-lcwgs-1-T.clmp.fp2_repr.R1	0.0	0.0005300653040454583	0.0	0.001590195912136375	0.0	0.0	0.0	0.0	0.0	0.00010601306080909168	0.0	0.0	0.0	0.0	0.0	0.0	0.00010656674968216468	0.0	0.0	0.00043044447696691604	0.0	0.0	0.0005461961805593486	0.00021980968877146167	0.000885050718937762	0.0027856953429859534	0.00033693781924858373	0.00022654366855755115	0.0	0.0	0.0003504034311503978	0.0	0.00011999659209678447	0.0006096311975107539	0.0008691171632015793	0.0	0.0	0.0
Par-CPas_041-Ex1-8F-lcwgs-1-T.clmp.fp2_repr.R2	0.0	0.0	0.0	0.0	0.0	0.0	0.0	0.0	0.0	0.00010601306080909168	0.0	0.0	0.00021202612161818336	0.0	0.0	0.0	0.0003206255190125589	0.0	0.0	0.0	0.0	0.0003289141884809866	0.0005520146880068185	0.00011123346792582954	0.0	0.00033944177668351807	0.0	0.0	0.0001170451712429378	0.0	0.0	0.0	0.0	0.0	0.0	0.0	0.0	0.0
Par-CPas_043-Ex1-7F7G-lcwgs-1and2-T.clmp.fp2_repr.R1	0.0	0.0008410039905639352	0.0	0.0004205019952819676	0.0	0.0	0.0	0.0	0.0	0.0003364015962255741	0.0	0.0	0.0	0.0	0.0	0.0	0.00033881565294435035	0.0	0.0002563121129687094	0.00042945770657559876	8.637547765639144e-05	0.00017384592383462387	0.0013130114179472905	0.0	0.001067432371487814	0.004129234260436191	9.068690798452882e-05	0.0005503259305323578	9.281087000909547e-05	9.401438608135817e-05	0.0004768098749232336	9.693106553412409e-05	0.0	0.0008044704422475698	0.0012336084280127801	0.00021072084440056769	0.0	0.0
Par-CPas_043-Ex1-7F7G-lcwgs-1and2-T.clmp.fp2_repr.R2	0.0	0.0	0.0	0.0	0.0	0.0	0.0008410039905639352	0.0	0.0	8.410039905639352e-05	0.0	0.0	0.00016820079811278704	0.0	0.0	8.457339067409222e-05	0.00042462628640533467	0.0	0.0	0.0	8.700251959296741e-05	0.0005261542508878853	0.0001768972227136034	8.92578212165841e-05	9.014994640585686e-05	0.0009114382769441663	0.0	0.0	0.00018984914586869274	0.0	0.0	0.0	0.0	0.0	0.0	0.00011194259583685486	0.0	0.0
Par-CPas_044-Ex1-8D-lcwgs-1-T.clmp.fp2_repr.R1	0.0	0.0011696180027602984	0.0	0.0023392360055205967	0.0	0.0	0.0	0.0	0.0	0.0	0.0	0.0	0.0	0.0	0.0	0.0	0.0	0.0	0.0	0.0007223432816055284	0.0	0.00024511245759554486	0.0009912202664895686	0.00025077363666912425	0.0002539463259045568	0.002575295193211522	0.0	0.0005315925449461497	0.0	0.0	0.0005634485303853706	0.0	0.0	0.0006071534823287979	0.001565332273081607	0.0	0.0	0.0
Par-CPas_044-Ex1-8D-lcwgs-1-T.clmp.fp2_repr.R2	0.0	0.0	0.0	0.0	0.0	0.0	0.0	0.0	0.0	0.0	0.0	0.0	0.0	0.0	0.0	0.0	0.0002366460626828091	0.0	0.0	0.0	0.00024432255463663127	0.0002470648693520971	0.000500251376316599	0.0	0.0	0.0002610400357102769	0.0	0.0	0.0	0.0	0.0	0.0	0.0	0.0	0.0	0.00034217982234023623	0.0	0.0
Par-CPas_045-Ex1-6H7A-lcwgs-1and2-T.clmp.fp2_repr.R1	0.0	0.0009090495886550611	0.0	0.0	0.0	0.0	0.0	0.0	0.0	0.0	0.0	0.0	0.0	0.0	0.0	0.0	0.0	0.0	0.0	0.0003786121969919261	0.0	0.0	0.000787778405812229	0.0	0.0008159352147439493	0.002078915637603426	0.001061422390917621	0.0	0.0	0.0	0.0007062479401101747	0.0	0.0	0.0005189090456224833	0.0005385943226772447	0.0	0.0	0.0
Par-CPas_045-Ex1-6H7A-lcwgs-1and2-T.clmp.fp2_repr.R2	0.0	0.0	0.0	0.0	0.0	0.0	0.0	0.0	0.0	0.0	0.0	0.0	0.0	0.0	0.0	0.0	0.0001846381093057607	0.0	0.0	0.0	0.0	0.0	0.00019838002868575213	0.0	0.0	0.00042050287939346664	0.0	0.0	0.0	0.0	0.0	0.0	0.0	0.0	0.0	0.0	0.0	0.0
Par-CPas_046-Ex1-3G-lcwgs-1-T.clmp.fp2_repr.R1	0.0	0.0013311856870914923	0.0	0.0	0.0	0.0	0.0	0.0	0.0	0.0	0.0	0.0	0.0	0.0	0.0	0.0	0.0	0.0	0.0	0.0	0.0	0.0	0.0011053235143761138	0.0	0.0011233777722857087	0.003118125949611085	0.000572913235155102	0.0	0.0	0.0	0.001207259249869465	0.0	0.0003125967096070347	0.000637834424561728	0.0016315396186765603	0.0	0.0	0.0
Par-CPas_046-Ex1-3G-lcwgs-1-T.clmp.fp2_repr.R2	0.0	0.0	0.0	0.0	0.0	0.0	0.0	0.0	0.0	0.0002662371374182985	0.0	0.0	0.0	0.0	0.0	0.0	0.00026857101420472095	0.0	0.0	0.0	0.0	0.0002767484273770614	0.0	0.0002818203339007316	0.0	0.0005756952959937364	0.0	0.0	0.00029970898257791686	0.0	0.0	0.0	0.0	0.0	0.0	0.0	0.0	0.0
Par-CPas_047-Ex1-2H-lcwgs-1-T.clmp.fp2_repr.R1	0.0	0.001875363351649382	0.001875363351649382	0.001875363351649382	0.0	0.0	0.0	0.0	0.0	0.0003750726703298764	0.0	0.0	0.0	0.0	0.0	0.0	0.00037887255106254806	0.0003809102994335864	0.00038339295093720407	0.001545672696078242	0.0	0.0	0.000796717523801936	0.0	0.00040990998376756467	0.0037517038988540627	0.0	0.0012995845661336926	0.0	0.0	0.0009316061355580088	0.0	0.0	0.0005109339873288372	0.0010596980920135853	0.0	0.0	0.0
Par-CPas_047-Ex1-2H-lcwgs-1-T.clmp.fp2_repr.R2	0.0	0.0	0.0	0.0	0.0	0.0	0.0	0.0	0.0	0.0003750726703298764	0.0	0.0003750726703298764	0.0011252180109896292	0.0	0.0	0.00037774764191034535	0.0007593879333257394	0.0	0.0	0.0	0.0003920231136827828	0.00039646197334982617	0.0	0.0	0.0	0.0004225310454685658	0.0	0.0	0.0	0.0	0.0	0.0	0.0	0.0	0.0	0.0	0.0	0.0
Par-CPas_048-Ex1-4E-lcwgs-1-T.clmp.fp2_repr.R1	0.0	0.0013809221321818665	4.76180045579954e-05	0.0016190121549718433	0.0	0.0	0.0	0.0	0.0	8.571240820439171e-05	0.0	3.809440364639632e-05	9.52360091159908e-06	0.0	1.9062149852134904e-05	0.0	0.00013376659697108471	0.00013400069508074833	4.7959813513061134e-05	0.0009808173285420728	6.751191585314808e-05	0.0001258181445830498	0.0012437593403411397	3.904343963332744e-05	0.0012656528885142293	0.003217312695160609	0.00039748388724534817	0.0006111324283898063	0.0	0.0	0.00032011915867728415	0.0	2.124135768810762e-05	0.0006483006688842151	0.0010359386971153296	4.513712376091543e-05	1.1549403265432082e-05	0.0
Par-CPas_048-Ex1-4E-lcwgs-1-T.clmp.fp2_repr.R2	0.0	0.0	0.0	0.0	0.0	0.0	0.0004761800455799539	0.0	0.0	0.0001904720182319816	0.0	0.0	0.00022856642187837791	1.9048616832310264e-05	0.0	2.867161264727771e-05	0.0004214819785321986	9.605226165135546e-06	0.0	0.0	0.00013597450206137346	0.00037094960854566376	0.00038280555244730535	0.00010860859358585293	1.987679764515603e-05	0.0005106689252251524	0.0	1.020029087149449e-05	0.00011353724140216015	0.0	0.0	0.0	1.1040371769062803e-05	0.0	0.0	9.535783743681948e-05	0.0	0.0
Par-CPas_049-Ex1-4B-lcwgs-1-T.clmp.fp2_repr.R1	0.0	0.0013012390652279405	8.463343513677661e-05	0.001639772805775047	1.0579179392097077e-05	0.0	0.0	0.0	0.0	6.135924047416305e-05	2.1158358784194156e-06	1.904252290577474e-05	1.6926687027355325e-05	0.0	1.0592443858988302e-05	8.491033765529781e-06	0.00012344552026742386	0.00012598325392153305	6.430413833997924e-05	0.0008911514089491232	4.109062565603076e-05	9.999731311567367e-05	0.0011170826819568104	5.93764613894114e-05	0.0013477912456820056	0.003783538882958943	0.0003726881631253396	0.0006317041871029008	9.137952725304164e-06	1.614890769365107e-05	0.00048042815010441146	1.41647292858186e-05	8.374739841697795e-05	0.0007240557638592717	0.0012288311580549338	4.794553024387645e-05	7.718235024887448e-06	0.0
Par-CPas_049-Ex1-4B-lcwgs-1-T.clmp.fp2_repr.R2	0.0	0.0	1.0579179392097077e-05	0.0	1.0579179392097077e-05	2.1158358784194154e-05	0.0006135924047416306	1.0579179392097077e-05	0.0	0.0002031202443282639	0.0	8.463343513677662e-06	0.00018619355730090857	1.6928270158263454e-05	2.1201066718951323e-05	2.3390803118972216e-05	0.0006039796152824856	2.1434781697251455e-06	1.0770921373049483e-05	0.0	0.00013732279746330353	0.0003819210179433079	0.0004134903184337588	0.00015373406337555309	1.572195144904173e-05	0.0006660978855311689	0.0	6.935735119836904e-06	0.00011469823199463642	0.0	0.0	1.9629925841575407e-05	0.0	2.5552733085834673e-06	0.0	0.00011810815749153735	0.0	0.0
Par-CPas_055-Ex1-4F5E-lcwgs-1and2-T.clmp.fp2_repr.R1	0.0	0.000885977520676736	5.65517566389406e-05	0.0019039091401776669	1.885058554631353e-05	0.0	0.0	0.0	0.0	9.425292773156767e-05	0.0	1.131035132778812e-05	2.6390819764838944e-05	0.0	3.7790806872273346e-06	1.5181671471665688e-05	0.00015651196667593013	0.00012685508259880395	6.973650912362749e-05	0.0009454611516068445	6.70091913748607e-05	0.00013926696554153283	0.0011815274690668875	6.496836913435617e-05	0.0014611992694496191	0.0034947019571244064	0.0003696127886024856	0.0006296218176552254	0.0	0.0	0.00041264037260094547	1.803726833327118e-05	8.716794689618569e-05	0.0006826508266737862	0.00110285808298057	4.8884764970116014e-05	1.5003229445138067e-05	0.0
Par-CPas_055-Ex1-4F5E-lcwgs-1and2-T.clmp.fp2_repr.R2	0.0	0.0	0.0	0.0	0.0	3.770117109262706e-05	0.0006409199085746601	7.540234218525412e-05	0.0	0.00022243690944649967	3.7701171092627062e-06	3.016093687410165e-05	0.00020358632390018614	1.8852875664945636e-05	4.159720720888677e-05	2.2806800212392126e-05	0.0005701673808618994	0.0	1.167438732815302e-05	0.0	0.00011908347640551448	0.0004695812302683071	0.0003694483133892819	0.00016020419380073853	8.317075184072467e-06	0.0006023675656995563	0.0	0.0	0.00011012587607887567	0.0	0.0	1.400853867127143e-05	0.0	0.0	0.0	0.00016561326280692537	0.0	0.0
Par-CPas_058-Ex1-5D-lcwgs-1-T.clmp.fp2_repr.R1	0.0	0.001193048149572035	4.1139591364552935e-05	0.001851281611404882	0.0	0.0	0.0	0.0	0.0	9.462106013847176e-05	0.0	4.113959136455294e-06	1.2341877409365882e-05	0.0	4.120175804605442e-06	4.131662874488758e-06	0.0001078467467862914	0.00012088770761682182	6.288882852493037e-05	0.0007974097431319604	5.09812293486192e-05	0.00012841951195791126	0.0011307104275194548	7.400247708056223e-05	0.0012081898754303516	0.0032875242050069927	0.00034082216800658365	0.0004855907965386362	9.191374152716153e-06	1.397634457093554e-05	0.00043500714310099005	1.4419117211658028e-05	4.892915845615e-05	0.0006040123190558798	0.0010311941856575284	4.1912035439140684e-05	0.0	0.0
Par-CPas_058-Ex1-5D-lcwgs-1-T.clmp.fp2_repr.R2	0.0	0.0	0.0	0.0	0.0	0.0	0.0005348146877391882	2.0569795682276468e-05	0.0	0.0002509515073237729	0.0	2.0569795682276468e-05	0.00010696293754783763	1.2343005710327019e-05	2.06138694896344e-05	3.72376375697973e-05	0.0005570779813140247	0.0	4.209633873408311e-06	0.0	0.0001325390793613224	0.0004012135977932044	0.0003266583387663874	0.0001583592851943394	3.111822266226353e-05	0.0006384164681955752	0.0	0.0	0.0001358894418495809	0.0	0.0	1.4879379565582626e-05	0.0	0.0	5.353543746161509e-06	0.0002152016812217496	0.0	0.0
Par-CPas_059-Ex1-3A-lcwgs-1-T.clmp.fp2_repr.R1	0.0	0.0013135204411927517	0.00018764577731325023	0.0011258746638795013	0.0	0.0	0.0	0.0	0.0	7.505831092530009e-05	0.0	0.0	0.0	0.0	3.756677023825221e-05	0.0	0.00018845409597439437	0.00011332048279058489	3.7873738047048276e-05	0.0009116822969531578	3.8113895754683724e-05	0.0	0.0008836803827949735	3.8605328461855615e-05	0.0012417241028737376	0.0027704311493231175	0.00011780639775131149	0.0006329128945717435	0.0	0.0	0.00036534099304553124	0.0	4.1524617869704054e-05	0.0005051045019122414	0.0008553222426549202	4.3558370394246814e-05	4.433691265229175e-05	0.0
Par-CPas_059-Ex1-3A-lcwgs-1-T.clmp.fp2_repr.R2	0.0	0.0	0.00018764577731325023	0.0	0.0	0.0	0.0005629373319397507	0.0	0.0	0.00015011662185060017	0.0	0.0	0.0003377623991638504	0.0	0.0	7.538263282137219e-05	0.00045362034396518615	0.0	0.0	0.0	7.686841165647968e-05	0.00046384717163389	0.0004667025249773358	0.00011742372350627238	0.0	0.0007146262961038177	0.0	0.0	4.0875370586328576e-05	0.0	0.0	4.27125547574952e-05	0.0	0.0	0.0	0.00013958454985145877	0.0	0.0
Par-CPas_061-Ex1-3D-lcwgs-1-T.clmp.fp2_repr.R1	0.0	0.0020702096826664303	0.0	0.0038446751249519417	0.0	0.0	0.0	0.0	0.0	0.0	5.914884807618372e-05	0.0	5.914884807618372e-05	0.0	0.0	0.0	0.00011904974493592148	0.00023890809444514788	0.0	0.0005419962807010782	6.052832755993969e-05	6.087590689882302e-05	0.000612582568472948	0.00018504731351394363	0.001367172934947426	0.003132421882096893	0.0004425254294077113	0.00025541348889717563	0.0	6.525238644290318e-05	0.00019816394499497323	0.0	0.0	0.00034531173707688087	0.0007737765713116005	0.0	0.0	0.0
Par-CPas_061-Ex1-3D-lcwgs-1-T.clmp.fp2_repr.R2	0.0	0.0	0.0	0.0	0.0	0.0	0.0005914884807618372	0.0	0.0	0.00017744654422855114	0.0	0.0	0.00023659539230473487	0.0	5.927074461243749e-05	0.0	0.0004178096745620758	0.0	0.0	0.0	0.00012200865285366039	0.0002458455180518218	0.000495568993734769	0.0001873984534630297	0.0	0.00044568812654996004	0.0	0.0	6.606926834231544e-05	0.0	0.0	0.0	0.0	0.0	0.0	0.0	0.0	0.0
Par-CPas_062-Ex1-5E-lcwgs-1-T.clmp.fp2_repr.R1	0.0	0.001038229624241255	0.00010047383460399243	0.0015405987972612173	3.349127820133081e-05	0.0	0.0	0.0	0.0	7.368081204292777e-05	0.0	6.698255640266162e-06	3.349127820133081e-05	0.0	0.0	6.715264137863835e-06	0.00010761861067467654	0.00015498637669748828	2.0257283708930385e-05	0.000886583621078221	4.0712136695070166e-05	0.00010206572869622872	0.0012559010284464312	4.793601227161914e-05	0.0012645746524120698	0.0036360791227376104	0.0003603789911800014	0.0005224702980860241	0.0	0.0	0.0005108759095187676	7.152856836714871e-06	6.496918547626853e-05	0.0007588767048639473	0.001182380927959156	4.502389868542222e-05	7.6126767511288075e-06	0.0
Par-CPas_062-Ex1-5E-lcwgs-1-T.clmp.fp2_repr.R2	0.0	0.0	0.0	0.0	0.0	0.0	0.0007033168422279469	0.0	0.0	0.000247835458689848	0.0	1.3396511280532324e-05	0.00020094766920798486	2.6795336084187193e-05	1.3423071037576546e-05	5.3832467976410616e-05	0.0006410704986576995	0.0	6.792480615279197e-06	0.0	0.00013012147867308963	0.00041982455600628193	0.0004911824449457118	0.00017385124314069918	2.7971609375915634e-05	0.000640231665365683	0.0	0.0	0.00012250237474456454	0.0	0.0	2.992537434585937e-05	0.0	0.0	0.0	8.057062696275084e-05	0.0	0.0
Par-CPas_063-Ex1-8B8C-lcwgs-1and2-T.clmp.fp2_repr.R1	0.0	0.0013835986587231825	1.6277631279096268e-05	0.0017417065468633003	1.6277631279096268e-05	0.0	0.0	0.0	0.0	7.487710388384282e-05	0.0	1.953315753491552e-05	1.3022105023277011e-05	0.0	6.5176512170850055e-06	6.52615868765997e-06	0.00014378649378824374	0.00012438655741380707	7.543449943699626e-05	0.0008217341720193335	6.919825745607105e-05	0.00014539708837043374	0.0011767799243864202	5.9866073606734375e-05	0.0014220074004469643	0.0037770704009727216	0.00041414403565921557	0.0005247514954655884	0.0	6.8540633852129955e-06	0.00044198081575363274	2.438480022944007e-05	3.51896321772026e-05	0.000665882041595764	0.0012238991767021586	5.872087582186288e-05	7.459872692050599e-06	0.0
Par-CPas_063-Ex1-8B8C-lcwgs-1and2-T.clmp.fp2_repr.R2	0.0	0.0	3.2555262558192536e-05	0.0	0.0	1.6277631279096268e-05	0.0005697170947683693	1.6277631279096268e-05	0.0	0.00020835368037243218	0.0	6.511052511638506e-06	0.00021160920662825146	2.2790736789683142e-05	2.283092065948484e-05	4.9040945462349204e-05	0.0005474221660741177	0.0	9.895693779999002e-06	0.0	0.00011638180280732859	0.00037424857068790295	0.0003829108499905431	0.00011479999123468304	3.0560961733091763e-05	0.000594562744206396	0.0	0.0	0.00010509181030732069	0.0	0.0	2.1856552386768304e-05	0.0	3.7732893075999024e-06	0.0	0.00013391497596383729	0.0	0.0
Par-CPas_064-Ex1-6C6D-lcwgs-1and2-T.clmp.fp2_repr.R1	0.0	0.0007246009260399835	0.0	0.0007246009260399835	0.0	0.0	0.0	0.0	0.0	0.0	0.0	0.0	0.0	0.0	0.0	0.0	0.0002913791119056048	0.0	0.0	0.001178198034471129	0.0	0.0	0.0007491512116771697	0.0001509958174158576	0.002131806553782434	0.0018450127767134787	0.0	0.0004722765777579772	0.0	0.0	0.0004937653890212912	0.0	0.0	0.0005242198298382432	0.000715840109953041	0.0	0.0	0.0
Par-CPas_064-Ex1-6C6D-lcwgs-1and2-T.clmp.fp2_repr.R2	0.0	0.0	0.0	0.0	0.0	0.0	0.001449201852079967	0.0	0.0	0.0	0.0	0.0	0.0002898403704159934	0.0	0.0	0.0	0.0004381672922721895	0.0	0.0	0.0	0.00014897601337208696	0.0003001538288372791	0.0001513356124476568	0.0	0.0	0.00046803405415778057	0.0	0.0	0.00016298297968743124	0.0	0.0	0.0	0.0	0.0	0.0	0.0003895840800361534	0.0	0.0
Par-CPas_065-Ex1-3E-lcwgs-1-T.clmp.fp2_repr.R1	0.0	0.0012609492425898216	0.0	0.0008406328283932143	0.0	0.0	0.0	0.0	0.0	0.0001681265656786429	0.0	8.406328283932145e-05	0.0	0.0	0.0	0.0	0.0003378386938480418	0.0	8.491891093195109e-05	0.000766830001456977	0.00017103782330424552	0.00025763036740666695	0.0006041169708539452	8.676646545523328e-05	0.0008725744611416416	0.0033369923161361142	8.84505671892621e-05	0.000445901054555994	0.0	0.0	0.0005506714061119019	0.0	0.0	0.0009550177108034469	0.0012627881585440246	0.0	0.00010090440619270523	0.0
Par-CPas_065-Ex1-3E-lcwgs-1-T.clmp.fp2_repr.R2	0.0	0.0	0.0	0.0	0.0	0.0	0.0008406328283932143	0.0	0.0	0.0	0.0	0.0	0.0003362531313572858	0.0	8.421917872825671e-05	8.444298451906765e-05	0.0005081701048609012	8.50027880914494e-05	0.0	0.0	0.0002585322092352876	0.0006935642439889653	0.00034911081475481946	8.789323433039418e-05	0.0	0.0007140593829634357	0.0	0.0	0.0	0.0	0.0	0.0	0.0	0.0	0.0	0.0	0.0	0.0
Par-CPas_066-Ex1-8G-lcwgs-1-T.clmp.fp2_repr.R1	0.0	0.0005486381429696136	0.0002743190714848068	0.0013715953574240341	0.0	0.0	0.0	0.0	0.0	0.0	0.0	0.0	5.486381429696137e-05	0.0	0.0	0.0	0.00016571811459186665	5.543369381864423e-05	5.566487518543362e-05	0.0005591840386508008	0.0	0.0	0.0009102152317692422	0.000114561250458961	0.000865650969529086	0.0030250761359306324	0.00029348389448432237	0.00047431720556018344	0.0	0.0	0.00043007423081223815	6.235887407311329e-05	0.00012680643694835237	0.0005813179899832452	0.0012537728665075036	0.0	0.0001385584654372836	0.0
Par-CPas_066-Ex1-8G-lcwgs-1-T.clmp.fp2_repr.R2	0.0	0.0	0.0	0.0	0.0	0.0	0.0	0.0	0.0	0.0002743190714848068	0.0	0.0	0.00038404670007872955	0.0	0.0	0.0	0.0006092528897972295	0.0	0.0	0.0	5.6629085717748176e-05	0.00022822426685807076	0.00017255451428492547	5.800228529004042e-05	0.0	0.0007093053772440649	0.0	0.0	0.00012271444348999877	0.0	0.0	0.0	0.0	0.0	0.0	7.185818069458118e-05	0.0	0.0
Par-CPas_067-Ex1-7E7F-lcwgs-1and2-T.clmp.fp2_repr.R1	0.0	0.0008291562767566549	4.363980403982394e-05	0.0016645468112332846	6.234257719974848e-06	0.0	0.0	0.0	0.0	6.483628028773843e-05	3.740554631984909e-06	1.6209070071934607e-05	1.6209070071934607e-05	1.2470380197076152e-06	1.7524936231764177e-05	1.3871505195641627e-05	9.551895006181413e-05	9.53803986191754e-05	3.78938063187713e-05	0.0005531194424428683	4.8541611770823075e-05	7.68606624755005e-05	0.0006448494559079218	2.569396215727591e-05	0.0008254557124415646	0.0020900713955558873	0.00019408099721322612	0.0003277796071399871	3.2228921254174286e-06	4.976246055329752e-06	0.00028560967292578837	7.0665203001871955e-06	6.21618452751083e-05	0.0004875675862109133	0.0007698138082923988	2.4734426972892613e-05	8.609777689728452e-06	0.0
Par-CPas_067-Ex1-7E7F-lcwgs-1and2-T.clmp.fp2_repr.R2	0.0	0.0	3.117128859987424e-05	0.0	0.0	7.481109263969818e-05	0.00041146100951834	4.987406175979878e-05	0.0	0.00020198995012718512	6.234257719974848e-06	4.239295249582897e-05	0.00014712848219140644	1.9952970350060646e-05	3.6316356338392606e-05	1.6409336089243463e-05	0.00038138009031131557	0.0	9.172191984198671e-06	0.0	6.90758358816109e-05	0.0002304927276162957	0.00022249916953593192	8.631522463896859e-05	1.0300227348089488e-05	0.0004024138743502014	0.0	0.0	6.71230103655118e-05	0.0	0.0	1.4524299243411097e-05	0.0	0.0	0.0	7.349365830787986e-05	0.0	0.0
Par-CPas_068-Ex1-4H-lcwgs-1-T.clmp.fp2_repr.R1	0.0	0.0013163358357794423	5.894041055728846e-05	0.0016699782991231732	0.0	0.0	0.0	0.0	0.0	7.85872140763846e-05	0.0	2.7505524926734616e-05	2.3576164222915383e-05	0.0	1.1801758776771306e-05	5.912589459942108e-06	0.00014030844697560005	0.00015862429275128424	9.15619456770142e-05	0.0009114721664683981	7.429953709781912e-05	0.00015539872841458685	0.001079466159344626	5.509697414356141e-05	0.0012831583252513178	0.003653552164024984	0.00036009794997277826	0.0006421302406326418	4.233031338295081e-06	1.4955214047782933e-05	0.0004317714347099847	2.1842618863600186e-05	5.089315270247066e-05	0.0006759233432866227	0.0011805600083447552	8.151462938395575e-05	1.4240397610888491e-05	0.0
Par-CPas_068-Ex1-4H-lcwgs-1-T.clmp.fp2_repr.R2	0.0	0.0	2.947020527864423e-05	0.0	0.0	3.92936070381923e-05	0.000648344516130173	9.823401759548075e-06	0.0	0.00020432675659859997	0.0	1.964680351909615e-05	0.00022200887976578653	1.7683616058986885e-05	3.936916813439847e-05	4.146000744977106e-05	0.0005627657829843565	3.9805860449649385e-06	8.000524034324248e-06	0.0	0.00014162534342628365	0.00039511871158387046	0.000440943376820263	0.00012806463843675875	2.0812166492836516e-05	0.0006148071969876042	0.0	2.138611860831202e-06	0.00014497733279401765	0.0	0.0	2.0365160451102785e-05	4.609970240798108e-06	1.4117608526056727e-05	2.4082181117364077e-06	0.00013326035272534696	0.0	0.0
Par-CPas_069-Ex1-5B-lcwgs-1-T.clmp.fp2_repr.R1	0.0	0.000948960176886177	0.0	0.0004744800884430885	0.0	0.0	0.0	0.0	0.0	0.0	0.0	9.48960176886177e-05	0.0	0.0	9.504808958092348e-05	0.0	9.56217661913946e-05	0.00038409722268900706	0.00019301088291863338	0.0003882266389472847	0.0	9.846076289368306e-05	0.0003974396934945083	0.0	0.0008111607609093518	0.002667533957194288	0.0	0.00031672297297297294	0.0	0.0	0.0007774158475109921	0.0	0.00011583901620240319	0.0007120639053619599	0.000853114416049276	0.0	0.0	0.0
Par-CPas_069-Ex1-5B-lcwgs-1-T.clmp.fp2_repr.R2	0.0	0.0	0.0	0.0	0.0	0.0	0.000948960176886177	0.0	0.0	9.48960176886177e-05	0.0	0.0	0.0004744800884430885	0.00018980914690278926	9.51096519176959e-05	0.0	0.0002875860601284935	0.0	9.690363805328343e-05	0.0	0.0	9.92593269026524e-05	0.0008024981768244544	0.0	0.0	0.0	0.0	0.0	0.0	0.0	0.0	0.0	0.0	0.0	0.0	0.0	0.0	0.0
Par-CPas_070-Ex1-4C2D-lcwgs-1and2-T.clmp.fp2_repr.R1	0.0	0.0018234366310184806	0.0	0.0006078122103394934	0.0	0.0	0.0	0.0	0.0	6.078122103394935e-05	0.0	0.0	0.0001215624420678987	0.0	0.0	0.0	0.00018316908154748565	6.12297505561192e-05	6.145069104374614e-05	0.0008021076922127683	6.199516561698519e-05	0.00018702553958426717	0.0011290249740324256	6.31590249509728e-05	0.0009546958625390709	0.0038518006847217683	0.0004537643316602394	0.0003932649445594744	0.0	0.0	0.0008865901198397045	0.0	7.062481063722647e-05	0.0008652689688589698	0.0011806297036102919	0.0	0.0	0.0
Par-CPas_070-Ex1-4C2D-lcwgs-1and2-T.clmp.fp2_repr.R2	0.0	0.0	0.0	0.0	0.0	0.0	0.0009117183155092403	0.0	0.0	0.0002431248841357974	0.0	0.0	0.0002431248841357974	0.0	0.0	0.0	0.000673096162801157	0.0	0.0	0.0	0.00012468874571850018	0.0005023033749135882	0.0003795753058428027	6.378726691335328e-05	0.0	0.0005850283446232969	0.0	0.0	6.7572955141018e-05	0.0	0.0	0.0	0.0	0.0	0.0	7.96356509696835e-05	0.0	0.0
Par-CPas_071-Ex1-6B-lcwgs-1-T.clmp.fp2_repr.R1	0.0	0.0	0.0	0.0	0.0	0.0	0.0	0.0	0.0	0.0	0.0	0.0	0.0	0.0	0.0	0.0	0.0	0.0	0.0	0.0	0.0	0.0	0.0004193434758542027	0.0	0.0008666600222731626	0.0022106873469099012	0.0	0.0	0.0	0.0	0.0005063624441102452	0.0	0.0	0.0011299754230345489	0.0005880485022404648	0.0	0.0	0.0
Par-CPas_071-Ex1-6B-lcwgs-1-T.clmp.fp2_repr.R2	0.0	0.0	0.0	0.0	0.0	0.0	0.0	0.0	0.0	0.00039762221912960496	0.0	0.0	0.0	0.0	0.0	0.0	0.0004011665924508471	0.0	0.0	0.0	0.0	0.0	0.0	0.00042899490783044404	0.0	0.0004470192754711583	0.0	0.0	0.0004849801643112797	0.0	0.0	0.0	0.0	0.0	0.0	0.0	0.0	0.0
Par-CPas_072-Ex1-6D6E-lcwgs-1and2-T.clmp.fp2_repr.R1	0.0	0.0013194701008075157	0.0006597350504037578	0.0013194701008075157	0.0	0.0	0.0	0.0	0.0	0.00013194701008075157	0.0	0.0	0.0	0.0	0.0	0.0	0.0002659387037881639	0.0001335168745301875	0.0	0.000944948642041305	0.0	0.0	0.0011038456602997769	0.0	0.0009842436649859536	0.0031269721244648616	0.0002876932039672893	0.00043731268440018196	0.0	0.0	0.0007641345793821208	0.0	0.0	0.0006492578982223319	0.001329926504936521	0.0	0.0	0.0
Par-CPas_072-Ex1-6D6E-lcwgs-1and2-T.clmp.fp2_repr.R2	0.0	0.0	0.0	0.0	0.0	0.0	0.0	0.0	0.0	0.0005277880403230063	0.0	0.0	0.0003958410302422547	0.00013196163611314918	0.0	0.00026549741604639835	0.000533320533640526	0.0	0.0	0.0	0.0	0.0004141524163722733	0.0001394087674173829	0.00014086887924719672	0.0	0.00043309854579944934	0.0	0.0	0.0	0.0	0.0	0.0	0.0	0.0	0.0	0.0001811384187340598	0.0	0.0
Par-CPas_073-Ex1-8E8F-lcwgs-1and2-T.clmp.fp2_repr.R1	0.0	0.0008639722627339652	3.756401142321588e-05	0.0016903805140447141	0.0	0.0	0.0	0.0	0.0	5.258961599250222e-05	0.0	1.1269203426964762e-05	1.1269203426964762e-05	0.0	7.5232187218608115e-06	0.0	0.00010965704607588667	8.348382874597916e-05	5.716085246799221e-05	0.0008499530094672897	4.618253438895831e-05	0.00010837846844967311	0.0010321377711518427	6.665614545155128e-05	0.001216331461380785	0.003211387875884594	0.0003330856593982426	0.0005549686750564427	8.182659210409391e-06	8.272720831286008e-06	0.0003433243223259369	8.488494524751262e-06	7.756793830970154e-05	0.0005656073877970864	0.0009883050862920027	8.238545058296402e-05	1.4049005929804422e-05	0.0
Par-CPas_073-Ex1-8E8F-lcwgs-1and2-T.clmp.fp2_repr.R2	0.0	0.0	3.756401142321588e-05	0.0	0.0	0.0	0.000601024182771454	3.756401142321588e-05	0.0	0.0001803072548314362	0.0	3.7564011423215873e-06	0.00018782005711607936	3.0054017964864372e-05	3.0114383084841366e-05	4.531641278901675e-05	0.0004625102813760909	0.0	0.0	0.0	9.303638187713305e-05	0.0003085044885645782	0.0003935817831458835	9.523125521539921e-05	1.6010005613107968e-05	0.0005454019885356502	0.0	0.0	7.110745256296355e-05	0.0	0.0	5.2777617856708856e-05	4.489895960579791e-06	4.594855085622368e-06	4.716633836536847e-06	8.73080865186274e-05	0.0	0.0
Par-CPas_074-Ex1-4G-lcwgs-1-T.clmp.fp2_repr.R1	0.0	0.0012010295594931534	0.0	0.001678361820317355	0.0	0.0	0.0	0.0	0.0	6.467082243424671e-05	0.0	9.238688919178102e-06	1.5397814865296836e-05	0.0	6.167186632450293e-06	6.180718587030869e-06	0.00011467093424362632	0.00013373649599619368	8.119439452637357e-05	0.0008908372992322489	7.879786481740895e-05	0.00012673780501908322	0.001233082278418699	6.089804878164479e-05	0.0014385154314323879	0.0037633161809672573	0.0004154280423349306	0.0006101623562873883	0.0	1.0073557452301957e-05	0.0004241054479500134	1.7162202377376924e-05	0.00010082522316098618	0.0007160970214808647	0.0012767566135723604	8.045500376547703e-05	7.450298777469298e-06	0.0
Par-CPas_074-Ex1-4G-lcwgs-1-T.clmp.fp2_repr.R2	0.0	0.0	1.5397814865296836e-05	0.0	0.0	1.5397814865296836e-05	0.0006005147797465767	3.079562973059367e-05	0.0	0.00023096722297945256	0.0	1.231825189223747e-05	0.00020017159324885886	3.387830905228726e-05	2.777432827478464e-05	2.4766880192260335e-05	0.0005563316226291338	0.0	3.1386912655526467e-06	0.0	0.00013660265201659349	0.00040947667217796675	0.0004962620351196908	0.00012661869008744482	1.6361327750542894e-05	0.0006468413318674236	0.0	0.0	0.00011919925753166468	0.0	0.0	4.2761081614477417e-05	3.63034083491232e-06	7.412261340472626e-06	0.0	0.0001515891439784361	0.0	0.0
Par-CPas_075-Ex1-8A8B-lcwgs-1and2-T.clmp.fp2_repr.R1	0.0	0.0010574177857671566	7.049451905114377e-05	0.0020090937929575976	0.0	0.0	0.0	0.0	0.0	6.344506714602939e-05	0.0	1.4098903810228754e-05	0.0	0.0	7.0592892764030835e-06	0.0	8.517912353379222e-05	9.266354224210134e-05	3.582490021153171e-05	0.000728011616470506	3.6292674287402414e-05	7.315982554015362e-05	0.0009668351198502837	2.2355763964267144e-05	0.0012124190569081643	0.0028790697040293493	0.0002930280002134478	0.000492527305362004	0.0	8.05945686997775e-06	0.0004592347934648921	3.3434964480365485e-05	9.389489422612127e-05	0.0006638842926548716	0.0009765333656813743	6.453249709050627e-05	9.482956945289218e-06	0.0
Par-CPas_075-Ex1-8A8B-lcwgs-1and2-T.clmp.fp2_repr.R2	0.0	0.0	3.524725952557189e-05	0.0	0.0	0.0	0.0005992034119347221	0.0	0.0	0.00021853300905854572	0.0	2.1148355715343135e-05	0.00013393958619717315	1.4100190028261009e-05	2.1189969346590345e-05	2.1255361487807287e-05	0.0003983584785266996	0.0	7.19291055227311e-06	0.0	8.763574960187808e-05	0.0002874799178691988	0.00032018995753238684	0.00014302258665380968	1.5233420173983937e-05	0.0005555011198748271	0.0	0.0	0.0001293727588190984	0.0	0.0	2.5872821799473733e-05	0.0	0.0	0.0	0.0001359639112932596	0.0	0.0
Par-CPas_076-Ex1-5G-lcwgs-1-T.clmp.fp2_repr.R1	0.0	0.001421184393208925	0.00010932187640068655	0.0012025406404075518	0.0	0.0	0.0	0.0	0.0	0.00017491500224109846	0.0	0.0	4.3728750560274616e-05	0.0	0.0	0.0	0.00021950244064763755	0.00015395737536105753	4.409211901873871e-05	0.0007957580789338963	2.217066311344839e-05	0.00013349596107969754	0.001161696022576222	4.488244726031932e-05	0.0014434137818501091	0.004082485253723057	0.00045655533564806894	0.00036800102304284407	0.0	4.680244524055404e-05	0.0004966116893878338	2.3939343449142297e-05	0.00012132694797694594	0.000640858948177927	0.001104296818922427	2.563195587202477e-05	0.0	0.0
Par-CPas_076-Ex1-5G-lcwgs-1-T.clmp.fp2_repr.R2	0.0	0.0	0.0	0.0	0.0	0.0	0.0005466093820034327	0.0	0.0	0.000284236878641785	0.0	0.0	0.0003061012539219223	2.1866225493701104e-05	0.0	0.0	0.00048428783162985094	0.0	0.0	0.0	8.939846011152458e-05	0.000337070395354361	0.0004295353964295209	0.00018196801593675885	2.2896304696696085e-05	0.0005305763050619978	0.0	0.0	0.00016638610799599342	0.0	0.0	0.0	0.0	0.0	2.662350818499824e-05	0.00010933735549018396	0.0	0.0
Par-CPas_077-Ex1-7G7H-lcwgs-1and2-T.clmp.fp2_repr.R1	0.0	0.001199198512147352	7.054108894984424e-05	0.0015519039568965731	0.0	0.0	0.0	0.0	0.0	5.643287115987538e-05	0.0	2.1162326684953267e-05	1.4108217789968846e-05	0.0	0.0	7.0734954569060726e-06	0.00011341702091764295	0.0001279176051436522	9.265794812395096e-05	0.0008581359042703632	5.7421680416766554e-05	0.00012252616960778726	0.0010426591689818164	4.366001625171338e-05	0.001170680197388388	0.003547820162615294	0.0003334317080365266	0.0005376334451013529	7.528841485964433e-06	2.2796044248033728e-05	0.000284139036449202	2.331695317372879e-05	4.726726661432605e-05	0.0005520533062672533	0.001083148153004368	2.493676866691692e-05	2.5449661587366654e-05	0.0
Par-CPas_077-Ex1-7G7H-lcwgs-1and2-T.clmp.fp2_repr.R2	0.0	0.0	0.0	0.0	0.0	3.527054447492212e-05	0.000317434900274299	3.527054447492212e-05	0.0	0.00026100202911442363	0.0	7.054108894984423e-06	0.00014813628679467288	1.4109414132680558e-05	7.067027433705806e-06	2.834272705783787e-05	0.000504671911368808	0.0	0.0	0.0	0.00011573872301560715	0.0003856346017558744	0.0004100154773520996	0.0001842261312387166	1.4842192613367265e-05	0.0006730983960663531	0.0	1.523540103879535e-05	0.00010018843131890362	0.0	0.0	3.227511566796297e-05	8.225836727999053e-06	0.0	0.0	7.948410225223503e-05	0.0	0.0
Par-CPas_079-Ex1-8C-lcwgs-1-T.clmp.fp2_repr.R1	0.0	0.0014039193588720263	8.399517531712978e-05	0.0016319062633042359	0.0	0.0	0.0	0.0	0.0	0.00010079421038055575	0.0	2.399862151917994e-05	1.919889721534395e-05	4.79994639419867e-06	7.20660972948525e-06	0.0	0.00014694796071642577	0.00013755484154671682	5.3201211188446865e-05	0.000891977565891631	6.561520966392473e-05	0.00014867929160215977	0.0011444764022904984	4.417259972166845e-05	0.0013007480828870182	0.0036342973564779113	0.0003555430201087176	0.0005977382584698261	5.033157941200837e-06	1.5206918641084407e-05	0.000452340659744219	1.0322107026934352e-05	5.740573215544773e-05	0.0006741061550650354	0.001140842939588796	5.4685337152192716e-05	5.567692971575451e-06	0.0
Par-CPas_079-Ex1-8C-lcwgs-1-T.clmp.fp2_repr.R2	0.0	0.0	2.399862151917994e-05	0.0	0.0	1.199931075958997e-05	0.0005399689841815486	0.0	0.0	0.00022318718012837344	0.0	9.599448607671975e-06	0.0002447859394956354	1.2000331689167889e-05	7.212416261142552e-06	3.855718623535441e-05	0.0005267063940199206	0.0	0.0	0.0	0.0001225177445512377	0.0003890136345093306	0.0003538805889592572	0.00011691147639618236	4.5023654302379115e-05	0.0005939387792569901	0.0	5.109732397438153e-06	0.00013415743147547995	0.0	0.0	1.6102520237647435e-05	2.7294408958680087e-06	5.564420295354978e-06	2.844213307237866e-06	0.0001630285867133332	0.0	0.0
Par-CPas_082-Ex1-6G6H-lcwgs-1and2-T.clmp.fp2_repr.R1	0.0	0.00043659860579511883	0.00014553286859837294	0.0014553286859837293	0.0	0.0	0.0	0.0	0.0	0.00011642629487869835	0.0	0.0	0.0	0.0	2.913235118466706e-05	0.0	5.844333830686143e-05	0.0002343253202860995	2.9381717578817193e-05	0.0009141131701592179	5.922677666263629e-05	0.00017856712382826486	0.0010176910625173607	3.0118059782541587e-05	0.0012131446650750209	0.00378896329991814	0.0002465153514353664	0.0005910406327992089	0.0	3.1758664637076275e-05	0.0005785435551694313	3.258596340074935e-05	0.00013233438517113813	0.0009088687411763993	0.0015441508765801383	3.507248430330965e-05	0.0	0.0
Par-CPas_082-Ex1-6G6H-lcwgs-1and2-T.clmp.fp2_repr.R2	0.0	0.0	0.0	0.0	0.0	0.0	0.0	0.00014553286859837294	0.0	0.00020374601603772213	0.0	0.0	0.00011642629487869835	8.732666021807796e-05	2.9152938062250854e-05	0.0	0.0002930159072475726	0.0	0.0	0.0	0.0002685294254544413	0.000390497337408924	0.0005144711660095559	0.00012197925986644491	0.0	0.0006208081867217199	0.0	0.0	9.646144066447785e-05	0.0	0.0	3.382389252119912e-05	3.453931973428211e-05	0.0	0.0	3.725295238960926e-05	0.0	0.0
Par-CPas_083-Ex1-4A-lcwgs-1-T.clmp.fp2_repr.R1	0.0	0.0011609617257134295	7.490075649764063e-05	0.0020035952363118867	1.8725189124410158e-05	0.0	0.0	0.0	0.0	9.737098344693283e-05	3.745037824882031e-06	7.490075649764062e-06	2.996030259905625e-05	0.0	0.0	3.7604852199205085e-06	0.00011699546291594811	9.098308014195331e-05	5.335871988772106e-05	0.0008128834667516666	5.40457510407957e-05	8.945857492334568e-05	0.0010391972252414496	4.747207820929941e-05	0.0011181696457434895	0.003017218515798749	0.00029362886534873526	0.0004912641266302228	0.0	1.2721722124257894e-05	0.0003401668695037215	8.758116584544727e-06	3.56802524877387e-05	0.0005690011280788765	0.0009686319261548549	3.824039499268796e-05	4.903301500773104e-06	0.0
Par-CPas_083-Ex1-4A-lcwgs-1-T.clmp.fp2_repr.R2	0.0	0.0	0.0	0.0	0.0	1.8725189124410158e-05	0.0005055801063590742	1.8725189124410158e-05	0.0	0.00020597708036851174	0.0	0.0	0.00018725189124410156	1.4981591556644667e-05	1.8765883443746788e-05	3.766169814713861e-05	0.0004615325134145182	0.0	0.0	0.0	0.0001204987638187302	0.00042365293566967466	0.0003248351441836247	0.00012407049685631377	1.2138950684015709e-05	0.0006345884523980258	0.0	8.412709703088974e-06	9.404150059970693e-05	0.0	0.0	9.075422295281387e-06	4.647242679384497e-06	0.0	4.9130145854629205e-06	0.00011147548393154371	0.0	0.0
Par-CPas_084-Ex1-3F4F-lcwgs-1and2-T.clmp.fp2_repr.R1	0.0	0.0011458647650404298	0.0	0.002673684451761003	0.0	0.0	0.0	0.0	0.0	0.0	0.0	7.639098433602867e-05	0.0	0.0	0.0	0.0	0.000154274443435661	0.00015511956616159737	0.00015613606946181458	0.0007078977795606314	7.932824839261137e-05	8.008213223482003e-05	0.0010523895719526846	8.194323464363297e-05	0.0008304247705743965	0.003705765581691497	0.0005133760119924636	0.0006098102793105311	0.0	0.0	0.0005549574347647535	0.0	9.686599751635581e-05	0.0005962175955736806	0.0016347849542566735	0.00010534676996268617	0.0	0.0
Par-CPas_084-Ex1-3F4F-lcwgs-1and2-T.clmp.fp2_repr.R2	0.0	0.0	0.0	0.0	0.0	0.0	0.0022917295300808596	0.0	0.0	0.0005347368903522007	0.0	7.639098433602867e-05	0.00030556393734411467	0.0	0.0	0.0	0.0010050484356034543	0.0	7.837954983489348e-05	0.0	0.00023948061444339518	0.0004035395258894818	0.0004903378918412678	0.0002485344750454818	0.0	0.0005979614639463406	0.0	8.869541462445474e-05	9.070969450789083e-05	0.0	0.0	0.0	0.0	0.0	0.0	0.0002238483561695965	0.0	0.0
Par-CPas_085-Ex1-2D3F-lcwgs-1and2-T.clmp.fp2_repr.R1	0.0	0.0016567903552710786	0.0	0.0011045269035140524	0.0	0.0	0.0	0.0	0.0	0.00011045269035140522	0.0	0.0	0.0	0.0	0.0	0.0	0.00011123223065115349	0.0	0.0	0.0004517859663984187	0.0	0.00011485790354462976	0.00046463813401325386	0.0	0.0007175050912965436	0.0018258703924160648	0.00012415913227665636	0.0003807468984992226	0.0	0.0	0.00041019302316360005	0.0	0.000145184660369524	0.0004500267765932073	0.0010873245912436198	0.0	0.0	0.0
Par-CPas_085-Ex1-2D3F-lcwgs-1and2-T.clmp.fp2_repr.R2	0.0	0.0	0.0	0.0	0.0	0.0	0.0005522634517570262	0.0	0.0	0.00011045269035140522	0.0	0.0	0.0	0.0	0.0	0.0	0.0003343933602854382	0.0	0.00011264445242968451	0.0	0.00022880284630740806	0.00034691746486593375	0.00011712797519697998	0.0	0.0	0.0004929623463035835	0.0	0.0	0.0	0.0	0.0	0.0	0.0	0.0	0.0	0.0	0.0	0.0
Par-CPas_087-Ex1-5H-lcwgs-1-T.clmp.fp2_repr.R1	0.0	0.001071935794316233	5.4505209880486425e-05	0.00152614587665362	3.6336806586990956e-05	0.0	0.0	0.0	0.0	5.813889053918552e-05	0.0	2.180208395219457e-05	3.6336806586990956e-05	0.0	3.639227774790174e-06	7.296919612682425e-06	0.00010981160866832342	0.00012126387828340323	5.5367204528299096e-05	0.0008383556462677797	4.102604803463971e-05	9.379430608533707e-05	0.001162986738741637	4.942145533640519e-05	0.001305797172707874	0.0033150593420707077	0.0004320664793833641	0.0005266270082469003	0.0	1.2041381411358275e-05	0.00036970826605116873	2.05914931105806e-05	7.94310130781909e-05	0.0006378090120882666	0.0010661554667901673	5.319013367345469e-05	1.81225434609174e-05	0.0
Par-CPas_087-Ex1-5H-lcwgs-1-T.clmp.fp2_repr.R2	0.0	0.0	0.0	0.0	1.8168403293495478e-05	0.0	0.0004542100823373869	0.0	0.0	0.00017078299095885747	0.0	0.0	0.00019985243622845024	2.543836942668493e-05	1.8209469426683233e-05	2.5581879024829005e-05	0.0004844472433098478	0.0	0.0	0.0	0.00010144878254885557	0.000340728414504748	0.00033202737172590005	0.0001269891063741951	1.9410391500608827e-05	0.0005761225650199385	0.0	0.0	0.00010151343950637506	0.0	0.0	0.0	4.359009979909759e-06	8.920331272558402e-06	4.575819266120954e-06	9.874279730069167e-05	0.0	0.0
