	24.0	25.0	26.0	27.0	28.0	29.0	30.0	31.0	32.0	33.0	34.0	35.0	36.0	37.0	38.0	39.0	40.0
Par-ARag_001-Ex1-6G-lcwgs-2-T.clmp.fp2_repr.R1	9.0	44.0	277.0	957.0	2558.0	5034.0	8421.0	12092.0	16648.0	21855.0	28178.0	36271.0	48161.0	67539.0	112313.0	286423.0	1423489.0
	22.0	23.0	24.0	25.0	26.0	27.0	28.0	29.0	30.0	31.0	32.0	33.0	34.0	35.0	36.0	37.0	38.0	39.0	40.0
Par-ARag_001-Ex1-6G-lcwgs-2-T.clmp.fp2_repr.R2	3.0	55.0	401.0	1391.0	3761.0	7189.0	11373.0	15815.0	20096.0	24892.0	29705.0	35902.0	43400.0	54309.0	70668.0	100239.0	164149.0	356901.0	1130020.0
	23.0	24.0	25.0	26.0	27.0	28.0	29.0	30.0	31.0	32.0	33.0	34.0	35.0	36.0	37.0	38.0	39.0	40.0
Par-ARag_002-Ex1-6H-lcwgs-2-T.clmp.fp2_repr.R1	1.0	9.0	60.0	320.0	1171.0	3003.0	6166.0	9924.0	14055.0	18649.0	24438.0	31366.0	40115.0	53837.0	77447.0	130061.0	340829.0	1978465.0
	22.0	23.0	24.0	25.0	26.0	27.0	28.0	29.0	30.0	31.0	32.0	33.0	34.0	35.0	36.0	37.0	38.0	39.0	40.0
Par-ARag_002-Ex1-6H-lcwgs-2-T.clmp.fp2_repr.R2	4.0	46.0	305.0	1203.0	3010.0	6115.0	9995.0	14021.0	18210.0	23352.0	28736.0	35497.0	44978.0	56620.0	76351.0	108936.0	180345.0	409514.0	1712678.0
	24.0	25.0	26.0	27.0	28.0	29.0	30.0	31.0	32.0	33.0	34.0	35.0	36.0	37.0	38.0	39.0	40.0
Par-ARag_006-Ex1-7C-lcwgs-2-T.clmp.fp2_repr.R1	4.0	42.0	209.0	678.0	1660.0	3485.0	5668.0	8294.0	10661.0	13448.0	17046.0	21700.0	28079.0	39181.0	64111.0	162483.0	1036340.0
	22.0	23.0	24.0	25.0	26.0	27.0	28.0	29.0	30.0	31.0	32.0	33.0	34.0	35.0	36.0	37.0	38.0	39.0	40.0
Par-ARag_006-Ex1-7C-lcwgs-2-T.clmp.fp2_repr.R2	2.0	20.0	192.0	704.0	1857.0	3628.0	5873.0	8165.0	10361.0	12875.0	15676.0	19036.0	22980.0	29190.0	38281.0	54931.0	90672.0	209589.0	889057.0
	24.0	25.0	26.0	27.0	28.0	29.0	30.0	31.0	32.0	33.0	34.0	35.0	36.0	37.0	38.0	39.0	40.0
Par-ARag_007-Ex1-7D-lcwgs-2-T.clmp.fp2_repr.R1	4.0	55.0	357.0	1134.0	3007.0	5821.0	9383.0	13638.0	18011.0	22976.0	28931.0	37471.0	48725.0	68723.0	113838.0	290027.0	1984056.0
	22.0	23.0	24.0	25.0	26.0	27.0	28.0	29.0	30.0	31.0	32.0	33.0	34.0	35.0	36.0	37.0	38.0	39.0	40.0
Par-ARag_007-Ex1-7D-lcwgs-2-T.clmp.fp2_repr.R2	2.0	53.0	288.0	1108.0	2993.0	5935.0	9418.0	13391.0	16965.0	21360.0	26023.0	31489.0	38944.0	49552.0	65570.0	93540.0	156994.0	365964.0	1746568.0
	24.0	25.0	26.0	27.0	28.0	29.0	30.0	31.0	32.0	33.0	34.0	35.0	36.0	37.0	38.0	39.0	40.0
Par-ARag_008-Ex1-7E-lcwgs-2-T.clmp.fp2_repr.R1	5.0	30.0	171.0	601.0	1525.0	3027.0	4890.0	7021.0	8997.0	11546.0	14197.0	17898.0	23682.0	33110.0	53495.0	134544.0	977914.0
	21.0	22.0	23.0	24.0	25.0	26.0	27.0	28.0	29.0	30.0	31.0	32.0	33.0	34.0	35.0	36.0	37.0	38.0	39.0	40.0
Par-ARag_008-Ex1-7E-lcwgs-2-T.clmp.fp2_repr.R2	1.0	2.0	15.0	133.0	527.0	1375.0	2788.0	4412.0	6397.0	8251.0	10283.0	12135.0	14968.0	18487.0	23232.0	30458.0	42985.0	71211.0	167163.0	877830.0
	24.0	25.0	26.0	27.0	28.0	29.0	30.0	31.0	32.0	33.0	34.0	35.0	36.0	37.0	38.0	39.0	40.0
Par-ARag_009-Ex1-7F-lcwgs-2-T.clmp.fp2_repr.R1	1.0	34.0	214.0	758.0	1951.0	3709.0	5972.0	8473.0	11047.0	14056.0	17544.0	21875.0	27886.0	37962.0	60866.0	148346.0	960533.0
	22.0	23.0	24.0	25.0	26.0	27.0	28.0	29.0	30.0	31.0	32.0	33.0	34.0	35.0	36.0	37.0	38.0	39.0	40.0
Par-ARag_009-Ex1-7F-lcwgs-2-T.clmp.fp2_repr.R2	3.0	28.0	186.0	787.0	2092.0	3999.0	6283.0	8814.0	11052.0	13495.0	16040.0	19329.0	22882.0	27954.0	35887.0	50382.0	82080.0	188153.0	831781.0
	23.0	24.0	25.0	26.0	27.0	28.0	29.0	30.0	31.0	32.0	33.0	34.0	35.0	36.0	37.0	38.0	39.0	40.0
Par-ARag_010-Ex1-7G-lcwgs-2-T.clmp.fp2_repr.R1	2.0	6.0	29.0	246.0	842.0	2337.0	4362.0	7269.0	10288.0	13613.0	17876.0	22227.0	28146.0	37798.0	52965.0	86825.0	222484.0	1363390.0
	22.0	23.0	24.0	25.0	26.0	27.0	28.0	29.0	30.0	31.0	32.0	33.0	34.0	35.0	36.0	37.0	38.0	39.0	40.0
Par-ARag_010-Ex1-7G-lcwgs-2-T.clmp.fp2_repr.R2	2.0	49.0	219.0	959.0	2478.0	4854.0	7702.0	10702.0	13893.0	17318.0	21140.0	25587.0	31577.0	39614.0	52076.0	74084.0	123539.0	281347.0	1163565.0
	24.0	25.0	26.0	27.0	28.0	29.0	30.0	31.0	32.0	33.0	34.0	35.0	36.0	37.0	38.0	39.0	40.0
Par-ARag_011-Ex1-7H-lcwgs-2-T.clmp.fp2_repr.R1	9.0	54.0	276.0	1071.0	2669.0	5158.0	8622.0	11990.0	16285.0	20804.0	26225.0	33569.0	44070.0	61878.0	101454.0	258050.0	1566685.0
	23.0	24.0	25.0	26.0	27.0	28.0	29.0	30.0	31.0	32.0	33.0	34.0	35.0	36.0	37.0	38.0	39.0	40.0
Par-ARag_011-Ex1-7H-lcwgs-2-T.clmp.fp2_repr.R2	51.0	314.0	1205.0	3106.0	6079.0	9480.0	13273.0	17016.0	20811.0	25163.0	30495.0	37187.0	46636.0	61170.0	86771.0	143917.0	328844.0	1327351.0
	24.0	25.0	26.0	27.0	28.0	29.0	30.0	31.0	32.0	33.0	34.0	35.0	36.0	37.0	38.0	39.0	40.0
Par-ARag_012-Ex1-8A-lcwgs-2-T.clmp.fp2_repr.R1	6.0	39.0	213.0	703.0	1835.0	3550.0	5728.0	7956.0	10588.0	13256.0	16589.0	20671.0	26879.0	37476.0	61531.0	153638.0	1191508.0
	22.0	23.0	24.0	25.0	26.0	27.0	28.0	29.0	30.0	31.0	32.0	33.0	34.0	35.0	36.0	37.0	38.0	39.0	40.0
Par-ARag_012-Ex1-8A-lcwgs-2-T.clmp.fp2_repr.R2	1.0	11.0	157.0	625.0	1587.0	3224.0	5325.0	7379.0	9574.0	11842.0	14722.0	17946.0	21790.0	27657.0	35474.0	50801.0	84792.0	198561.0	1060698.0
	24.0	25.0	26.0	27.0	28.0	29.0	30.0	31.0	32.0	33.0	34.0	35.0	36.0	37.0	38.0	39.0	40.0
Par-ARag_013-Ex1-8B-lcwgs-2-T.clmp.fp2_repr.R1	3.0	20.0	94.0	393.0	1006.0	1929.0	3194.0	4623.0	6025.0	7537.0	9484.0	12167.0	15690.0	21900.0	36132.0	90409.0	581298.0
	22.0	23.0	24.0	25.0	26.0	27.0	28.0	29.0	30.0	31.0	32.0	33.0	34.0	35.0	36.0	37.0	38.0	39.0	40.0
Par-ARag_013-Ex1-8B-lcwgs-2-T.clmp.fp2_repr.R2	2.0	19.0	100.0	370.0	1033.0	2000.0	3257.0	4462.0	5983.0	7417.0	8845.0	10622.0	13022.0	16320.0	21664.0	30264.0	49618.0	114457.0	502449.0
	24.0	25.0	26.0	27.0	28.0	29.0	30.0	31.0	32.0	33.0	34.0	35.0	36.0	37.0	38.0	39.0	40.0
Par-ARag_014-Ex1-8C-lcwgs-2-T.clmp.fp2_repr.R1	6.0	38.0	174.0	682.0	1786.0	3249.0	5466.0	7695.0	9949.0	12664.0	15724.0	19952.0	26027.0	36050.0	58848.0	145754.0	977525.0
	22.0	23.0	24.0	25.0	26.0	27.0	28.0	29.0	30.0	31.0	32.0	33.0	34.0	35.0	36.0	37.0	38.0	39.0	40.0
Par-ARag_014-Ex1-8C-lcwgs-2-T.clmp.fp2_repr.R2	1.0	32.0	166.0	691.0	1744.0	3476.0	5510.0	7686.0	9874.0	12344.0	14719.0	17839.0	21795.0	27416.0	35546.0	51044.0	84028.0	191737.0	835941.0
	23.0	24.0	25.0	26.0	27.0	28.0	29.0	30.0	31.0	32.0	33.0	34.0	35.0	36.0	37.0	38.0	39.0	40.0
Par-ARag_017-Ex1-8E-lcwgs-2-T.clmp.fp2_repr.R1	1.0	4.0	47.0	269.0	902.0	2432.0	4689.0	7431.0	10511.0	13900.0	17681.0	22131.0	28209.0	36034.0	49795.0	79846.0	198602.0	1322882.0
	22.0	23.0	24.0	25.0	26.0	27.0	28.0	29.0	30.0	31.0	32.0	33.0	34.0	35.0	36.0	37.0	38.0	39.0	40.0
Par-ARag_017-Ex1-8E-lcwgs-2-T.clmp.fp2_repr.R2	1.0	45.0	264.0	1050.0	2631.0	5081.0	8216.0	11367.0	14500.0	17850.0	21195.0	25191.0	30821.0	37791.0	49008.0	68139.0	111784.0	255034.0	1135398.0
	24.0	25.0	26.0	27.0	28.0	29.0	30.0	31.0	32.0	33.0	34.0	35.0	36.0	37.0	38.0	39.0	40.0
Par-ARag_019-Ex1-8F-lcwgs-2-T.clmp.fp2_repr.R1	6.0	55.0	333.0	1214.0	3167.0	6350.0	10236.0	14728.0	19838.0	25445.0	32014.0	40671.0	54598.0	77081.0	127714.0	319678.0	2005433.0
	22.0	23.0	24.0	25.0	26.0	27.0	28.0	29.0	30.0	31.0	32.0	33.0	34.0	35.0	36.0	37.0	38.0	39.0	40.0
Par-ARag_019-Ex1-8F-lcwgs-2-T.clmp.fp2_repr.R2	3.0	60.0	346.0	1371.0	3675.0	7107.0	11488.0	16134.0	20937.0	25932.0	31164.0	37984.0	46738.0	58929.0	77067.0	109339.0	180762.0	413729.0	1695796.0
	23.0	24.0	25.0	26.0	27.0	28.0	29.0	30.0	31.0	32.0	33.0	34.0	35.0	36.0	37.0	38.0	39.0	40.0
Par-ARag_020-Ex1-8G-lcwgs-2-T.clmp.fp2_repr.R1	1.0	3.0	24.0	160.0	642.0	1678.0	3235.0	5377.0	7920.0	10683.0	13871.0	17719.0	23100.0	30753.0	43962.0	73890.0	186745.0	1044731.0
	22.0	23.0	24.0	25.0	26.0	27.0	28.0	29.0	30.0	31.0	32.0	33.0	34.0	35.0	36.0	37.0	38.0	39.0	40.0
Par-ARag_020-Ex1-8G-lcwgs-2-T.clmp.fp2_repr.R2	1.0	35.0	189.0	687.0	1944.0	3797.0	6080.0	8513.0	11231.0	14158.0	17681.0	21909.0	27241.0	34510.0	45627.0	65095.0	106611.0	233737.0	865448.0
	22.0	23.0	24.0	25.0	26.0	27.0	28.0	29.0	30.0	31.0	32.0	33.0	34.0	35.0	36.0	37.0	38.0	39.0	40.0
Par-ARag_021-Ex1-8H-lcwgs-2-T.clmp.fp2_repr.R1	1.0	2.0	7.0	59.0	265.0	935.0	2433.0	4734.0	7633.0	11253.0	14897.0	19061.0	24390.0	31026.0	41461.0	58695.0	98668.0	248219.0	1485832.0
	22.0	23.0	24.0	25.0	26.0	27.0	28.0	29.0	30.0	31.0	32.0	33.0	34.0	35.0	36.0	37.0	38.0	39.0	40.0
Par-ARag_021-Ex1-8H-lcwgs-2-T.clmp.fp2_repr.R2	2.0	42.0	242.0	993.0	2525.0	5068.0	8139.0	11675.0	15293.0	18873.0	23394.0	28227.0	35380.0	45109.0	59973.0	85316.0	140088.0	315966.0	1253266.0
	24.0	25.0	26.0	27.0	28.0	29.0	30.0	31.0	32.0	33.0	34.0	35.0	36.0	37.0	38.0	39.0	40.0
Par-ARag_022-Ex1-9A-lcwgs-2-T.clmp.fp2_repr.R1	6.0	58.0	325.0	1146.0	2919.0	5951.0	10014.0	14384.0	19488.0	25297.0	32577.0	42589.0	57806.0	83262.0	139608.0	357108.0	2107415.0
	22.0	23.0	24.0	25.0	26.0	27.0	28.0	29.0	30.0	31.0	32.0	33.0	34.0	35.0	36.0	37.0	38.0	39.0	40.0
Par-ARag_022-Ex1-9A-lcwgs-2-T.clmp.fp2_repr.R2	3.0	45.0	338.0	1323.0	3331.0	6815.0	11256.0	15508.0	20925.0	26249.0	32408.0	39763.0	49863.0	63678.0	84378.0	121079.0	197887.0	444407.0	1780697.0
	24.0	25.0	26.0	27.0	28.0	29.0	30.0	31.0	32.0	33.0	34.0	35.0	36.0	37.0	38.0	39.0	40.0
Par-ARag_025-Ex1-9D-lcwgs-2-T.clmp.fp2_repr.R1	6.0	39.0	233.0	766.0	1822.0	3632.0	5843.0	8289.0	11042.0	13894.0	17120.0	21862.0	27994.0	39107.0	63517.0	159562.0	1059093.0
	22.0	23.0	24.0	25.0	26.0	27.0	28.0	29.0	30.0	31.0	32.0	33.0	34.0	35.0	36.0	37.0	38.0	39.0	40.0
Par-ARag_025-Ex1-9D-lcwgs-2-T.clmp.fp2_repr.R2	3.0	36.0	212.0	775.0	1906.0	3873.0	6253.0	8698.0	11218.0	13691.0	16310.0	19746.0	23503.0	29229.0	37196.0	53181.0	87482.0	201498.0	919011.0
	24.0	25.0	26.0	27.0	28.0	29.0	30.0	31.0	32.0	33.0	34.0	35.0	36.0	37.0	38.0	39.0	40.0
Par-ARag_027-Ex1-9F-lcwgs-2-T.clmp.fp2_repr.R1	7.0	32.0	180.0	712.0	1797.0	3694.0	5733.0	8438.0	11296.0	14544.0	18453.0	23903.0	31664.0	45144.0	75666.0	192672.0	1051038.0
	23.0	24.0	25.0	26.0	27.0	28.0	29.0	30.0	31.0	32.0	33.0	34.0	35.0	36.0	37.0	38.0	39.0	40.0
Par-ARag_027-Ex1-9F-lcwgs-2-T.clmp.fp2_repr.R2	28.0	208.0	780.0	1932.0	3979.0	6417.0	8985.0	11520.0	14358.0	17567.0	21780.0	26502.0	33435.0	45159.0	64063.0	105731.0	236589.0	885940.0
	24.0	25.0	26.0	27.0	28.0	29.0	30.0	31.0	32.0	33.0	34.0	35.0	36.0	37.0	38.0	39.0	40.0
Par-ARag_028-Ex1-9G-lcwgs-2-T.clmp.fp2_repr.R1	5.0	50.0	264.0	923.0	2541.0	5105.0	8047.0	11602.0	15103.0	19558.0	24862.0	31105.0	40713.0	57417.0	94236.0	238665.0	1446864.0
	22.0	23.0	24.0	25.0	26.0	27.0	28.0	29.0	30.0	31.0	32.0	33.0	34.0	35.0	36.0	37.0	38.0	39.0	40.0
Par-ARag_028-Ex1-9G-lcwgs-2-T.clmp.fp2_repr.R2	3.0	46.0	266.0	1038.0	2723.0	5641.0	9057.0	12550.0	16132.0	19706.0	23706.0	28364.0	34337.0	43187.0	56590.0	80075.0	132940.0	301405.0	1229294.0
	23.0	24.0	25.0	26.0	27.0	28.0	29.0	30.0	31.0	32.0	33.0	34.0	35.0	36.0	37.0	38.0	39.0	40.0
Par-ARag_029-Ex1-9H-lcwgs-2-T.clmp.fp2_repr.R1	1.0	4.0	33.0	243.0	801.0	2004.0	3992.0	6320.0	8806.0	11862.0	14939.0	18660.0	23212.0	30329.0	41980.0	67950.0	171088.0	1149069.0
	22.0	23.0	24.0	25.0	26.0	27.0	28.0	29.0	30.0	31.0	32.0	33.0	34.0	35.0	36.0	37.0	38.0	39.0	40.0
Par-ARag_029-Ex1-9H-lcwgs-2-T.clmp.fp2_repr.R2	2.0	40.0	211.0	759.0	1970.0	3980.0	6516.0	8916.0	11213.0	14212.0	16789.0	20414.0	24575.0	30449.0	39425.0	56182.0	91945.0	214411.0	1009284.0
	24.0	25.0	26.0	27.0	28.0	29.0	30.0	31.0	32.0	33.0	34.0	35.0	36.0	37.0	38.0	39.0	40.0
Par-ARag_030-Ex1-10A-lcwgs-2-T.clmp.fp2_repr.R1	2.0	29.0	139.0	467.0	1162.0	2353.0	3664.0	5249.0	6843.0	8829.0	11245.0	14360.0	18523.0	26046.0	42073.0	109412.0	734483.0
	22.0	23.0	24.0	25.0	26.0	27.0	28.0	29.0	30.0	31.0	32.0	33.0	34.0	35.0	36.0	37.0	38.0	39.0	40.0
Par-ARag_030-Ex1-10A-lcwgs-2-T.clmp.fp2_repr.R2	1.0	23.0	104.0	459.0	1222.0	2431.0	3733.0	5298.0	6894.0	8665.0	10462.0	12499.0	15132.0	18929.0	24309.0	35029.0	58002.0	135898.0	645789.0
	25.0	26.0	27.0	28.0	29.0	30.0	31.0	32.0	33.0	34.0	35.0	36.0	37.0	38.0	39.0	40.0
Par-CPas_003-Ex1-5C-lcwgs-1-T.clmp.fp2_repr.R1	3.0	18.0	60.0	164.0	322.0	540.0	817.0	1056.0	1473.0	1918.0	2689.0	3485.0	5382.0	8688.0	21567.0	97275.0
	23.0	24.0	25.0	26.0	27.0	28.0	29.0	30.0	31.0	32.0	33.0	34.0	35.0	36.0	37.0	38.0	39.0	40.0
Par-CPas_003-Ex1-5C-lcwgs-1-T.clmp.fp2_repr.R2	2.0	7.0	61.0	182.0	389.0	608.0	904.0	1157.0	1511.0	1852.0	2321.0	3204.0	4036.0	5536.0	7613.0	12043.0	25214.0	78817.0
	24.0	25.0	26.0	27.0	28.0	29.0	30.0	31.0	32.0	33.0	34.0	35.0	36.0	37.0	38.0	39.0	40.0
Par-CPas_004-Ex1-7D7E-lcwgs-1and2-T.clmp.fp2_repr.R1	1.0	3.0	19.0	67.0	181.0	327.0	476.0	753.0	1010.0	1244.0	1523.0	1908.0	2540.0	3511.0	5576.0	12559.0	51027.0
	23.0	24.0	25.0	26.0	27.0	28.0	29.0	30.0	31.0	32.0	33.0	34.0	35.0	36.0	37.0	38.0	39.0	40.0
Par-CPas_004-Ex1-7D7E-lcwgs-1and2-T.clmp.fp2_repr.R2	2.0	8.0	43.0	123.0	235.0	373.0	524.0	657.0	849.0	1141.0	1345.0	1778.0	2339.0	3122.0	4178.0	6647.0	12761.0	46600.0
	24.0	25.0	26.0	27.0	28.0	29.0	30.0	31.0	32.0	33.0	34.0	35.0	36.0	37.0	38.0	39.0	40.0
Par-CPas_008-Ex1-6E6F-lcwgs-1and2-T.clmp.fp2_repr.R1	3.0	17.0	68.0	243.0	662.0	1296.0	2189.0	3237.0	4398.0	5791.0	7525.0	10236.0	13453.0	19826.0	33211.0	78841.0	343939.0
	22.0	23.0	24.0	25.0	26.0	27.0	28.0	29.0	30.0	31.0	32.0	33.0	34.0	35.0	36.0	37.0	38.0	39.0	40.0
Par-CPas_008-Ex1-6E6F-lcwgs-1and2-T.clmp.fp2_repr.R2	2.0	9.0	67.0	260.0	731.0	1537.0	2583.0	3470.0	4512.0	5857.0	7258.0	9216.0	11812.0	15651.0	20885.0	28885.0	45399.0	91410.0	275391.0
	23.0	24.0	25.0	26.0	27.0	28.0	29.0	30.0	31.0	32.0	33.0	34.0	35.0	36.0	37.0	38.0	39.0	40.0
Par-CPas_010-Ex1-5A-lcwgs-1-T.clmp.fp2_repr.R1	1.0	3.0	48.0	270.0	1121.0	3152.0	6753.0	12067.0	18442.0	25832.0	35227.0	47727.0	65238.0	91134.0	137198.0	235368.0	600288.0	2825354.0
	22.0	23.0	24.0	25.0	26.0	27.0	28.0	29.0	30.0	31.0	32.0	33.0	34.0	35.0	36.0	37.0	38.0	39.0	40.0
Par-CPas_010-Ex1-5A-lcwgs-1-T.clmp.fp2_repr.R2	6.0	87.0	499.0	2083.0	5377.0	10655.0	17439.0	24411.0	32039.0	40548.0	50400.0	64206.0	83338.0	110626.0	149566.0	211563.0	335224.0	718051.0	2249105.0
	25.0	26.0	27.0	28.0	29.0	30.0	31.0	32.0	33.0	34.0	35.0	36.0	37.0	38.0	39.0	40.0
Par-CPas_013-Ex1-2F3G-lcwgs-1and2-T.clmp.fp2_repr.R1	1.0	6.0	29.0	79.0	151.0	239.0	336.0	438.0	529.0	752.0	1000.0	1190.0	1634.0	2785.0	6460.0	25625.0
	24.0	25.0	26.0	27.0	28.0	29.0	30.0	31.0	32.0	33.0	34.0	35.0	36.0	37.0	38.0	39.0	40.0
Par-CPas_013-Ex1-2F3G-lcwgs-1and2-T.clmp.fp2_repr.R2	5.0	32.0	68.0	134.0	230.0	283.0	398.0	530.0	612.0	762.0	1014.0	1276.0	1670.0	2436.0	3610.0	7058.0	21136.0
	25.0	26.0	27.0	28.0	29.0	30.0	31.0	32.0	33.0	34.0	35.0	36.0	37.0	38.0	39.0	40.0
Par-CPas_015-Ex1-7H-lcwgs-1-T.clmp.fp2_repr.R1	6.0	39.0	134.0	325.0	702.0	1257.0	1879.0	2595.0	3470.0	4690.0	6308.0	8543.0	12948.0	20963.0	51169.0	220800.0
	22.0	23.0	24.0	25.0	26.0	27.0	28.0	29.0	30.0	31.0	32.0	33.0	34.0	35.0	36.0	37.0	38.0	39.0	40.0
Par-CPas_015-Ex1-7H-lcwgs-1-T.clmp.fp2_repr.R2	2.0	10.0	47.0	159.0	528.0	972.0	1521.0	2203.0	2945.0	3746.0	4636.0	6055.0	8056.0	10708.0	14309.0	19307.0	29991.0	60840.0	169793.0
	25.0	26.0	27.0	28.0	29.0	30.0	31.0	32.0	33.0	34.0	35.0	36.0	37.0	38.0	39.0	40.0
Par-CPas_016-Ex1-6F6G-lcwgs-1and2-T.clmp.fp2_repr.R1	8.0	27.0	99.0	284.0	621.0	1066.0	1566.0	2230.0	2989.0	3982.0	5261.0	7236.0	10818.0	18258.0	44080.0	194414.0
	23.0	24.0	25.0	26.0	27.0	28.0	29.0	30.0	31.0	32.0	33.0	34.0	35.0	36.0	37.0	38.0	39.0	40.0
Par-CPas_016-Ex1-6F6G-lcwgs-1and2-T.clmp.fp2_repr.R2	4.0	44.0	170.0	437.0	888.0	1338.0	1938.0	2559.0	3232.0	4115.0	5269.0	6713.0	8868.0	11825.0	16730.0	25467.0	51659.0	151683.0
	25.0	26.0	27.0	28.0	29.0	30.0	31.0	32.0	33.0	34.0	35.0	36.0	37.0	38.0	39.0	40.0
Par-CPas_018-Ex1-3H4H-lcwgs-1and2-T.clmp.fp2_repr.R1	4.0	10.0	75.0	150.0	290.0	473.0	692.0	1002.0	1290.0	1655.0	2225.0	2918.0	4233.0	7331.0	16730.0	75108.0
	22.0	23.0	24.0	25.0	26.0	27.0	28.0	29.0	30.0	31.0	32.0	33.0	34.0	35.0	36.0	37.0	38.0	39.0	40.0
Par-CPas_018-Ex1-3H4H-lcwgs-1and2-T.clmp.fp2_repr.R2	2.0	6.0	11.0	69.0	162.0	324.0	485.0	709.0	883.0	1183.0	1492.0	1914.0	2408.0	3208.0	4460.0	6091.0	9232.0	19331.0	62216.0
	24.0	25.0	26.0	27.0	28.0	29.0	30.0	31.0	32.0	33.0	34.0	35.0	36.0	37.0	38.0	39.0	40.0
Par-CPas_020-Ex1-6A-lcwgs-1-T.clmp.fp2_repr.R1	2.0	7.0	34.0	85.0	253.0	570.0	892.0	1319.0	1750.0	2321.0	2950.0	3756.0	5300.0	7539.0	12462.0	28868.0	126030.0
	23.0	24.0	25.0	26.0	27.0	28.0	29.0	30.0	31.0	32.0	33.0	34.0	35.0	36.0	37.0	38.0	39.0	40.0
Par-CPas_020-Ex1-6A-lcwgs-1-T.clmp.fp2_repr.R2	3.0	29.0	94.0	253.0	511.0	843.0	1213.0	1712.0	2125.0	2692.0	3486.0	4349.0	5781.0	7850.0	10712.0	16456.0	32989.0	103040.0
	24.0	25.0	26.0	27.0	28.0	29.0	30.0	31.0	32.0	33.0	34.0	35.0	36.0	37.0	38.0	39.0	40.0
Par-CPas_023-Ex1-8H-lcwgs-1-T.clmp.fp2_repr.R1	2.0	11.0	53.0	182.0	507.0	1047.0	1765.0	2639.0	3825.0	5202.0	7183.0	9585.0	13778.0	20420.0	34349.0	86369.0	389471.0
	22.0	23.0	24.0	25.0	26.0	27.0	28.0	29.0	30.0	31.0	32.0	33.0	34.0	35.0	36.0	37.0	38.0	39.0	40.0
Par-CPas_023-Ex1-8H-lcwgs-1-T.clmp.fp2_repr.R2	2.0	7.0	81.0	316.0	857.0	1703.0	2737.0	3923.0	5068.0	6377.0	8072.0	10088.0	13104.0	17242.0	23281.0	32548.0	51276.0	105698.0	294008.0
	25.0	26.0	27.0	28.0	29.0	30.0	31.0	32.0	33.0	34.0	35.0	36.0	37.0	38.0	39.0	40.0
Par-CPas_027-Ex1-2E-lcwgs-1-T.clmp.fp2_repr.R1	3.0	11.0	46.0	115.0	234.0	360.0	491.0	654.0	815.0	1030.0	1306.0	1618.0	2331.0	3747.0	8351.0	31635.0
	23.0	24.0	25.0	26.0	27.0	28.0	29.0	30.0	31.0	32.0	33.0	34.0	35.0	36.0	37.0	38.0	39.0	40.0
Par-CPas_027-Ex1-2E-lcwgs-1-T.clmp.fp2_repr.R2	1.0	6.0	19.0	79.0	170.0	227.0	410.0	478.0	632.0	733.0	943.0	1247.0	1641.0	2120.0	2841.0	4504.0	8476.0	28220.0
	23.0	24.0	25.0	26.0	27.0	28.0	29.0	30.0	31.0	32.0	33.0	34.0	35.0	36.0	37.0	38.0	39.0	40.0
Par-CPas_028-Ex1-3C-lcwgs-1-T.clmp.fp2_repr.R1	2.0	8.0	35.0	221.0	753.0	2073.0	4159.0	7013.0	9972.0	13458.0	17841.0	22999.0	29744.0	40937.0	58352.0	98188.0	238784.0	1441216.0
	23.0	24.0	25.0	26.0	27.0	28.0	29.0	30.0	31.0	32.0	33.0	34.0	35.0	36.0	37.0	38.0	39.0	40.0
Par-CPas_028-Ex1-3C-lcwgs-1-T.clmp.fp2_repr.R2	23.0	130.0	515.0	1421.0	2903.0	4937.0	7340.0	9959.0	13314.0	17690.0	23596.0	31604.0	43187.0	59354.0	82397.0	127050.0	269481.0	1290854.0
	24.0	25.0	26.0	27.0	28.0	29.0	30.0	31.0	32.0	33.0	34.0	35.0	36.0	37.0	38.0	39.0	40.0
Par-CPas_033-Ex1-5F-lcwgs-1-T.clmp.fp2_repr.R1	1.0	18.0	108.0	293.0	871.0	1790.0	3140.0	4766.0	6715.0	8839.0	11891.0	16156.0	22369.0	33432.0	57084.0	143846.0	702014.0
	23.0	24.0	25.0	26.0	27.0	28.0	29.0	30.0	31.0	32.0	33.0	34.0	35.0	36.0	37.0	38.0	39.0	40.0
Par-CPas_033-Ex1-5F-lcwgs-1-T.clmp.fp2_repr.R2	22.0	117.0	436.0	1240.0	2499.0	4089.0	5735.0	7470.0	9524.0	11985.0	15213.0	19868.0	26223.0	35776.0	50284.0	79442.0	170012.0	573398.0
	24.0	25.0	26.0	27.0	28.0	29.0	30.0	31.0	32.0	33.0	34.0	35.0	36.0	37.0	38.0	39.0	40.0
Par-CPas_035-Ex1-2G3H-lcwgs-1and2-T.clmp.fp2_repr.R1	2.0	8.0	59.0	215.0	556.0	1171.0	1932.0	3081.0	4354.0	5732.0	7964.0	10419.0	14662.0	21754.0	37263.0	92785.0	434498.0
	23.0	24.0	25.0	26.0	27.0	28.0	29.0	30.0	31.0	32.0	33.0	34.0	35.0	36.0	37.0	38.0	39.0	40.0
Par-CPas_035-Ex1-2G3H-lcwgs-1and2-T.clmp.fp2_repr.R2	10.0	81.0	305.0	892.0	1654.0	2666.0	3882.0	5026.0	6362.0	8097.0	10308.0	13568.0	17884.0	24107.0	34068.0	52794.0	110229.0	344522.0
	24.0	25.0	26.0	27.0	28.0	29.0	30.0	31.0	32.0	33.0	34.0	35.0	36.0	37.0	38.0	39.0	40.0
Par-CPas_037-Ex1-7C7D-lcwgs-1and2-T.clmp.fp2_repr.R1	1.0	7.0	26.0	76.0	234.0	387.0	686.0	945.0	1252.0	1589.0	1913.0	2448.0	3186.0	4506.0	7111.0	15745.0	64131.0
	23.0	24.0	25.0	26.0	27.0	28.0	29.0	30.0	31.0	32.0	33.0	34.0	35.0	36.0	37.0	38.0	39.0	40.0
Par-CPas_037-Ex1-7C7D-lcwgs-1and2-T.clmp.fp2_repr.R2	1.0	8.0	70.0	145.0	272.0	470.0	650.0	847.0	1190.0	1477.0	1785.0	2390.0	3032.0	4099.0	5486.0	8397.0	16546.0	57378.0
	23.0	24.0	25.0	26.0	27.0	28.0	29.0	30.0	31.0	32.0	33.0	34.0	35.0	36.0	37.0	38.0	39.0	40.0
Par-CPas_038-Ex1-4D-lcwgs-1-T.clmp.fp2_repr.R1	1.0	9.0	121.0	719.0	2573.0	7209.0	15378.0	26609.0	40631.0	56940.0	77271.0	103598.0	140304.0	197014.0	293471.0	498730.0	1227841.0	6015670.0
	22.0	23.0	24.0	25.0	26.0	27.0	28.0	29.0	30.0	31.0	32.0	33.0	34.0	35.0	36.0	37.0	38.0	39.0	40.0
Par-CPas_038-Ex1-4D-lcwgs-1-T.clmp.fp2_repr.R2	9.0	151.0	927.0	3861.0	10456.0	21150.0	34012.0	48574.0	64372.0	82154.0	105845.0	138822.0	185118.0	250887.0	340872.0	470939.0	716862.0	1469132.0	4759946.0
	25.0	26.0	27.0	28.0	29.0	30.0	31.0	32.0	33.0	34.0	35.0	36.0	37.0	38.0	39.0	40.0
Par-CPas_041-Ex1-8F-lcwgs-1-T.clmp.fp2_repr.R1	8.0	32.0	82.0	265.0	518.0	832.0	1224.0	1629.0	2190.0	2834.0	3740.0	5159.0	7541.0	12294.0	29792.0	120516.0
	23.0	24.0	25.0	26.0	27.0	28.0	29.0	30.0	31.0	32.0	33.0	34.0	35.0	36.0	37.0	38.0	39.0	40.0
Par-CPas_041-Ex1-8F-lcwgs-1-T.clmp.fp2_repr.R2	1.0	27.0	82.0	325.0	575.0	917.0	1327.0	1741.0	2108.0	2746.0	3568.0	4550.0	6089.0	8023.0	11177.0	17083.0	34377.0	93940.0
	25.0	26.0	27.0	28.0	29.0	30.0	31.0	32.0	33.0	34.0	35.0	36.0	37.0	38.0	39.0	40.0
Par-CPas_043-Ex1-7F7G-lcwgs-1and2-T.clmp.fp2_repr.R1	10.0	43.0	125.0	321.0	686.0	1004.0	1458.0	2055.0	2602.0	3573.0	4486.0	6179.0	8995.0	15207.0	36458.0	154609.0
	23.0	24.0	25.0	26.0	27.0	28.0	29.0	30.0	31.0	32.0	33.0	34.0	35.0	36.0	37.0	38.0	39.0	40.0
Par-CPas_043-Ex1-7F7G-lcwgs-1and2-T.clmp.fp2_repr.R2	7.0	33.0	125.0	340.0	697.0	1117.0	1593.0	1986.0	2546.0	3229.0	4110.0	5425.0	7127.0	9582.0	13406.0	20512.0	41569.0	124407.0
	25.0	26.0	27.0	28.0	29.0	30.0	31.0	32.0	33.0	34.0	35.0	36.0	37.0	38.0	39.0	40.0
Par-CPas_044-Ex1-8D-lcwgs-1-T.clmp.fp2_repr.R1	8.0	17.0	71.0	165.0	327.0	530.0	726.0	970.0	1247.0	1577.0	2006.0	2545.0	3659.0	6002.0	13114.0	52534.0
	23.0	24.0	25.0	26.0	27.0	28.0	29.0	30.0	31.0	32.0	33.0	34.0	35.0	36.0	37.0	38.0	39.0	40.0
Par-CPas_044-Ex1-8D-lcwgs-1-T.clmp.fp2_repr.R2	4.0	13.0	53.0	136.0	226.0	377.0	590.0	796.0	910.0	1221.0	1592.0	1954.0	2682.0	3505.0	4801.0	7099.0	13710.0	45829.0
	25.0	26.0	27.0	28.0	29.0	30.0	31.0	32.0	33.0	34.0	35.0	36.0	37.0	38.0	39.0	40.0
Par-CPas_045-Ex1-6H7A-lcwgs-1and2-T.clmp.fp2_repr.R1	2.0	26.0	86.0	219.0	430.0	661.0	940.0	1265.0	1544.0	1999.0	2573.0	3284.0	4655.0	7350.0	16401.0	68570.0
	23.0	24.0	25.0	26.0	27.0	28.0	29.0	30.0	31.0	32.0	33.0	34.0	35.0	36.0	37.0	38.0	39.0	40.0
Par-CPas_045-Ex1-6H7A-lcwgs-1and2-T.clmp.fp2_repr.R2	1.0	10.0	48.0	129.0	311.0	448.0	751.0	897.0	1140.0	1541.0	1889.0	2429.0	3034.0	4306.0	5662.0	8657.0	17246.0	61506.0
	24.0	25.0	26.0	27.0	28.0	29.0	30.0	31.0	32.0	33.0	34.0	35.0	36.0	37.0	38.0	39.0	40.0
Par-CPas_046-Ex1-3G-lcwgs-1-T.clmp.fp2_repr.R1	1.0	2.0	16.0	34.0	97.0	191.0	366.0	542.0	686.0	889.0	1117.0	1519.0	2021.0	2998.0	4769.0	11591.0	48282.0
	23.0	24.0	25.0	26.0	27.0	28.0	29.0	30.0	31.0	32.0	33.0	34.0	35.0	36.0	37.0	38.0	39.0	40.0
Par-CPas_046-Ex1-3G-lcwgs-1-T.clmp.fp2_repr.R2	1.0	6.0	38.0	107.0	244.0	364.0	530.0	706.0	839.0	1052.0	1301.0	1713.0	2255.0	2990.0	4273.0	6561.0	13218.0	38923.0
	25.0	26.0	27.0	28.0	29.0	30.0	31.0	32.0	33.0	34.0	35.0	36.0	37.0	38.0	39.0	40.0
Par-CPas_047-Ex1-2H-lcwgs-1-T.clmp.fp2_repr.R1	2.0	12.0	48.0	136.0	216.0	382.0	556.0	679.0	817.0	1007.0	1301.0	1720.0	2458.0	3746.0	8280.0	31963.0
	24.0	25.0	26.0	27.0	28.0	29.0	30.0	31.0	32.0	33.0	34.0	35.0	36.0	37.0	38.0	39.0	40.0
Par-CPas_047-Ex1-2H-lcwgs-1-T.clmp.fp2_repr.R2	6.0	36.0	81.0	144.0	272.0	363.0	500.0	620.0	801.0	979.0	1266.0	1699.0	2137.0	2854.0	4417.0	8577.0	28571.0
	24.0	25.0	26.0	27.0	28.0	29.0	30.0	31.0	32.0	33.0	34.0	35.0	36.0	37.0	38.0	39.0	40.0
Par-CPas_048-Ex1-4E-lcwgs-1-T.clmp.fp2_repr.R1	2.0	33.0	168.0	639.0	1777.0	3893.0	6465.0	10053.0	13943.0	18775.0	25523.0	34271.0	47588.0	71231.0	121166.0	298472.0	1446047.0
	22.0	23.0	24.0	25.0	26.0	27.0	28.0	29.0	30.0	31.0	32.0	33.0	34.0	35.0	36.0	37.0	38.0	39.0	40.0
Par-CPas_048-Ex1-4E-lcwgs-1-T.clmp.fp2_repr.R2	2.0	41.0	240.0	994.0	2591.0	5364.0	8358.0	11842.0	15602.0	20110.0	25551.0	32420.0	42800.0	57574.0	77918.0	108675.0	169445.0	356721.0	1163798.0
	23.0	24.0	25.0	26.0	27.0	28.0	29.0	30.0	31.0	32.0	33.0	34.0	35.0	36.0	37.0	38.0	39.0	40.0
Par-CPas_049-Ex1-4B-lcwgs-1-T.clmp.fp2_repr.R1	2.0	14.0	116.0	770.0	2743.0	7646.0	16066.0	28166.0	43271.0	61184.0	83599.0	111714.0	153110.0	215162.0	321108.0	550477.0	1368134.0	6489247.0
	22.0	23.0	24.0	25.0	26.0	27.0	28.0	29.0	30.0	31.0	32.0	33.0	34.0	35.0	36.0	37.0	38.0	39.0	40.0
Par-CPas_049-Ex1-4B-lcwgs-1-T.clmp.fp2_repr.R2	13.0	174.0	1129.0	4598.0	12380.0	24809.0	39739.0	56005.0	73427.0	92796.0	117732.0	151835.0	199778.0	267617.0	359846.0	501445.0	776993.0	1623583.0	5148630.0
	23.0	24.0	25.0	26.0	27.0	28.0	29.0	30.0	31.0	32.0	33.0	34.0	35.0	36.0	37.0	38.0	39.0	40.0
Par-CPas_055-Ex1-4F5E-lcwgs-1and2-T.clmp.fp2_repr.R1	2.0	3.0	81.0	441.0	1589.0	4395.0	9346.0	15944.0	24107.0	34244.0	46524.0	61998.0	83590.0	115917.0	172714.0	294413.0	731994.0	3707573.0
	21.0	22.0	23.0	24.0	25.0	26.0	27.0	28.0	29.0	30.0	31.0	32.0	33.0	34.0	35.0	36.0	37.0	38.0	39.0	40.0
Par-CPas_055-Ex1-4F5E-lcwgs-1and2-T.clmp.fp2_repr.R2	1.0	8.0	96.0	622.0	2398.0	6266.0	12843.0	20538.0	29332.0	38390.0	48921.0	61389.0	78570.0	102638.0	136866.0	185537.0	257789.0	405153.0	858121.0	3059397.0
	24.0	25.0	26.0	27.0	28.0	29.0	30.0	31.0	32.0	33.0	34.0	35.0	36.0	37.0	38.0	39.0	40.0
Par-CPas_058-Ex1-5D-lcwgs-1-T.clmp.fp2_repr.R1	6.0	60.0	417.0	1534.0	4142.0	8611.0	14906.0	22423.0	31838.0	42680.0	56688.0	76431.0	106111.0	156629.0	265174.0	667085.0	3406762.0
	22.0	23.0	24.0	25.0	26.0	27.0	28.0	29.0	30.0	31.0	32.0	33.0	34.0	35.0	36.0	37.0	38.0	39.0	40.0
Par-CPas_058-Ex1-5D-lcwgs-1-T.clmp.fp2_repr.R2	9.0	85.0	556.0	2082.0	5697.0	11283.0	18197.0	26125.0	34746.0	43741.0	55300.0	70464.0	92440.0	121884.0	164488.0	232759.0	368193.0	790415.0	2823033.0
	24.0	25.0	26.0	27.0	28.0	29.0	30.0	31.0	32.0	33.0	34.0	35.0	36.0	37.0	38.0	39.0	40.0
Par-CPas_059-Ex1-3A-lcwgs-1-T.clmp.fp2_repr.R1	2.0	3.0	39.0	158.0	477.0	889.0	1647.0	2506.0	3446.0	4720.0	6519.0	8972.0	12675.0	18779.0	31866.0	79960.0	360261.0
	22.0	23.0	24.0	25.0	26.0	27.0	28.0	29.0	30.0	31.0	32.0	33.0	34.0	35.0	36.0	37.0	38.0	39.0	40.0
Par-CPas_059-Ex1-3A-lcwgs-1-T.clmp.fp2_repr.R2	2.0	14.0	87.0	318.0	765.0	1538.0	2539.0	3461.0	4633.0	5889.0	7557.0	9374.0	12041.0	15749.0	21451.0	29986.0	48064.0	98295.0	271156.0
	25.0	26.0	27.0	28.0	29.0	30.0	31.0	32.0	33.0	34.0	35.0	36.0	37.0	38.0	39.0	40.0
Par-CPas_061-Ex1-3D-lcwgs-1-T.clmp.fp2_repr.R1	4.0	33.0	125.0	314.0	583.0	1086.0	1641.0	2281.0	3090.0	4142.0	5629.0	7966.0	11694.0	20205.0	49779.0	229558.0
	23.0	24.0	25.0	26.0	27.0	28.0	29.0	30.0	31.0	32.0	33.0	34.0	35.0	36.0	37.0	38.0	39.0	40.0
Par-CPas_061-Ex1-3D-lcwgs-1-T.clmp.fp2_repr.R2	5.0	42.0	164.0	489.0	918.0	1480.0	2111.0	2708.0	3392.0	4388.0	5714.0	7484.0	9744.0	13144.0	18293.0	28674.0	59655.0	179725.0
	24.0	25.0	26.0	27.0	28.0	29.0	30.0	31.0	32.0	33.0	34.0	35.0	36.0	37.0	38.0	39.0	40.0
Par-CPas_062-Ex1-5E-lcwgs-1-T.clmp.fp2_repr.R1	3.0	47.0	181.0	844.0	2204.0	4863.0	8720.0	13677.0	19814.0	27251.0	37473.0	51261.0	73009.0	109546.0	187640.0	465722.0	1983597.0
	22.0	23.0	24.0	25.0	26.0	27.0	28.0	29.0	30.0	31.0	32.0	33.0	34.0	35.0	36.0	37.0	38.0	39.0	40.0
Par-CPas_062-Ex1-5E-lcwgs-1-T.clmp.fp2_repr.R2	5.0	66.0	403.0	1589.0	4556.0	9077.0	14437.0	20515.0	26868.0	34349.0	43079.0	55577.0	72875.0	97634.0	130443.0	180845.0	279101.0	566285.0	1448148.0
	23.0	24.0	25.0	26.0	27.0	28.0	29.0	30.0	31.0	32.0	33.0	34.0	35.0	36.0	37.0	38.0	39.0	40.0
Par-CPas_063-Ex1-8B8C-lcwgs-1and2-T.clmp.fp2_repr.R1	1.0	10.0	72.0	462.0	1728.0	4980.0	10502.0	18497.0	28496.0	40669.0	55666.0	75619.0	102615.0	145567.0	216396.0	368273.0	912779.0	4161068.0
	22.0	23.0	24.0	25.0	26.0	27.0	28.0	29.0	30.0	31.0	32.0	33.0	34.0	35.0	36.0	37.0	38.0	39.0	40.0
Par-CPas_063-Ex1-8B8C-lcwgs-1and2-T.clmp.fp2_repr.R2	8.0	123.0	828.0	3311.0	8809.0	17263.0	28415.0	39897.0	51496.0	65682.0	83587.0	108957.0	145250.0	195600.0	262936.0	360503.0	543993.0	1111014.0	3115728.0
	24.0	25.0	26.0	27.0	28.0	29.0	30.0	31.0	32.0	33.0	34.0	35.0	36.0	37.0	38.0	39.0	40.0
Par-CPas_064-Ex1-6C6D-lcwgs-1and2-T.clmp.fp2_repr.R1	1.0	1.0	18.0	67.0	199.0	357.0	648.0	880.0	1211.0	1637.0	2096.0	2796.0	3627.0	5368.0	8736.0	20258.0	90107.0
	23.0	24.0	25.0	26.0	27.0	28.0	29.0	30.0	31.0	32.0	33.0	34.0	35.0	36.0	37.0	38.0	39.0	40.0
Par-CPas_064-Ex1-6C6D-lcwgs-1and2-T.clmp.fp2_repr.R2	2.0	9.0	66.0	182.0	352.0	652.0	885.0	1161.0	1461.0	1915.0	2450.0	3158.0	4162.0	5592.0	7636.0	11730.0	23359.0	73235.0
	23.0	24.0	25.0	26.0	27.0	28.0	29.0	30.0	31.0	32.0	33.0	34.0	35.0	36.0	37.0	38.0	39.0	40.0
Par-CPas_065-Ex1-3E-lcwgs-1-T.clmp.fp2_repr.R1	1.0	1.0	2.0	18.0	74.0	215.0	475.0	775.0	1188.0	1647.0	2223.0	3103.0	4178.0	5639.0	8604.0	14291.0	36097.0	159385.0
	23.0	24.0	25.0	26.0	27.0	28.0	29.0	30.0	31.0	32.0	33.0	34.0	35.0	36.0	37.0	38.0	39.0	40.0
Par-CPas_065-Ex1-3E-lcwgs-1-T.clmp.fp2_repr.R2	4.0	31.0	117.0	324.0	630.0	1096.0	1518.0	2038.0	2554.0	3186.0	4050.0	5389.0	6965.0	9357.0	13237.0	20436.0	42357.0	124627.0
	25.0	26.0	27.0	28.0	29.0	30.0	31.0	32.0	33.0	34.0	35.0	36.0	37.0	38.0	39.0	40.0
Par-CPas_066-Ex1-8G-lcwgs-1-T.clmp.fp2_repr.R1	8.0	46.0	175.0	391.0	873.0	1447.0	2067.0	3025.0	3886.0	5062.0	6804.0	9388.0	13559.0	22585.0	54338.0	240885.0
	22.0	23.0	24.0	25.0	26.0	27.0	28.0	29.0	30.0	31.0	32.0	33.0	34.0	35.0	36.0	37.0	38.0	39.0	40.0
Par-CPas_066-Ex1-8G-lcwgs-1-T.clmp.fp2_repr.R2	2.0	6.0	43.0	172.0	465.0	973.0	1641.0	2159.0	2929.0	3677.0	4827.0	6239.0	8176.0	10860.0	14771.0	20036.0	30612.0	62092.0	194859.0
	23.0	24.0	25.0	26.0	27.0	28.0	29.0	30.0	31.0	32.0	33.0	34.0	35.0	36.0	37.0	38.0	39.0	40.0
Par-CPas_067-Ex1-7E7F-lcwgs-1and2-T.clmp.fp2_repr.R1	3.0	23.0	294.0	1543.0	5812.0	15349.0	31219.0	52502.0	77154.0	105164.0	137999.0	178912.0	235457.0	320631.0	468137.0	789463.0	1975102.0	11645638.0
	21.0	22.0	23.0	24.0	25.0	26.0	27.0	28.0	29.0	30.0	31.0	32.0	33.0	34.0	35.0	36.0	37.0	38.0	39.0	40.0
Par-CPas_067-Ex1-7E7F-lcwgs-1and2-T.clmp.fp2_repr.R2	2.0	21.0	185.0	1233.0	4835.0	13507.0	26974.0	44104.0	64557.0	86894.0	112460.0	145486.0	190492.0	252313.0	340378.0	463302.0	653556.0	1029178.0	2253831.0	10357094.0
	24.0	25.0	26.0	27.0	28.0	29.0	30.0	31.0	32.0	33.0	34.0	35.0	36.0	37.0	38.0	39.0	40.0
Par-CPas_068-Ex1-4H-lcwgs-1-T.clmp.fp2_repr.R1	15.0	121.0	714.0	2848.0	7845.0	17020.0	29901.0	45688.0	65169.0	89447.0	119971.0	163331.0	228312.0	341604.0	582113.0	1470440.0	7015234.0
	22.0	23.0	24.0	25.0	26.0	27.0	28.0	29.0	30.0	31.0	32.0	33.0	34.0	35.0	36.0	37.0	38.0	39.0	40.0
Par-CPas_068-Ex1-4H-lcwgs-1-T.clmp.fp2_repr.R2	11.0	198.0	1336.0	5019.0	13983.0	27580.0	44836.0	62754.0	82020.0	103488.0	129836.0	164904.0	211660.0	279460.0	375881.0	530234.0	845422.0	1792333.0	5508818.0
	24.0	25.0	26.0	27.0	28.0	29.0	30.0	31.0	32.0	33.0	34.0	35.0	36.0	37.0	38.0	39.0	40.0
Par-CPas_069-Ex1-5B-lcwgs-1-T.clmp.fp2_repr.R1	3.0	7.0	30.0	102.0	313.0	618.0	1087.0	1498.0	2049.0	2560.0	3233.0	4281.0	5575.0	8278.0	13691.0	31839.0	135593.0
	22.0	23.0	24.0	25.0	26.0	27.0	28.0	29.0	30.0	31.0	32.0	33.0	34.0	35.0	36.0	37.0	38.0	39.0	40.0
Par-CPas_069-Ex1-5B-lcwgs-1-T.clmp.fp2_repr.R2	1.0	4.0	31.0	112.0	272.0	592.0	911.0	1370.0	1795.0	2322.0	2862.0	3590.0	4635.0	6060.0	8071.0	11218.0	17346.0	35463.0	114102.0
	25.0	26.0	27.0	28.0	29.0	30.0	31.0	32.0	33.0	34.0	35.0	36.0	37.0	38.0	39.0	40.0
Par-CPas_070-Ex1-4C2D-lcwgs-1and2-T.clmp.fp2_repr.R1	6.0	30.0	92.0	328.0	684.0	1023.0	1686.0	2296.0	3102.0	4001.0	5310.0	7405.0	11011.0	18722.0	46957.0	226396.0
	22.0	23.0	24.0	25.0	26.0	27.0	28.0	29.0	30.0	31.0	32.0	33.0	34.0	35.0	36.0	37.0	38.0	39.0	40.0
Par-CPas_070-Ex1-4C2D-lcwgs-1and2-T.clmp.fp2_repr.R2	1.0	6.0	27.0	106.0	349.0	723.0	1203.0	1736.0	2210.0	3001.0	3788.0	4718.0	6285.0	8353.0	11468.0	15953.0	25633.0	54433.0	189056.0
	25.0	26.0	27.0	28.0	29.0	30.0	31.0	32.0	33.0	34.0	35.0	36.0	37.0	38.0	39.0	40.0
Par-CPas_071-Ex1-6B-lcwgs-1-T.clmp.fp2_repr.R1	2.0	17.0	40.0	106.0	212.0	323.0	485.0	632.0	789.0	962.0	1226.0	1543.0	2198.0	3453.0	7361.0	30950.0
	23.0	24.0	25.0	26.0	27.0	28.0	29.0	30.0	31.0	32.0	33.0	34.0	35.0	36.0	37.0	38.0	39.0	40.0
Par-CPas_071-Ex1-6B-lcwgs-1-T.clmp.fp2_repr.R2	1.0	13.0	25.0	72.0	140.0	231.0	304.0	406.0	536.0	705.0	943.0	1163.0	1458.0	1897.0	2656.0	3991.0	7785.0	27973.0
	25.0	26.0	27.0	28.0	29.0	30.0	31.0	32.0	33.0	34.0	35.0	36.0	37.0	38.0	39.0	40.0
Par-CPas_072-Ex1-6D6E-lcwgs-1and2-T.clmp.fp2_repr.R1	5.0	25.0	73.0	203.0	381.0	654.0	963.0	1372.0	1749.0	2217.0	2912.0	3871.0	5655.0	9258.0	21959.0	100279.0
	23.0	24.0	25.0	26.0	27.0	28.0	29.0	30.0	31.0	32.0	33.0	34.0	35.0	36.0	37.0	38.0	39.0	40.0
Par-CPas_072-Ex1-6D6E-lcwgs-1and2-T.clmp.fp2_repr.R2	2.0	19.0	73.0	203.0	426.0	632.0	937.0	1208.0	1569.0	1958.0	2637.0	3303.0	4396.0	5779.0	7860.0	12071.0	24751.0	83752.0
	23.0	24.0	25.0	26.0	27.0	28.0	29.0	30.0	31.0	32.0	33.0	34.0	35.0	36.0	37.0	38.0	39.0	40.0
Par-CPas_073-Ex1-8E8F-lcwgs-1and2-T.clmp.fp2_repr.R1	1.0	10.0	85.0	415.0	1725.0	4679.0	9928.0	17308.0	26246.0	36433.0	49645.0	65999.0	89220.0	124005.0	183259.0	311363.0	768172.0	3635752.0
	21.0	22.0	23.0	24.0	25.0	26.0	27.0	28.0	29.0	30.0	31.0	32.0	33.0	34.0	35.0	36.0	37.0	38.0	39.0	40.0
Par-CPas_073-Ex1-8E8F-lcwgs-1and2-T.clmp.fp2_repr.R2	1.0	9.0	88.0	663.0	2431.0	6832.0	13678.0	22114.0	31676.0	41754.0	52577.0	66917.0	85652.0	111682.0	148645.0	200255.0	279477.0	438039.0	916922.0	2904833.0
	23.0	24.0	25.0	26.0	27.0	28.0	29.0	30.0	31.0	32.0	33.0	34.0	35.0	36.0	37.0	38.0	39.0	40.0
Par-CPas_074-Ex1-4G-lcwgs-1-T.clmp.fp2_repr.R1	1.0	9.0	97.0	512.0	1934.0	5403.0	11281.0	19731.0	30472.0	42946.0	58799.0	79434.0	107468.0	149854.0	223786.0	380915.0	949130.0	4432656.0
	22.0	23.0	24.0	25.0	26.0	27.0	28.0	29.0	30.0	31.0	32.0	33.0	34.0	35.0	36.0	37.0	38.0	39.0	40.0
Par-CPas_074-Ex1-4G-lcwgs-1-T.clmp.fp2_repr.R2	13.0	127.0	855.0	3245.0	9169.0	18029.0	29108.0	41508.0	53647.0	67477.0	85585.0	107328.0	139469.0	184150.0	249035.0	348118.0	549397.0	1145619.0	3462549.0
	24.0	25.0	26.0	27.0	28.0	29.0	30.0	31.0	32.0	33.0	34.0	35.0	36.0	37.0	38.0	39.0	40.0
Par-CPas_075-Ex1-8A8B-lcwgs-1and2-T.clmp.fp2_repr.R1	12.0	42.0	288.0	1033.0	2595.0	5525.0	9269.0	14008.0	19545.0	25983.0	34560.0	46489.0	63501.0	94089.0	160185.0	393561.0	1966415.0
	22.0	23.0	24.0	25.0	26.0	27.0	28.0	29.0	30.0	31.0	32.0	33.0	34.0	35.0	36.0	37.0	38.0	39.0	40.0
Par-CPas_075-Ex1-8A8B-lcwgs-1and2-T.clmp.fp2_repr.R2	5.0	48.0	297.0	1223.0	3083.0	6339.0	10245.0	14578.0	19497.0	24487.0	31619.0	40763.0	53458.0	71665.0	98046.0	138113.0	216494.0	459217.0	1647923.0
	24.0	25.0	26.0	27.0	28.0	29.0	30.0	31.0	32.0	33.0	34.0	35.0	36.0	37.0	38.0	39.0	40.0
Par-CPas_076-Ex1-5G-lcwgs-1-T.clmp.fp2_repr.R1	2.0	8.0	84.0	258.0	706.0	1561.0	2672.0	4031.0	5950.0	8178.0	11050.0	15031.0	21350.0	31552.0	54482.0	134642.0	623173.0
	23.0	24.0	25.0	26.0	27.0	28.0	29.0	30.0	31.0	32.0	33.0	34.0	35.0	36.0	37.0	38.0	39.0	40.0
Par-CPas_076-Ex1-5G-lcwgs-1-T.clmp.fp2_repr.R2	21.0	114.0	467.0	1215.0	2518.0	4076.0	5777.0	7547.0	9547.0	12080.0	15966.0	20714.0	27401.0	36372.0	51282.0	79447.0	164226.0	475960.0
	24.0	25.0	26.0	27.0	28.0	29.0	30.0	31.0	32.0	33.0	34.0	35.0	36.0	37.0	38.0	39.0	40.0
Par-CPas_077-Ex1-7G7H-lcwgs-1and2-T.clmp.fp2_repr.R1	1.0	45.0	219.0	817.0	2341.0	5082.0	8958.0	13313.0	19072.0	25928.0	34717.0	46939.0	65947.0	97990.0	168563.0	422905.0	1922390.0
	22.0	23.0	24.0	25.0	26.0	27.0	28.0	29.0	30.0	31.0	32.0	33.0	34.0	35.0	36.0	37.0	38.0	39.0	40.0
Par-CPas_077-Ex1-7G7H-lcwgs-1and2-T.clmp.fp2_repr.R2	5.0	50.0	365.0	1403.0	3762.0	7695.0	12564.0	17536.0	23055.0	28793.0	36613.0	46873.0	61661.0	81130.0	110776.0	154009.0	241174.0	503761.0	1504002.0
	24.0	25.0	26.0	27.0	28.0	29.0	30.0	31.0	32.0	33.0	34.0	35.0	36.0	37.0	38.0	39.0	40.0
Par-CPas_079-Ex1-8C-lcwgs-1-T.clmp.fp2_repr.R1	12.0	95.0	635.0	2290.0	6331.0	13744.0	24186.0	37448.0	53601.0	74023.0	100898.0	137564.0	193926.0	289986.0	495768.0	1231284.0	5672021.0
	22.0	23.0	24.0	25.0	26.0	27.0	28.0	29.0	30.0	31.0	32.0	33.0	34.0	35.0	36.0	37.0	38.0	39.0	40.0
Par-CPas_079-Ex1-8C-lcwgs-1-T.clmp.fp2_repr.R2	11.0	158.0	1076.0	4229.0	11594.0	23004.0	36980.0	52658.0	68754.0	87393.0	110460.0	142305.0	185123.0	247206.0	333201.0	463024.0	720187.0	1491758.0	4354691.0
	25.0	26.0	27.0	28.0	29.0	30.0	31.0	32.0	33.0	34.0	35.0	36.0	37.0	38.0	39.0	40.0
Par-CPas_082-Ex1-6G6H-lcwgs-1and2-T.clmp.fp2_repr.R1	7.0	61.0	221.0	662.0	1334.0	2290.0	3474.0	4779.0	6369.0	8416.0	11785.0	16038.0	23962.0	40832.0	100212.0	466688.0
	22.0	23.0	24.0	25.0	26.0	27.0	28.0	29.0	30.0	31.0	32.0	33.0	34.0	35.0	36.0	37.0	38.0	39.0	40.0
Par-CPas_082-Ex1-6G6H-lcwgs-1and2-T.clmp.fp2_repr.R2	1.0	15.0	92.0	320.0	975.0	1909.0	2945.0	4258.0	5673.0	7053.0	8943.0	11512.0	15028.0	19891.0	26398.0	36813.0	57875.0	119632.0	367797.0
	23.0	24.0	25.0	26.0	27.0	28.0	29.0	30.0	31.0	32.0	33.0	34.0	35.0	36.0	37.0	38.0	39.0	40.0
Par-CPas_083-Ex1-4A-lcwgs-1-T.clmp.fp2_repr.R1	1.0	3.0	63.0	427.0	1584.0	4393.0	9423.0	16368.0	24789.0	34890.0	47225.0	63454.0	85246.0	119051.0	175841.0	298906.0	739037.0	3719699.0
	22.0	23.0	24.0	25.0	26.0	27.0	28.0	29.0	30.0	31.0	32.0	33.0	34.0	35.0	36.0	37.0	38.0	39.0	40.0
Par-CPas_083-Ex1-4A-lcwgs-1-T.clmp.fp2_repr.R2	11.0	98.0	562.0	2255.0	6218.0	12515.0	20124.0	28540.0	37987.0	49276.0	62530.0	81606.0	107137.0	143882.0	195026.0	269942.0	421318.0	885397.0	3015976.0
	24.0	25.0	26.0	27.0	28.0	29.0	30.0	31.0	32.0	33.0	34.0	35.0	36.0	37.0	38.0	39.0	40.0
Par-CPas_084-Ex1-3F4F-lcwgs-1and2-T.clmp.fp2_repr.R1	1.0	14.0	43.0	141.0	333.0	695.0	1186.0	1787.0	2355.0	2998.0	3968.0	5158.0	6811.0	9952.0	16552.0	38312.0	171505.0
	22.0	23.0	24.0	25.0	26.0	27.0	28.0	29.0	30.0	31.0	32.0	33.0	34.0	35.0	36.0	37.0	38.0	39.0	40.0
Par-CPas_084-Ex1-3F4F-lcwgs-1and2-T.clmp.fp2_repr.R2	2.0	4.0	28.0	139.0	358.0	708.0	1055.0	1603.0	2186.0	2692.0	3604.0	4466.0	5619.0	7466.0	9878.0	13774.0	21303.0	43390.0	143536.0
	25.0	26.0	27.0	28.0	29.0	30.0	31.0	32.0	33.0	34.0	35.0	36.0	37.0	38.0	39.0	40.0
Par-CPas_085-Ex1-2D3F-lcwgs-1and2-T.clmp.fp2_repr.R1	4.0	31.0	110.0	283.0	600.0	977.0	1427.0	1827.0	2408.0	3110.0	3768.0	5036.0	7090.0	11464.0	26207.0	116731.0
	23.0	24.0	25.0	26.0	27.0	28.0	29.0	30.0	31.0	32.0	33.0	34.0	35.0	36.0	37.0	38.0	39.0	40.0
Par-CPas_085-Ex1-2D3F-lcwgs-1and2-T.clmp.fp2_repr.R2	2.0	27.0	97.0	251.0	477.0	780.0	1114.0	1457.0	1895.0	2404.0	3017.0	3912.0	5152.0	6877.0	9446.0	14184.0	29320.0	100661.0
	24.0	25.0	26.0	27.0	28.0	29.0	30.0	31.0	32.0	33.0	34.0	35.0	36.0	37.0	38.0	39.0	40.0
Par-CPas_087-Ex1-5H-lcwgs-1-T.clmp.fp2_repr.R1	15.0	74.0	403.0	1571.0	4468.0	9447.0	16589.0	25462.0	36081.0	48169.0	65074.0	88091.0	123451.0	184513.0	316826.0	792764.0	3791063.0
	22.0	23.0	24.0	25.0	26.0	27.0	28.0	29.0	30.0	31.0	32.0	33.0	34.0	35.0	36.0	37.0	38.0	39.0	40.0
Par-CPas_087-Ex1-5H-lcwgs-1-T.clmp.fp2_repr.R2	2.0	105.0	673.0	2584.0	6926.0	14200.0	22637.0	32294.0	41810.0	52780.0	67077.0	86270.0	112913.0	151077.0	204255.0	286805.0	448285.0	943293.0	3030075.0

