Sample	1	2	3	4	5	6	7	8	9	10	11	12	13	14	15	16	17	18	19	20	21	22	23	24	25	26	27	28	29	30	31
Cch-CAL_001-5H-lcwgs-1-2.clmp.r1r2_fastp	94.11711387715825	5.36132039235725	0.4545057921346228	0.05677255599677285	0.008367851806515746	0.0015095969044414098	0.00027979597797836474	7.157571529679099e-05	3.25344160439959e-05	1.952064962639754e-05	0.0	6.50688320879918e-06	0.0	0.0	0.0	0.0	0.0	0.0	0.0	0.0	0.0	0.0	0.0	0.0	0.0	0.0	0.0	0.0	0.0	0.0	0.0
Cch-CAL_003-3G-lcwgs-1-2.clmp.r1r2_fastp	96.01524386459278	3.738671486530002	0.22354292016668384	0.019927480085467842	0.002244307781902938	0.00029595267453665113	4.1104538130090434e-05	2.4662722878054266e-05	8.220907626018087e-06	0.0	0.0	0.0	0.0	0.0	0.0	0.0	0.0	0.0	0.0	0.0	0.0	0.0	0.0	0.0	0.0	0.0	0.0	0.0	0.0	0.0	0.0
Cch-CAL_004-7E-lcwgs-1-2.clmp.r1r2_fastp	96.01554532876615	3.7421526772084617	0.22039772698929572	0.01930583427076697	0.0021814922643018596	0.0003424868401293022	3.72268304488372e-05	2.2336098269302317e-05	7.445366089767438e-06	7.445366089767438e-06	0.0	0.0	0.0	0.0	0.0	0.0	0.0	0.0	0.0	0.0	0.0	0.0	0.0	0.0	0.0	0.0	0.0	0.0	0.0	0.0	0.0
Cch-CAL_005-10E-lcwgs-1-2.clmp.r1r2_fastp	97.6852590240893	2.201591911045576	0.10382028558101744	0.008125065828079626	0.0012037134560117964	0.0	0.0	0.0	0.0	0.0	0.0	0.0	0.0	0.0	0.0	0.0	0.0	0.0	0.0	0.0	0.0	0.0	0.0	0.0	0.0	0.0	0.0	0.0	0.0	0.0	0.0
Cch-CAL_006-10A-lcwgs-1-2.clmp.r1r2_fastp	96.27433007642887	3.5048246600216806	0.2009512526070123	0.017846630945623217	0.0018661959262935954	0.00018118407051394132	0.0	0.0	0.0	0.0	0.0	0.0	0.0	0.0	0.0	0.0	0.0	0.0	0.0	0.0	0.0	0.0	0.0	0.0	0.0	0.0	0.0	0.0	0.0	0.0	0.0
Cch-CAL_008-3B-lcwgs-1-2.clmp.r1r2_fastp	99.27377327166029	0.6552021094311816	0.03995134813604766	0.010653692836279375	0.008878077363566146	0.0017756154727132292	0.0026634232090698437	0.0035512309454264583	0.0017756154727132292	0.0008878077363566146	0.0008878077363566146	0.0	0.0	0.0	0.0	0.0	0.0	0.0	0.0	0.0	0.0	0.0	0.0	0.0	0.0	0.0	0.0	0.0	0.0	0.0	0.0
Cch-CAL_009-3A-lcwgs-1-2.clmp.r1r2_fastp	96.86872695423996	2.948121803096795	0.1659121174852166	0.0148094498173694	0.001851181227171175	0.0005784941334909923	0.0	0.0	0.0	0.0	0.0	0.0	0.0	0.0	0.0	0.0	0.0	0.0	0.0	0.0	0.0	0.0	0.0	0.0	0.0	0.0	0.0	0.0	0.0	0.0	0.0
Cch-CAL_011-4D-lcwgs-1-2.clmp.r1r2_fastp	96.8757059328347	2.9529923704600987	0.15740025011393022	0.011883494666721226	0.0016816266037813056	0.0002802711006302176	0.0	0.0	0.0	0.0	0.0	5.6054220126043514e-05	0.0	0.0	0.0	0.0	0.0	0.0	0.0	0.0	0.0	0.0	0.0	0.0	0.0	0.0	0.0	0.0	0.0	0.0	0.0
Cch-CAL_012-1F-lcwgs-1-2.clmp.r1r2_fastp	95.99812511223189	3.7327808115779346	0.24343794749220637	0.022681505080810245	0.002515306735094675	0.00032808348718626194	0.00010936116239542065	2.187223247908413e-05	0.0	0.0	0.0	0.0	0.0	0.0	0.0	0.0	0.0	0.0	0.0	0.0	0.0	0.0	0.0	0.0	0.0	0.0	0.0	0.0	0.0	0.0	0.0
Cch-CAL_013-5C-lcwgs-1-2.clmp.r1r2_fastp	96.04685133992291	3.713035542972132	0.2185058781450667	0.019240604494599862	0.0021125889577114513	0.00024067469138484886	0.0	1.3370816188047158e-05	0.0	0.0	0.0	0.0	0.0	0.0	0.0	0.0	0.0	0.0	0.0	0.0	0.0	0.0	0.0	0.0	0.0	0.0	0.0	0.0	0.0	0.0	0.0
Cch-CAL_014-12A-lcwgs-1-2.clmp.r1r2_fastp	96.31986422109559	3.4669255612603407	0.19470804535199135	0.016427854677752905	0.001759465833581202	0.00024076900880584865	7.408277194026113e-05	0.0	0.0	0.0	0.0	0.0	0.0	0.0	0.0	0.0	0.0	0.0	0.0	0.0	0.0	0.0	0.0	0.0	0.0	0.0	0.0	0.0	0.0	0.0	0.0
Cch-CAL_015-2D-lcwgs-1-2.clmp.r1r2_fastp	96.39006915785794	3.4071031351672714	0.18656835636899116	0.013726962665738283	0.0021063787538805295	0.00040234200916819103	0.0	2.3667177009893592e-05	0.0	0.0	0.0	0.0	0.0	0.0	0.0	0.0	0.0	0.0	0.0	0.0	0.0	0.0	0.0	0.0	0.0	0.0	0.0	0.0	0.0	0.0	0.0
Cch-CAL_016-12C-lcwgs-1-2.clmp.r1r2_fastp	96.15404671492625	3.618114700702101	0.20869248484461697	0.017200357705176528	0.0017745165415295242	0.0001400934111733835	0.0	1.556593457482039e-05	1.556593457482039e-05	0.0	0.0	0.0	0.0	0.0	0.0	0.0	0.0	0.0	0.0	0.0	0.0	0.0	0.0	0.0	0.0	0.0	0.0	0.0	0.0	0.0	0.0
Cch-CAL_017-4B-lcwgs-1-2.clmp.r1r2_fastp	96.08457515317768	3.683201277983028	0.2119157148038826	0.01787797043089574	0.00209051438599692	0.0002986449122852743	1.3574768740239741e-05	1.3574768740239741e-05	1.3574768740239741e-05	0.0	0.0	0.0	0.0	0.0	0.0	0.0	0.0	0.0	0.0	0.0	0.0	0.0	0.0	0.0	0.0	0.0	0.0	0.0	0.0	0.0	0.0
Cch-CAL_018-11G-lcwgs-1-2.clmp.r1r2_fastp	96.0950087321042	3.6635009505744276	0.218682261722438	0.020458482032209215	0.002005733532569531	0.000315186697975212	2.865333617956473e-05	0.0	0.0	0.0	0.0	0.0	0.0	0.0	0.0	0.0	0.0	0.0	0.0	0.0	0.0	0.0	0.0	0.0	0.0	0.0	0.0	0.0	0.0	0.0	0.0
Cch-CAL_019-2A-lcwgs-1-2.clmp.r1r2_fastp	92.79670279570892	6.494220788303018	0.612922563146652	0.08045625820394062	0.012755599718709118	0.0023299486945297463	0.000410349173066433	0.00013214634386885129	2.782028291975817e-05	2.782028291975817e-05	6.955070729939542e-06	6.955070729939542e-06	0.0	0.0	0.0	0.0	0.0	0.0	0.0	0.0	0.0	0.0	0.0	0.0	0.0	0.0	0.0	0.0	0.0	0.0	0.0
Cch-CAL_021-1E-lcwgs-1-2.clmp.r1r2_fastp	97.82800016105931	2.0811163711036587	0.08168007868897721	0.007477753682793689	0.001725635465260082	0.0	0.0	0.0	0.0	0.0	0.0	0.0	0.0	0.0	0.0	0.0	0.0	0.0	0.0	0.0	0.0	0.0	0.0	0.0	0.0	0.0	0.0	0.0	0.0	0.0	0.0
Cch-CAL_022-2H-lcwgs-1-2.clmp.r1r2_fastp	97.26286521959886	2.601333627489996	0.1251925125166123	0.009553054285626823	0.0008444688871272329	0.00021111722178180823	0.0	0.0	0.0	0.0	0.0	0.0	0.0	0.0	0.0	0.0	0.0	0.0	0.0	0.0	0.0	0.0	0.0	0.0	0.0	0.0	0.0	0.0	0.0	0.0	0.0
Cch-CAL_023-9B-lcwgs-1-2.clmp.r1r2_fastp	96.07840857907372	3.684251630605896	0.2170702911194543	0.017944564720691048	0.002030224475698622	0.00021284611438775877	4.9118334089482803e-05	1.63727780298276e-05	0.0	0.0	0.0	1.63727780298276e-05	0.0	0.0	0.0	0.0	0.0	0.0	0.0	0.0	0.0	0.0	0.0	0.0	0.0	0.0	0.0	0.0	0.0	0.0	0.0
Cch-CAL_024-8A-lcwgs-1-2.clmp.r1r2_fastp	96.16290976606918	3.601986643368215	0.21502613485066777	0.017857169966858915	0.0018597265215219698	0.00030362881984032157	1.8976801240020098e-05	0.0	1.8976801240020098e-05	0.0	0.0	0.0	0.0	0.0	1.8976801240020098e-05	0.0	0.0	0.0	0.0	0.0	0.0	0.0	0.0	0.0	0.0	0.0	0.0	0.0	0.0	0.0	0.0
Cch-CAL_025-9F-lcwgs-1-2.clmp.r1r2_fastp	96.46736350178539	3.329134661879587	0.18660526162732693	0.015049838527331907	0.0014858796853501179	0.0002971759370700236	6.368055794357647e-05	0.0	0.0	0.0	0.0	0.0	0.0	0.0	0.0	0.0	0.0	0.0	0.0	0.0	0.0	0.0	0.0	0.0	0.0	0.0	0.0	0.0	0.0	0.0	0.0
Cch-CAL_026-2C-lcwgs-1-2.clmp.r1r2_fastp	97.05512396699916	2.7839014363515555	0.14682980783096908	0.012764809421395337	0.0011729824873714636	0.00020699690953614064	0.0	0.0	0.0	0.0	0.0	0.0	0.0	0.0	0.0	0.0	0.0	0.0	0.0	0.0	0.0	0.0	0.0	0.0	0.0	0.0	0.0	0.0	0.0	0.0	0.0
Cch-CAL_027-2E-lcwgs-1-2.clmp.r1r2_fastp	96.1517026183756	3.622761261726003	0.20660170586726956	0.01679177431296374	0.001863164972312204	0.00020960605938512294	2.328956215390255e-05	0.0	2.328956215390255e-05	0.0	0.0	0.0	2.328956215390255e-05	0.0	0.0	0.0	0.0	0.0	0.0	0.0	0.0	0.0	0.0	0.0	0.0	0.0	0.0	0.0	0.0	0.0	0.0
Cch-CAL_028-1H-lcwgs-1-2.clmp.r1r2_fastp	95.4512265015729	4.2410710563195115	0.27748948383370475	0.026516248567872422	0.0030852238899725776	0.00044471695711316433	9.72818343685047e-05	2.779480981957277e-05	2.779480981957277e-05	0.0	0.0	1.3897404909786385e-05	0.0	0.0	0.0	0.0	0.0	0.0	0.0	0.0	0.0	0.0	0.0	0.0	0.0	0.0	0.0	0.0	0.0	0.0	0.0
Cch-CAL_029-3B-lcwgs-1-2.clmp.r1r2_fastp	97.62767632402246	2.263984143321546	0.10056914877355318	0.006878700486094834	0.0007643000540105371	0.0001273833423350895	0.0	0.0	0.0	0.0	0.0	0.0	0.0	0.0	0.0	0.0	0.0	0.0	0.0	0.0	0.0	0.0	0.0	0.0	0.0	0.0	0.0	0.0	0.0	0.0	0.0
Cch-CAL_030-9D-lcwgs-1-2.clmp.r1r2_fastp	96.44397214128524	3.322898609523107	0.2108843851043165	0.019094468827991495	0.0026509423523770883	0.0004226139982050431	7.683890876455329e-05	0.0	0.0	0.0	0.0	0.0	0.0	0.0	0.0	0.0	0.0	0.0	0.0	0.0	0.0	0.0	0.0	0.0	0.0	0.0	0.0	0.0	0.0	0.0	0.0
Cch-CAL_031-12F-lcwgs-1-2.clmp.r1r2_fastp	96.16405638140516	3.597648400238463	0.21648301053857452	0.019437661109316776	0.002059341393203291	0.0002521642522289744	2.1013687685747865e-05	2.1013687685747865e-05	2.1013687685747865e-05	0.0	0.0	0.0	0.0	0.0	0.0	0.0	0.0	0.0	0.0	0.0	0.0	0.0	0.0	0.0	0.0	0.0	0.0	0.0	0.0	0.0	0.0
Cch-CAL_034-11A-lcwgs-1-2.clmp.r1r2_fastp	95.96446052791242	3.7888216470339007	0.2246169595552706	0.019583782067715653	0.0022260911265679756	0.0002764426889202061	0.0	1.454961520632664e-05	0.0	0.0	0.0	0.0	0.0	0.0	0.0	0.0	0.0	0.0	0.0	0.0	0.0	0.0	0.0	0.0	0.0	0.0	0.0	0.0	0.0	0.0	0.0
Cch-CAL_036-3D-lcwgs-1-2.clmp.r1r2_fastp	95.84432078886792	3.886888452507676	0.24450371030777687	0.02165467045319171	0.002248089124244392	0.00032664542830901426	3.842887391870756e-05	0.0	1.921443695935378e-05	0.0	0.0	0.0	0.0	0.0	0.0	0.0	0.0	0.0	0.0	0.0	0.0	0.0	0.0	0.0	0.0	0.0	0.0	0.0	0.0	0.0	0.0
Cch-CAL_038-11A-lcwgs-1-2.clmp.r1r2_fastp	96.05759572316305	3.696589781058606	0.22299321819446355	0.02023054824214252	0.0022859376544793805	0.0002476432459019329	3.809896090798967e-05	1.9049480453994836e-05	0.0	0.0	0.0	0.0	0.0	0.0	0.0	0.0	0.0	0.0	0.0	0.0	0.0	0.0	0.0	0.0	0.0	0.0	0.0	0.0	0.0	0.0	0.0
Cch-CAL_039-12A-lcwgs-1-2.clmp.r1r2_fastp	95.90839447613362	3.84238374946396	0.22661865316905638	0.02029341067614974	0.002056042923767803	0.00022696577729904314	2.670185615282861e-05	0.0	0.0	0.0	0.0	0.0	0.0	0.0	0.0	0.0	0.0	0.0	0.0	0.0	0.0	0.0	0.0	0.0	0.0	0.0	0.0	0.0	0.0	0.0	0.0
Cch-CAL_040-6D-lcwgs-1-2.clmp.r1r2_fastp	95.76722160611037	3.9774777294760706	0.23362084001092545	0.018981364170371565	0.0022904003922639754	0.00035540695742027203	3.948966193558578e-05	0.0	1.316322064519526e-05	0.0	0.0	0.0	0.0	0.0	0.0	0.0	0.0	0.0	0.0	0.0	0.0	0.0	0.0	0.0	0.0	0.0	0.0	0.0	0.0	0.0	0.0
Cch-CAL_041-12H-lcwgs-1-2.clmp.r1r2_fastp	96.02520514755055	3.7418667402859427	0.21220693319617961	0.01875148514913891	0.0018121183127319117	9.454530327296932e-05	4.727265163648466e-05	1.5757550545494886e-05	0.0	0.0	0.0	0.0	0.0	0.0	0.0	0.0	0.0	0.0	0.0	0.0	0.0	0.0	0.0	0.0	0.0	0.0	0.0	0.0	0.0	0.0	0.0
Cch-CAL_042-9C-lcwgs-1-2.clmp.r1r2_fastp	96.45017838645671	3.343079965519777	0.18941617020021695	0.015327130437178262	0.0016103187674503746	0.0002716200330639186	5.820429279941113e-05	3.880286186627409e-05	0.0	0.0	0.0	0.0	1.9401430933137044e-05	0.0	0.0	0.0	0.0	0.0	0.0	0.0	0.0	0.0	0.0	0.0	0.0	0.0	0.0	0.0	0.0	0.0	0.0
Cch-CAL_043-2F-lcwgs-1-2.clmp.r1r2_fastp	96.22057893071812	3.5485012654223347	0.2093680797216071	0.019060423916482126	0.0021551724137931034	0.00027681113571654544	3.9544447959506484e-05	1.9772223979753242e-05	0.0	0.0	0.0	0.0	0.0	0.0	0.0	0.0	0.0	0.0	0.0	0.0	0.0	0.0	0.0	0.0	0.0	0.0	0.0	0.0	0.0	0.0	0.0
Cch-CAL_044-1E-lcwgs-1-2.clmp.r1r2_fastp	96.75564967331171	3.0436778251843815	0.18227781197080495	0.016273562762750233	0.001842946210311458	0.0002781805600470125	0.0	0.0	0.0	0.0	0.0	0.0	0.0	0.0	0.0	0.0	0.0	0.0	0.0	0.0	0.0	0.0	0.0	0.0	0.0	0.0	0.0	0.0	0.0	0.0	0.0
Cch-CAL_045-11D-lcwgs-1-2.clmp.r1r2_fastp	95.83896949160722	3.898706668755935	0.2380861313286226	0.02187974121036919	0.0020837848771780177	0.0002330548875791204	4.112733310219772e-05	0.0	0.0	0.0	0.0	0.0	0.0	0.0	0.0	0.0	0.0	0.0	0.0	0.0	0.0	0.0	0.0	0.0	0.0	0.0	0.0	0.0	0.0	0.0	0.0
Cch-CAL_046-8C-lcwgs-1-2.clmp.r1r2_fastp	96.82277413147582	3.001610818211446	0.16173675207277843	0.012256564513035464	0.001403423417523145	0.00018712312233641932	0.0	0.0	0.0	0.0	0.0	0.0	0.0	0.0	0.0	0.0	0.0	0.0	0.0	0.0	0.0	0.0	0.0	0.0	3.1187187056069884e-05	0.0	0.0	0.0	0.0	0.0	0.0
Cch-CAL_049-4F-lcwgs-1-2.clmp.r1r2_fastp	96.61309701375693	3.1870509881351268	0.18297516765581814	0.014997964561952307	0.0016151654143640945	0.0002307379163377278	3.2962559476818254e-05	0.0	0.0	0.0	0.0	0.0	0.0	0.0	0.0	0.0	0.0	0.0	0.0	0.0	0.0	0.0	0.0	0.0	0.0	0.0	0.0	0.0	0.0	0.0	0.0
Cch-CAL_050-11B-lcwgs-1-2.clmp.r1r2_fastp	96.79958075563759	3.010219081333697	0.173248276840769	0.014772357963778179	0.001888924460942128	0.00019373584214791052	9.686792107395526e-05	0.0	0.0	0.0	0.0	0.0	0.0	0.0	0.0	0.0	0.0	0.0	0.0	0.0	0.0	0.0	0.0	0.0	0.0	0.0	0.0	0.0	0.0	0.0	0.0
Cch-CAS_001-10B-lcwgs-1-2.clmp.r1r2_fastp	95.24599151878238	4.418791412248445	0.3012471764645736	0.029677888122294865	0.0035732801097668253	0.000542433413247336	0.0001288279356462423	3.39020883279585e-05	6.780417665591699e-06	0.0	0.0	0.0	0.0	0.0	0.0	0.0	0.0	0.0	0.0	6.780417665591699e-06	0.0	0.0	0.0	0.0	0.0	0.0	0.0	0.0	0.0	0.0	0.0
Cch-CAS_002-7D-lcwgs-1-2.clmp.r1r2_fastp	96.06255400277209	3.699662090126496	0.21613319317733115	0.019254406496465752	0.0020605191256622087	0.0003052620926906976	3.052620926906976e-05	0.0	0.0	0.0	0.0	0.0	0.0	0.0	0.0	0.0	0.0	0.0	0.0	0.0	0.0	0.0	0.0	0.0	0.0	0.0	0.0	0.0	0.0	0.0	0.0
Cch-CAS_004-12H-lcwgs-1-2.clmp.r1r2_fastp	95.71566328208479	4.012573868501003	0.24694764309877346	0.021880297674493298	0.0024711377000297715	0.0003807074888001048	7.614149776002096e-05	6.921954341820088e-06	0.0	0.0	0.0	0.0	0.0	0.0	0.0	0.0	0.0	0.0	0.0	0.0	0.0	0.0	0.0	0.0	0.0	0.0	0.0	0.0	0.0	0.0	0.0
Cch-CAS_005-8H-lcwgs-1-2.clmp.r1r2_fastp	96.3672486178681	3.4146548068346965	0.19938283648888439	0.01685299773361737	0.0015594782340255821	0.00024809880995861535	5.316403070541757e-05	0.0	0.0	0.0	0.0	0.0	0.0	0.0	0.0	0.0	0.0	0.0	0.0	0.0	0.0	0.0	0.0	0.0	0.0	0.0	0.0	0.0	0.0	0.0	0.0
Cch-CAS_006-5A-lcwgs-1-2.clmp.r1r2_fastp	87.67768198960266	10.064405546931166	1.6798915533213203	0.39221764956866423	0.1176892612989903	0.041151767337296676	0.015380807867417155	0.006597816757058871	0.0028266287602356915	0.0011842235204977461	0.0004581817192401994	0.0002890069305976642	0.00011278319242835679	8.458739432126757e-05	2.1146848580316892e-05	0.0	7.048949526772299e-06	0.0	0.0	0.0	0.0	0.0	0.0	0.0	0.0	0.0	0.0	0.0	0.0	0.0	0.0
Cch-CAS_007-7G-lcwgs-1-2.clmp.r1r2_fastp	96.10897510925999	3.6567370185438333	0.21520740074952688	0.016894167426720168	0.0018992135930691956	0.00017667103191341352	0.00011041939494588345	0.0	0.0	0.0	0.0	0.0	0.0	0.0	0.0	0.0	0.0	0.0	0.0	0.0	0.0	0.0	0.0	0.0	0.0	0.0	0.0	0.0	0.0	0.0	0.0
Cch-CAS_008-6E-lcwgs-1-2.clmp.r1r2_fastp	95.47850514576248	4.221657598306545	0.27017967557443834	0.025803136651728894	0.003357613123315033	0.00040066982378461017	8.013396475692203e-05	1.6026792951384406e-05	0.0	0.0	0.0	0.0	0.0	0.0	0.0	0.0	0.0	0.0	0.0	0.0	0.0	0.0	0.0	0.0	0.0	0.0	0.0	0.0	0.0	0.0	0.0
Cch-CAS_009-5C-lcwgs-1-2.clmp.r1r2_fastp	96.13798350284296	3.627090355788202	0.21340375809023202	0.01897427870439803	0.00222959150243526	0.00018200746958655183	0.00013650560218991388	0.0	0.0	0.0	0.0	0.0	0.0	0.0	0.0	0.0	0.0	0.0	0.0	0.0	0.0	0.0	0.0	0.0	0.0	0.0	0.0	0.0	0.0	0.0	0.0
Cch-CAS_010-7B-lcwgs-1-2.clmp.r1r2_fastp	96.11877581209245	3.6455242226497298	0.21540619824912638	0.017866057366543144	0.002215579673423556	0.00021212996873204258	0.0	0.0	0.0	0.0	0.0	0.0	0.0	0.0	0.0	0.0	0.0	0.0	0.0	0.0	0.0	0.0	0.0	0.0	0.0	0.0	0.0	0.0	0.0	0.0	0.0
Cch-CAS_011-8D-lcwgs-1-2.clmp.r1r2_fastp	96.25980301399743	3.520660546812003	0.20093871327608379	0.01684898452252837	0.001360132193746112	0.000305335798596066	8.327339961710891e-05	0.0	0.0	0.0	0.0	0.0	0.0	0.0	0.0	0.0	0.0	0.0	0.0	0.0	0.0	0.0	0.0	0.0	0.0	0.0	0.0	0.0	0.0	0.0	0.0
Cch-CAS_012-10H-lcwgs-1-2.clmp.r1r2_fastp	96.61767649852742	3.190978474308305	0.1751523745249647	0.014251752494195323	0.0017745372755418299	0.00011090857972136437	2.7727144930341092e-05	2.7727144930341092e-05	0.0	0.0	0.0	0.0	0.0	0.0	0.0	0.0	0.0	0.0	0.0	0.0	0.0	0.0	0.0	0.0	0.0	0.0	0.0	0.0	0.0	0.0	0.0
Cch-CAS_013-11A-lcwgs-1-2.clmp.r1r2_fastp	94.29672793986762	5.259587736930574	0.3957590087857223	0.04163531645474642	0.0053640591751513795	0.0007662941678787683	0.00010376900190024988	1.5964461830807675e-05	7.982230915403837e-06	1.5964461830807675e-05	0.0	0.0	7.982230915403837e-06	7.982230915403837e-06	0.0	0.0	0.0	0.0	0.0	0.0	0.0	0.0	0.0	0.0	0.0	0.0	0.0	0.0	0.0	0.0	0.0
Cch-CAS_014-6A-lcwgs-1-2.clmp.r1r2_fastp	96.05801098884876	3.6964183439020575	0.22423995151059764	0.018656353183593277	0.0021394900439900546	0.00047068780967781206	6.418470131970165e-05	0.0	0.0	0.0	0.0	0.0	0.0	0.0	0.0	0.0	0.0	0.0	0.0	0.0	0.0	0.0	0.0	0.0	0.0	0.0	0.0	0.0	0.0	0.0	0.0
Cch-CAS_015-10F-lcwgs-1-2.clmp.r1r2_fastp	96.99839836488412	2.8334138070815977	0.15472173376886003	0.012313175235852646	0.0009684519848423428	0.00018446704473187484	0.0	0.0	0.0	0.0	0.0	0.0	0.0	0.0	0.0	0.0	0.0	0.0	0.0	0.0	0.0	0.0	0.0	0.0	0.0	0.0	0.0	0.0	0.0	0.0	0.0
Cch-CAS_016-6C-lcwgs-1-2.clmp.r1r2_fastp	95.60440238730284	4.113019071562637	0.25627595849368834	0.02313671538883271	0.00270791161177388	0.00040817785324532755	2.9866672188682505e-05	1.9911114792455e-05	0.0	0.0	0.0	0.0	0.0	0.0	0.0	0.0	0.0	0.0	0.0	0.0	0.0	0.0	0.0	0.0	0.0	0.0	0.0	0.0	0.0	0.0	0.0
Cch-CAS_017-11H-lcwgs-1-2.clmp.r1r2_fastp	95.93157685040339	3.8165818134669136	0.22931676137197504	0.020010500407994705	0.0021695057840300383	0.0003190449682397115	2.552359745917692e-05	0.0	0.0	0.0	0.0	0.0	0.0	0.0	0.0	0.0	0.0	0.0	0.0	0.0	0.0	0.0	0.0	0.0	0.0	0.0	0.0	0.0	0.0	0.0	0.0
Cch-CAS_018-12D-lcwgs-1-2.clmp.r1r2_fastp	96.55422124046629	3.2448771630866604	0.1827097196034171	0.016390265851869784	0.0014500771397096593	0.0003075921205444732	4.394173150635331e-05	0.0	0.0	0.0	0.0	0.0	0.0	0.0	0.0	0.0	0.0	0.0	0.0	0.0	0.0	0.0	0.0	0.0	0.0	0.0	0.0	0.0	0.0	0.0	0.0
Cch-CAS_019-5B-lcwgs-1-2.clmp.r1r2_fastp	96.21889766972697	3.554468272331223	0.20618642330805598	0.018468831282096008	0.0016367879575402543	0.00031758572310482553	0.0	2.44296710080635e-05	0.0	0.0	0.0	0.0	0.0	0.0	0.0	0.0	0.0	0.0	0.0	0.0	0.0	0.0	0.0	0.0	0.0	0.0	0.0	0.0	0.0	0.0	0.0
Cch-CAS_021-6E-lcwgs-1-2.clmp.r1r2_fastp	96.04389886534565	3.713308484114277	0.22061484854247834	0.01987084532126892	0.0020937085801922373	0.00019386190557335532	1.938619055733553e-05	0.0	0.0	0.0	0.0	0.0	0.0	0.0	0.0	0.0	0.0	0.0	0.0	0.0	0.0	0.0	0.0	0.0	0.0	0.0	0.0	0.0	0.0	0.0	0.0
Cch-CAS_022-8G-lcwgs-1-2.clmp.r1r2_fastp	96.20993977722334	3.5640304931499722	0.20528074698955662	0.01816354158297392	0.002290897136591305	0.00027818036658608706	1.6363550975652183e-05	0.0	0.0	0.0	0.0	0.0	0.0	0.0	0.0	0.0	0.0	0.0	0.0	0.0	0.0	0.0	0.0	0.0	0.0	0.0	0.0	0.0	0.0	0.0	0.0
Cch-CAS_023-10G-lcwgs-1-2.clmp.r1r2_fastp	98.34421450413207	1.602780987794165	0.050717511532516385	0.0020179381246359304	0.00026905841661812403	0.0	0.0	0.0	0.0	0.0	0.0	0.0	0.0	0.0	0.0	0.0	0.0	0.0	0.0	0.0	0.0	0.0	0.0	0.0	0.0	0.0	0.0	0.0	0.0	0.0	0.0
Cch-CAS_024-11G-lcwgs-1-2.clmp.r1r2_fastp	95.69893097941873	4.03812763133067	0.23974637535537036	0.020709257360865832	0.0021629310104099935	0.00029054297154761105	3.2282552394179e-05	0.0	0.0	0.0	0.0	0.0	0.0	0.0	0.0	0.0	0.0	0.0	0.0	0.0	0.0	0.0	0.0	0.0	0.0	0.0	0.0	0.0	0.0	0.0	0.0
Cch-CAS_025-1C-lcwgs-1-2.clmp.r1r2_fastp	96.23203440650389	3.544325916624673	0.20514242961586301	0.016597178836875552	0.0016239901014555335	0.00024359851521833006	3.247980202911067e-05	0.0	0.0	0.0	0.0	0.0	0.0	0.0	0.0	0.0	0.0	0.0	0.0	0.0	0.0	0.0	0.0	0.0	0.0	0.0	0.0	0.0	0.0	0.0	0.0
Cch-CAS_026-10E-lcwgs-1-2.clmp.r1r2_fastp	96.00248061112944	3.758061177627281	0.21908291774202937	0.01806285939753815	0.0019243332751182089	0.0003234173571627242	6.468347143254483e-05	0.0	0.0	0.0	0.0	0.0	0.0	0.0	0.0	0.0	0.0	0.0	0.0	0.0	0.0	0.0	0.0	0.0	0.0	0.0	0.0	0.0	0.0	0.0	0.0
Cch-CAS_027-7B-lcwgs-1-2.clmp.r1r2_fastp	96.1901759034977	3.579071723771938	0.21172383720711305	0.016944935987052562	0.001857667056358355	0.0001757252620879525	2.5103608869707504e-05	0.0	2.5103608869707504e-05	0.0	0.0	0.0	0.0	0.0	0.0	0.0	0.0	0.0	0.0	0.0	0.0	0.0	0.0	0.0	0.0	0.0	0.0	0.0	0.0	0.0	0.0
Cch-CAS_029-8G-lcwgs-1-2.clmp.r1r2_fastp	95.90433485593618	3.848578914340089	0.22567171738802536	0.018733042964960273	0.0023649070144631753	0.0002048344658196451	5.586394522353957e-05	3.7242630149026384e-05	0.0	1.8621315074513192e-05	0.0	0.0	0.0	0.0	0.0	0.0	0.0	0.0	0.0	0.0	0.0	0.0	0.0	0.0	0.0	0.0	0.0	0.0	0.0	0.0	0.0
Cch-CAS_030-7D-lcwgs-1-2.clmp.r1r2_fastp	95.78627695587276	3.9603073815982137	0.23015499883771426	0.020868821666500982	0.0020779127590570463	0.0002541332151364733	4.484703796525999e-05	1.4949012655086664e-05	0.0	0.0	0.0	0.0	0.0	0.0	0.0	0.0	0.0	0.0	0.0	0.0	0.0	0.0	0.0	0.0	0.0	0.0	0.0	0.0	0.0	0.0	0.0
Cch-CAS_031-9D-lcwgs-1-2.clmp.r1r2_fastp	96.08258019631745	3.6793175629654846	0.21713367050907073	0.018789193082445414	0.001756197101174515	0.0003173850182845509	8.463600487588024e-05	2.115900121897006e-05	0.0	0.0	0.0	0.0	0.0	0.0	0.0	0.0	0.0	0.0	0.0	0.0	0.0	0.0	0.0	0.0	0.0	0.0	0.0	0.0	0.0	0.0	0.0
Cch-CAS_032-11C-lcwgs-1-2.clmp.r1r2_fastp	95.74494972695095	3.987269835758082	0.24308733857144518	0.021936921413697713	0.0025124337345602513	0.00020624456029972208	1.8749505481792917e-05	1.8749505481792917e-05	0.0	0.0	0.0	0.0	0.0	0.0	0.0	0.0	0.0	0.0	0.0	0.0	0.0	0.0	0.0	0.0	0.0	0.0	0.0	0.0	0.0	0.0	0.0
Cch-CAS_033-10D-lcwgs-1-2.clmp.r1r2_fastp	96.03057763348573	3.7372263403977914	0.2122407432191613	0.01794056683556703	0.0018708077716233	0.00011992357510405768	0.0	2.3984715020811537e-05	0.0	0.0	0.0	0.0	0.0	0.0	0.0	0.0	0.0	0.0	0.0	0.0	0.0	0.0	0.0	0.0	0.0	0.0	0.0	0.0	0.0	0.0	0.0
Cch-CAS_034-6H-lcwgs-1-2.clmp.r1r2_fastp	95.896740268485	3.853687373209505	0.22724927267316405	0.020157315781377798	0.001970067755979319	0.00019570209496483297	0.0	0.0	0.0	0.0	0.0	0.0	0.0	0.0	0.0	0.0	0.0	0.0	0.0	0.0	0.0	0.0	0.0	0.0	0.0	0.0	0.0	0.0	0.0	0.0	0.0
Cch-CAS_035-6B-lcwgs-1-2.clmp.r1r2_fastp	96.84092216706584	2.980889768397041	0.1624547320650391	0.014118474300454974	0.0012918865372965336	0.00023069402451723816	9.227760980689526e-05	0.0	0.0	0.0	0.0	0.0	0.0	0.0	0.0	0.0	0.0	0.0	0.0	0.0	0.0	0.0	0.0	0.0	0.0	0.0	0.0	0.0	0.0	0.0	0.0
Cch-CAS_037-11B-lcwgs-1-2.clmp.r1r2_fastp	96.2741736912483	3.500500614678783	0.20565454499043484	0.017689753848235477	0.0016957887140084463	0.00026775611273817574	1.7850407515878383e-05	0.0	0.0	0.0	0.0	0.0	0.0	0.0	0.0	0.0	0.0	0.0	0.0	0.0	0.0	0.0	0.0	0.0	0.0	0.0	0.0	0.0	0.0	0.0	0.0
Cch-CAS_038-1D-lcwgs-1-2.clmp.r1r2_fastp	96.48703969615958	3.3089120260345704	0.18728746708293514	0.015454412540533088	0.0012230110643587336	8.338711802445911e-05	0.0	0.0	0.0	0.0	0.0	0.0	0.0	0.0	0.0	0.0	0.0	0.0	0.0	0.0	0.0	0.0	0.0	0.0	0.0	0.0	0.0	0.0	0.0	0.0	0.0
Cch-CAS_039-11C-lcwgs-1-2.clmp.r1r2_fastp	96.1621247952882	3.603360215887648	0.21283823861458304	0.018762703130231772	0.0025568413083281775	0.0003196051635410222	3.760060747541437e-05	0.0	0.0	0.0	0.0	0.0	0.0	0.0	0.0	0.0	0.0	0.0	0.0	0.0	0.0	0.0	0.0	0.0	0.0	0.0	0.0	0.0	0.0	0.0	0.0
Cch-CAS_041-10C-lcwgs-1-2.clmp.r1r2_fastp	97.21917964471375	2.625818175568094	0.14187699514524424	0.012031419191832387	0.000937513183779147	0.00015625219729652448	0.0	0.0	0.0	0.0	0.0	0.0	0.0	0.0	0.0	0.0	0.0	0.0	0.0	0.0	0.0	0.0	0.0	0.0	0.0	0.0	0.0	0.0	0.0	0.0	0.0
Cch-CAS_042-4A-lcwgs-1-2.clmp.r1r2_fastp	95.39045294303506	4.308133281523643	0.27335454025185707	0.024514663649894613	0.003012494575553599	0.00045383035164184087	4.6947967411224916e-05	7.824661235204153e-06	2.3473983705612458e-05	0.0	0.0	0.0	0.0	0.0	0.0	0.0	0.0	0.0	0.0	0.0	0.0	0.0	0.0	0.0	0.0	0.0	0.0	0.0	0.0	0.0	0.0
Cch-CAS_043-10D-lcwgs-1-2.clmp.r1r2_fastp	96.75930049960678	3.046812366222204	0.17602040167061583	0.015270711538804152	0.0019342901282485257	0.000610828461552166	5.090237179601384e-05	0.0	0.0	0.0	0.0	0.0	0.0	0.0	0.0	0.0	0.0	0.0	0.0	0.0	0.0	0.0	0.0	0.0	0.0	0.0	0.0	0.0	0.0	0.0	0.0
Cch-CAS_044-2E-lcwgs-1-2.clmp.r1r2_fastp	96.43986937570082	3.345278928822357	0.19637437283702963	0.016556603030665057	0.0014597469029356664	0.00034572952964265777	7.682878436503507e-05	0.0	3.8414392182517535e-05	0.0	0.0	0.0	0.0	0.0	0.0	0.0	0.0	0.0	0.0	0.0	0.0	0.0	0.0	0.0	0.0	0.0	0.0	0.0	0.0	0.0	0.0
Cch-CAS_045-11D-lcwgs-1-2.clmp.r1r2_fastp	97.34665020936191	2.521483032310481	0.12139866258358853	0.009608774451596774	0.0007030810574339104	0.00015624023498531342	0.0	0.0	0.0	0.0	0.0	0.0	0.0	0.0	0.0	0.0	0.0	0.0	0.0	0.0	0.0	0.0	0.0	0.0	0.0	0.0	0.0	0.0	0.0	0.0	0.0
Cch-CAS_046-10F-lcwgs-1-2.clmp.r1r2_fastp	96.30804376528407	3.4699140438821185	0.20277010828618777	0.017187091160895028	0.0018783706186770522	0.0001502696494941642	5.6351118560311575e-05	0.0	0.0	0.0	0.0	0.0	0.0	0.0	0.0	0.0	0.0	0.0	0.0	0.0	0.0	0.0	0.0	0.0	0.0	0.0	0.0	0.0	0.0	0.0	0.0
Cch-CAS_047-8G-lcwgs-1-2.clmp.r1r2_fastp	96.10479202929959	3.6652155616252373	0.20961043190298292	0.018217646262902853	0.0018059979772822655	0.0002579997110403236	0.00010033322096012585	0.0	0.0	0.0	0.0	0.0	0.0	0.0	0.0	0.0	0.0	0.0	0.0	0.0	0.0	0.0	0.0	0.0	0.0	0.0	0.0	0.0	0.0	0.0	0.0
Cch-CAS_048-8D-lcwgs-1-2.clmp.r1r2_fastp	96.12444617163747	3.631106375683682	0.2219215781999054	0.01972696056518684	0.002449049674532063	0.00024221370407459964	0.00010765053514426652	0.0	0.0	0.0	0.0	0.0	0.0	0.0	0.0	0.0	0.0	0.0	0.0	0.0	0.0	0.0	0.0	0.0	0.0	0.0	0.0	0.0	0.0	0.0	0.0
Cch-CAS_049-3E-lcwgs-1-2.clmp.r1r2_fastp	98.43709532442602	1.5116775087981231	0.0479897621840674	0.0032374045917823247	0.0	0.0	0.0	0.0	0.0	0.0	0.0	0.0	0.0	0.0	0.0	0.0	0.0	0.0	0.0	0.0	0.0	0.0	0.0	0.0	0.0	0.0	0.0	0.0	0.0	0.0	0.0
Cch-CAS_050-8E-lcwgs-1-2.clmp.r1r2_fastp	96.41981770609718	3.365605600650581	0.19585608429261986	0.017015865479323357	0.001515327538047349	0.00012627729483727907	6.313864741863954e-05	0.0	0.0	0.0	0.0	0.0	0.0	0.0	0.0	0.0	0.0	0.0	0.0	0.0	0.0	0.0	0.0	0.0	0.0	0.0	0.0	0.0	0.0	0.0	0.0
Cch-CBL_001-3C-lcwgs-1-2.clmp.r1r2_fastp	95.80629158255641	3.9263680083410266	0.24216482161902023	0.021934063697351756	0.002744539590131941	0.0004005544266679049	7.417674567924165e-05	7.417674567924165e-06	1.483534913584833e-05	0.0	0.0	0.0	0.0	0.0	0.0	0.0	0.0	0.0	0.0	0.0	0.0	0.0	0.0	0.0	0.0	0.0	0.0	0.0	0.0	0.0	0.0
Cch-CBL_002-4C-lcwgs-1-2.clmp.r1r2_fastp	91.01597928439514	7.832444639781959	0.9489287610840986	0.15883151310097382	0.03290024303549584	0.007838071343034481	0.002297365738475624	0.0005221285769262782	0.0001535672285077289	6.142689140309155e-05	1.8428067420927467e-05	6.142689140309156e-06	6.142689140309156e-06	6.142689140309156e-06	0.0	0.0	6.142689140309156e-06	0.0	0.0	0.0	0.0	0.0	0.0	0.0	0.0	0.0	0.0	0.0	0.0	0.0	0.0
Cch-CBL_003-1H-lcwgs-1-2.clmp.r1r2_fastp	96.15798242996307	3.610300913349604	0.21090916194283052	0.01847907852622939	0.0020667964184598233	0.00023545781982453682	2.616197998050409e-05	0.0	0.0	0.0	0.0	0.0	0.0	0.0	0.0	0.0	0.0	0.0	0.0	0.0	0.0	0.0	0.0	0.0	0.0	0.0	0.0	0.0	0.0	0.0	0.0
Cch-CBL_004-5H-lcwgs-1-2.clmp.r1r2_fastp	91.03102990088016	7.496389178537531	1.1106305547199267	0.24812979125653903	0.07344668638787856	0.024430828406885388	0.009627516353536614	0.0036740104190376493	0.0014816720850498548	0.0007307794446625982	0.0002145407543963591	0.0001542011672223831	2.6817594299544886e-05	2.0113195724658664e-05	1.3408797149772443e-05	0.0	0.0	0.0	0.0	0.0	0.0	0.0	0.0	0.0	0.0	0.0	0.0	0.0	0.0	0.0	0.0
Cch-CBL_005-4C-lcwgs-1-2.clmp.r1r2_fastp	96.43673940833973	3.3588274971133294	0.18728455388774284	0.015405574231534536	0.0014431012358006804	0.00024364046838193306	3.7483148981835854e-05	0.0	0.0	0.0	0.0	0.0	0.0	0.0	0.0	0.0	0.0	0.0	0.0	0.0	0.0	0.0	0.0	0.0	0.0	0.0	0.0	0.0	0.0	1.8741574490917927e-05	0.0
Cch-CBL_006-12D-lcwgs-1-2.clmp.r1r2_fastp	96.28026017598702	3.487435473558281	0.21019757472792483	0.019969380283565197	0.0018320532370243302	0.0003053422061707217	0.0	0.0	0.0	0.0	0.0	0.0	0.0	0.0	0.0	0.0	0.0	0.0	0.0	0.0	0.0	0.0	0.0	0.0	0.0	0.0	0.0	0.0	0.0	0.0	0.0
Cch-CBL_007-7C-lcwgs-1-2.clmp.r1r2_fastp	96.15804888868725	3.6142139144725234	0.20795588020305592	0.017724543653494244	0.001713977486401605	0.0003226310562638316	2.0164441016489473e-05	0.0	0.0	0.0	0.0	0.0	0.0	0.0	0.0	0.0	0.0	0.0	0.0	0.0	0.0	0.0	0.0	0.0	0.0	0.0	0.0	0.0	0.0	0.0	0.0
Cch-CBL_008-1G-lcwgs-1-2.clmp.r1r2_fastp	96.84061952401363	2.9874113014421635	0.15869462421960456	0.012037092243500252	0.0012374580811075025	0.0	0.0	0.0	0.0	0.0	0.0	0.0	0.0	0.0	0.0	0.0	0.0	0.0	0.0	0.0	0.0	0.0	0.0	0.0	0.0	0.0	0.0	0.0	0.0	0.0	0.0
Cch-CBL_009-9A-lcwgs-1-2.clmp.r1r2_fastp	93.51712416854095	5.912077690577595	0.5008494042207016	0.059196595205053354	0.008748265301239412	0.0016001100636454995	0.0003140402928650045	6.72943484710724e-05	7.477149830119156e-06	7.477149830119156e-06	0.0	7.477149830119156e-06	0.0	0.0	0.0	0.0	0.0	0.0	0.0	0.0	0.0	0.0	0.0	0.0	0.0	0.0	0.0	0.0	0.0	0.0	0.0
Cch-CBL_010-7H-lcwgs-1-2.clmp.r1r2_fastp	97.88982674366949	1.9768991559306976	0.11846586702206427	0.007404116688879017	0.007404116688879017	0.0	0.0	0.0	0.0	0.0	0.0	0.0	0.0	0.0	0.0	0.0	0.0	0.0	0.0	0.0	0.0	0.0	0.0	0.0	0.0	0.0	0.0	0.0	0.0	0.0	0.0
Cch-CBL_011-8B-lcwgs-1-2.clmp.r1r2_fastp	96.14044629706581	3.6452597525503156	0.1983252438273552	0.014706874158325157	0.001087786550171979	0.00017404584802751665	0.0	0.0	0.0	0.0	0.0	0.0	0.0	0.0	0.0	0.0	0.0	0.0	0.0	0.0	0.0	0.0	0.0	0.0	0.0	0.0	0.0	0.0	0.0	0.0	0.0
Cch-CBL_012-8C-lcwgs-1-2.clmp.r1r2_fastp	98.99752130171309	0.9579695649615918	0.04143953792357219	0.00255799616812174	0.000511599233624348	0.0	0.0	0.0	0.0	0.0	0.0	0.0	0.0	0.0	0.0	0.0	0.0	0.0	0.0	0.0	0.0	0.0	0.0	0.0	0.0	0.0	0.0	0.0	0.0	0.0	0.0
Cch-CBL_013-10D-lcwgs-1-2.clmp.r1r2_fastp	96.29859306633823	3.497621403843248	0.18719727861785782	0.014634018867431469	0.0016133778565025378	0.00031813084494416234	2.2723631781725882e-05	0.0	0.0	0.0	0.0	0.0	0.0	0.0	0.0	0.0	0.0	0.0	0.0	0.0	0.0	0.0	0.0	0.0	0.0	0.0	0.0	0.0	0.0	0.0	0.0
Cch-CBL_014-7F-lcwgs-1-2.clmp.r1r2_fastp	95.10890402936124	4.549898485085117	0.3065067156020615	0.030073793534280805	0.003962986100265501	0.0005466187724504139	7.808839606434484e-05	1.952209901608621e-05	9.761049508043105e-06	0.0	0.0	0.0	0.0	0.0	0.0	0.0	0.0	0.0	0.0	0.0	0.0	0.0	0.0	0.0	0.0	0.0	0.0	0.0	0.0	0.0	0.0
Cch-CBL_015-10C-lcwgs-1-2.clmp.r1r2_fastp	96.03068152198077	3.7330404316535524	0.21669326503695718	0.017667141815123927	0.001793348063645745	0.00010653552853341061	1.77559214222351e-05	0.0	0.0	0.0	0.0	0.0	0.0	0.0	0.0	0.0	0.0	0.0	0.0	0.0	0.0	0.0	0.0	0.0	0.0	0.0	0.0	0.0	0.0	0.0	0.0
Cch-CBL_016-6E-lcwgs-1-2.clmp.r1r2_fastp	96.29143842209834	3.490123688998154	0.19879678840265144	0.017199833771929095	0.0019419167161855429	0.00044386667798526695	2.7741667374079184e-05	2.7741667374079184e-05	0.0	0.0	0.0	0.0	0.0	0.0	0.0	0.0	0.0	0.0	0.0	0.0	0.0	0.0	0.0	0.0	0.0	0.0	0.0	0.0	0.0	0.0	0.0
Cch-CBL_017-12C-lcwgs-1-2.clmp.r1r2_fastp	96.31137920540591	3.4705477961934514	0.1994098670622363	0.016558428379642883	0.0019328904723318542	0.0001503359256258109	2.1476560803687267e-05	0.0	0.0	0.0	0.0	0.0	0.0	0.0	0.0	0.0	0.0	0.0	0.0	0.0	0.0	0.0	0.0	0.0	0.0	0.0	0.0	0.0	0.0	0.0	0.0
Cch-CBL_018-11D-lcwgs-1-2.clmp.r1r2_fastp	96.10336285601402	3.6475237743331417	0.22623758940455893	0.01996784208112217	0.002403895551513737	0.0004264975978492114	7.75450177907657e-05	0.0	0.0	0.0	0.0	0.0	0.0	0.0	0.0	0.0	0.0	0.0	0.0	0.0	0.0	0.0	0.0	0.0	0.0	0.0	0.0	0.0	0.0	0.0	0.0
Cch-CBL_019-6H-lcwgs-1-2.clmp.r1r2_fastp	96.72317334591676	3.0944190447135056	0.16722479545969712	0.013614635947485998	0.001401856057420024	0.00014256163295796857	2.3760272159661425e-05	0.0	0.0	0.0	0.0	0.0	0.0	0.0	0.0	0.0	0.0	0.0	0.0	0.0	0.0	0.0	0.0	0.0	0.0	0.0	0.0	0.0	0.0	0.0	0.0
Cch-CBL_020-5E-lcwgs-1-2.clmp.r1r2_fastp	96.49975354135847	3.2964610567324573	0.18571799527044933	0.01603916010310965	0.0018414343545999432	0.00013343727207245964	2.6687454414491926e-05	0.0	0.0	0.0	2.6687454414491926e-05	0.0	0.0	0.0	0.0	0.0	0.0	0.0	0.0	0.0	0.0	0.0	0.0	0.0	0.0	0.0	0.0	0.0	0.0	0.0	0.0
Cch-CBL_021-6F-lcwgs-1-2.clmp.r1r2_fastp	96.41803701838487	3.367329224784008	0.19537888012929575	0.017182829602679913	0.0017688206943935207	0.00022741980356488125	7.580660118829374e-05	0.0	0.0	0.0	0.0	0.0	0.0	0.0	0.0	0.0	0.0	0.0	0.0	0.0	0.0	0.0	0.0	0.0	0.0	0.0	0.0	0.0	0.0	0.0	0.0
Cch-CBL_022-6A-lcwgs-1-2.clmp.r1r2_fastp	91.73024952133653	7.336963002563144	0.7886055987212417	0.11688901572856666	0.021330503557986946	0.00466269801393182	0.001038388207125621	0.00018757980515817668	4.689495128954417e-05	6.6992787556491666e-06	6.6992787556491666e-06	0.0	6.6992787556491666e-06	6.6992787556491666e-06	0.0	0.0	0.0	0.0	0.0	0.0	0.0	0.0	0.0	0.0	0.0	0.0	0.0	0.0	0.0	0.0	0.0
Cch-CBL_023-10A-lcwgs-1-2.clmp.r1r2_fastp	89.44409863507762	9.068857048811632	1.209333779043184	0.21444663457043434	0.0467867265557259	0.011924019278231812	0.003310804493472528	0.000877331171384403	0.00027536671802576155	7.684652596067763e-05	6.403877163389803e-06	0.0	0.0	6.403877163389803e-06	0.0	0.0	0.0	0.0	0.0	0.0	0.0	0.0	0.0	0.0	0.0	0.0	0.0	0.0	0.0	0.0	0.0
Cch-CBL_025-12F-lcwgs-1-2.clmp.r1r2_fastp	96.325553565939	3.454131619214022	0.20077566098786487	0.016977353686473868	0.002127596753547876	0.00026052205145484197	0.00017368136763656132	0.0	0.0	0.0	0.0	0.0	0.0	0.0	0.0	0.0	0.0	0.0	0.0	0.0	0.0	0.0	0.0	0.0	0.0	0.0	0.0	0.0	0.0	0.0	0.0
Cch-CBL_026-12G-lcwgs-1-2.clmp.r1r2_fastp	96.00226446220381	3.7570062741266863	0.21893121186755657	0.019692943995530832	0.0018787521283092634	0.00018108454248763985	4.5271135621909964e-05	0.0	0.0	0.0	0.0	0.0	0.0	0.0	0.0	0.0	0.0	0.0	0.0	0.0	0.0	0.0	0.0	0.0	0.0	0.0	0.0	0.0	0.0	0.0	0.0
Cch-CBL_028-11G-lcwgs-1-2.clmp.r1r2_fastp	97.61410887540028	2.266978922716628	0.10811069158342494	0.009080915738660803	0.0016250059742866701	9.55885867227453e-05	0.0	0.0	0.0	0.0	0.0	0.0	0.0	0.0	0.0	0.0	0.0	0.0	0.0	0.0	0.0	0.0	0.0	0.0	0.0	0.0	0.0	0.0	0.0	0.0	0.0
Cch-CBL_033-11E-lcwgs-1-2.clmp.r1r2_fastp	97.37407915571129	2.487987799211759	0.12672712397757357	0.009474925157201764	0.0016398908925926129	9.11050495884785e-05	0.0	0.0	0.0	0.0	0.0	0.0	0.0	0.0	0.0	0.0	0.0	0.0	0.0	0.0	0.0	0.0	0.0	0.0	0.0	0.0	0.0	0.0	0.0	0.0	0.0
Cch-CBL_034-2F-lcwgs-1-2.clmp.r1r2_fastp	95.82820927653125	3.9152491930429947	0.23263108626508047	0.021353878506755887	0.002261577309234315	0.00027860010331147363	0.0	0.0	0.0	0.0	0.0	0.0	0.0	0.0	0.0	0.0	0.0	1.6388241371263152e-05	0.0	0.0	0.0	0.0	0.0	0.0	0.0	0.0	0.0	0.0	0.0	0.0	0.0
Cch-CBL_035-3A-lcwgs-1-2.clmp.r1r2_fastp	99.39216866585426	0.5769993099499346	0.022022874425570025	0.0022022874425570026	0.00293638325674267	0.0022022874425570026	0.0007340958141856675	0.0007340958141856675	0.0	0.0	0.0	0.0	0.0	0.0	0.0	0.0	0.0	0.0	0.0	0.0	0.0	0.0	0.0	0.0	0.0	0.0	0.0	0.0	0.0	0.0	0.0
Cch-CBL_037-4D-lcwgs-1-2.clmp.r1r2_fastp	96.22344823743005	3.5507219862609887	0.20620305451191848	0.017422160222330035	0.0019289913778678244	0.0002602607414583573	1.530945537990337e-05	0.0	0.0	0.0	0.0	0.0	0.0	0.0	0.0	0.0	0.0	0.0	0.0	0.0	0.0	0.0	0.0	0.0	0.0	0.0	0.0	0.0	0.0	0.0	0.0
Cch-CBL_038-9G-lcwgs-1-2.clmp.r1r2_fastp	96.11734370717605	3.6496114850465053	0.21333719541426774	0.01739769686758959	0.0020349255556400894	0.00020165928929766653	5.499798799027269e-05	1.833266266342423e-05	0.0	0.0	0.0	0.0	0.0	0.0	0.0	0.0	0.0	0.0	0.0	0.0	0.0	0.0	0.0	0.0	0.0	0.0	0.0	0.0	0.0	0.0	0.0
Cch-CBL_039-9A-lcwgs-1-2.clmp.r1r2_fastp	96.09002270472931	3.6544885173562016	0.23029029325295663	0.02247734652501341	0.002385655352571904	0.000260931054187552	7.4551729767872e-05	0.0	0.0	0.0	0.0	0.0	0.0	0.0	0.0	0.0	0.0	0.0	0.0	0.0	0.0	0.0	0.0	0.0	0.0	0.0	0.0	0.0	0.0	0.0	0.0
Cch-CBL_040-1G-lcwgs-1-2.clmp.r1r2_fastp	96.27387439939825	3.5060098552415457	0.2010346468538446	0.017177593908785288	0.0017192944752314138	0.00013815759175966717	3.0701687057703824e-05	0.0	1.5350843528851912e-05	0.0	0.0	0.0	0.0	0.0	0.0	0.0	0.0	0.0	0.0	0.0	0.0	0.0	0.0	0.0	0.0	0.0	0.0	0.0	0.0	0.0	0.0
Cch-CBL_041-8B-lcwgs-1-2.clmp.r1r2_fastp	95.96846984545215	3.787585946657358	0.22317041022333803	0.018620817054499007	0.0018078463159707772	0.000262959464141204	6.5739866035301e-05	1.643496650882525e-05	0.0	0.0	0.0	0.0	0.0	0.0	0.0	0.0	0.0	0.0	0.0	0.0	0.0	0.0	0.0	0.0	0.0	0.0	0.0	0.0	0.0	0.0	0.0
Cch-CBL_042-7A-lcwgs-1-2.clmp.r1r2_fastp	87.2933043115324	10.321261700689579	1.7746732862459826	0.41598208456818836	0.12475790378813233	0.042406083267950555	0.01661284384345413	0.0063895553244054356	0.0025998880285511773	0.0012191565331624164	0.00047003625374936533	0.00022032949394501503	6.60988481835045e-05	2.2032949394501503e-05	7.344316464833833e-06	7.344316464833833e-06	0.0	0.0	0.0	0.0	0.0	0.0	0.0	0.0	0.0	0.0	0.0	0.0	0.0	0.0	0.0
Cch-CBL_043-9E-lcwgs-1-2.clmp.r1r2_fastp	96.46663167623198	3.327395418535042	0.1880022743782542	0.015783728687212138	0.001854112707232751	0.00028524810880503865	4.7541351467506436e-05	0.0	0.0	0.0	0.0	0.0	0.0	0.0	0.0	0.0	0.0	0.0	0.0	0.0	0.0	0.0	0.0	0.0	0.0	0.0	0.0	0.0	0.0	0.0	0.0
Cch-CBL_044-1A-lcwgs-1-2.clmp.r1r2_fastp	95.79695677717666	3.9473546519884772	0.23410556277273076	0.019265871265859307	0.0019994648161464072	0.00029898539306862164	0.0	1.8686587066788852e-05	0.0	0.0	0.0	0.0	0.0	0.0	0.0	0.0	0.0	0.0	0.0	0.0	0.0	0.0	0.0	0.0	0.0	0.0	0.0	0.0	0.0	0.0	0.0
Cch-CBL_045-9H-lcwgs-1-2.clmp.r1r2_fastp	96.09619305386839	3.676111217668663	0.20812465812785486	0.017546476852147847	0.0017581996036059074	0.00021311510346738274	3.551918391123045e-05	1.7759591955615226e-05	0.0	0.0	0.0	0.0	0.0	0.0	0.0	0.0	0.0	0.0	0.0	0.0	0.0	0.0	0.0	0.0	0.0	0.0	0.0	0.0	0.0	0.0	0.0
Cch-CBL_046-12D-lcwgs-1-2.clmp.r1r2_fastp	96.26252754109228	3.523870571489851	0.19593171758925262	0.016134693002125295	0.001389240938249459	0.00012186324019732094	2.4372648039464192e-05	0.0	0.0	0.0	0.0	0.0	0.0	0.0	0.0	0.0	0.0	0.0	0.0	0.0	0.0	0.0	0.0	0.0	0.0	0.0	0.0	0.0	0.0	0.0	0.0
Cch-CBL_047-4A-lcwgs-1-2.clmp.r1r2_fastp	96.23352590601942	3.546758295657399	0.1996382900468901	0.01803128138750273	0.0018538465830022204	0.0001748911870756812	1.748911870756812e-05	0.0	0.0	0.0	0.0	0.0	0.0	0.0	0.0	0.0	0.0	0.0	0.0	0.0	0.0	0.0	0.0	0.0	0.0	0.0	0.0	0.0	0.0	0.0	0.0
Cch-CBS_001-5F-lcwgs-1-2.clmp.r1r2_fastp	96.06097915583453	3.696203807326569	0.2208153287546609	0.019390772204242703	0.002344853242537068	0.00022450722534929376	3.3260329681376854e-05	0.0	0.0	8.315082420344213e-06	0.0	0.0	0.0	0.0	0.0	0.0	0.0	0.0	0.0	0.0	0.0	0.0	0.0	0.0	0.0	0.0	0.0	0.0	0.0	0.0	0.0
Cch-CBS_002-11F-lcwgs-1-2.clmp.r1r2_fastp	89.84696809597756	8.435368649272773	1.3016449260552325	0.29017184599598406	0.08203428702663866	0.02770031668039721	0.009520955055824665	0.0039637724367956075	0.0015341511258693962	0.0006518496200045933	0.0002502049046482277	9.218075434408389e-05	2.6337358384023967e-05	2.6337358384023967e-05	1.3168679192011984e-05	6.584339596005992e-06	1.3168679192011984e-05	6.584339596005992e-06	0.0	0.0	0.0	0.0	0.0	0.0	0.0	6.584339596005992e-06	0.0	0.0	0.0	0.0	0.0
Cch-CBS_003-6G-lcwgs-1-2.clmp.r1r2_fastp	94.45867824262693	5.0959424410749525	0.393487606807983	0.04391993962643201	0.006676929475668118	0.0010136376775010366	0.00018310874174212272	4.577718543553068e-05	2.61583916774461e-05	6.539597919361525e-06	1.307919583872305e-05	6.539597919361525e-06	0.0	0.0	0.0	0.0	0.0	0.0	0.0	0.0	0.0	0.0	0.0	0.0	0.0	0.0	0.0	0.0	0.0	0.0	0.0
Cch-CBS_004-8F-lcwgs-1-2.clmp.r1r2_fastp	95.95852305286306	3.7894264939774978	0.22922957440459463	0.020164036252755774	0.0022653078175772787	0.00033560115815959684	4.89418355649412e-05	0.0	6.9916907949916e-06	0.0	0.0	0.0	0.0	0.0	0.0	0.0	0.0	0.0	0.0	0.0	0.0	0.0	0.0	0.0	0.0	0.0	0.0	0.0	0.0	0.0	0.0
Cch-CBS_005-12A-lcwgs-1-2.clmp.r1r2_fastp	95.94711420280929	3.7940139073931034	0.23420284428845986	0.021760372590066072	0.0025478225193393943	0.00032804581794069457	1.0934860598023152e-05	1.0934860598023152e-05	1.0934860598023152e-05	0.0	0.0	0.0	0.0	0.0	0.0	0.0	0.0	0.0	0.0	0.0	0.0	0.0	0.0	0.0	0.0	0.0	0.0	0.0	0.0	0.0	0.0
Cch-CBS_007-5C-lcwgs-1-2.clmp.r1r2_fastp	96.29134223614192	3.4926365749803048	0.19719576029115374	0.01701296755453091	0.001619131855331777	0.00016916302966152894	0.0	0.0	0.0	0.0	2.416614709450413e-05	0.0	0.0	0.0	0.0	0.0	0.0	0.0	0.0	0.0	0.0	0.0	0.0	0.0	0.0	0.0	0.0	0.0	0.0	0.0	0.0
Cch-CBS_008-5E-lcwgs-1-2.clmp.r1r2_fastp	96.41166463136716	3.3766555629530846	0.19394552347575608	0.016009085295033715	0.0013727373254142467	0.0002968080703598371	5.5651513192469456e-05	0.0	0.0	0.0	0.0	0.0	0.0	0.0	0.0	0.0	0.0	0.0	0.0	0.0	0.0	0.0	0.0	0.0	0.0	0.0	0.0	0.0	0.0	0.0	0.0
Cch-CBS_009-2C-lcwgs-1-2.clmp.r1r2_fastp	96.26368540754964	3.512495040362198	0.2033424441311548	0.017771359019765603	0.0023810590647676206	0.0002597518979746495	4.3291982995774923e-05	0.0	0.0	0.0	0.0	2.1645991497887462e-05	0.0	0.0	0.0	0.0	0.0	0.0	0.0	0.0	0.0	0.0	0.0	0.0	0.0	0.0	0.0	0.0	0.0	0.0	0.0
Cch-CBS_010-11F-lcwgs-1-2.clmp.r1r2_fastp	95.82658232061539	3.9028963706999447	0.2441301456823899	0.023442961009236117	0.0025519382843049456	0.0003487120636938435	4.7551645049160475e-05	0.0	0.0	0.0	0.0	0.0	0.0	0.0	0.0	0.0	0.0	0.0	0.0	0.0	0.0	0.0	0.0	0.0	0.0	0.0	0.0	0.0	0.0	0.0	0.0
Cch-CBS_011-1F-lcwgs-1-2.clmp.r1r2_fastp	95.75549909929151	3.9768761949727067	0.24354960641428092	0.021335034515448815	0.00248245187556265	0.00021077421584965895	2.3419357316628773e-05	1.1709678658314387e-05	0.0	0.0	0.0	0.0	0.0	0.0	0.0	0.0	0.0	0.0	1.1709678658314387e-05	0.0	0.0	0.0	0.0	0.0	0.0	0.0	0.0	0.0	0.0	0.0	0.0
Cch-CBS_012-2H-lcwgs-1-2.clmp.r1r2_fastp	96.36991010047595	3.418482284505553	0.1920676890534109	0.017477525118984667	0.0017979904812268639	0.00018508725542041248	5.288207297726071e-05	0.0	0.0	0.0	0.0	0.0	0.0	0.0	0.0	2.6441036488630354e-05	0.0	0.0	0.0	0.0	0.0	0.0	0.0	0.0	0.0	0.0	0.0	0.0	0.0	0.0	0.0
Cch-CBS_014-2B-lcwgs-1-2.clmp.r1r2_fastp	96.20645655422248	3.567169257170446	0.20619713496132647	0.01752624175095648	0.0021103551007025426	0.0004117766050151302	5.1472075626891276e-05	2.5736037813445638e-05	5.1472075626891276e-05	0.0	0.0	0.0	0.0	0.0	0.0	0.0	0.0	0.0	0.0	0.0	0.0	0.0	0.0	0.0	0.0	0.0	0.0	0.0	0.0	0.0	0.0
Cch-CBS_016-10A-lcwgs-1-2.clmp.r1r2_fastp	96.64265263390054	3.161474085958313	0.17738198180994172	0.0162051014466247	0.002084473630063758	0.00020172325452229919	0.0	0.0	0.0	0.0	0.0	0.0	0.0	0.0	0.0	0.0	0.0	0.0	0.0	0.0	0.0	0.0	0.0	0.0	0.0	0.0	0.0	0.0	0.0	0.0	0.0
Cch-CBS_017-1F-lcwgs-1-2.clmp.r1r2_fastp	97.02940464882883	2.7998373626767505	0.15619679564149896	0.012489023100772417	0.0018481514005627342	0.0002240183515833617	0.0	0.0	0.0	0.0	0.0	0.0	0.0	0.0	0.0	0.0	0.0	0.0	0.0	0.0	0.0	0.0	0.0	0.0	0.0	0.0	0.0	0.0	0.0	0.0	0.0
Cch-CBS_018-8C-lcwgs-1-2.clmp.r1r2_fastp	96.40146547122565	3.39000006810247	0.19024072814221862	0.015992338706931352	0.0020430741079339614	0.00021135249392420288	2.3483610436022543e-05	2.3483610436022543e-05	0.0	0.0	0.0	0.0	0.0	0.0	0.0	0.0	0.0	0.0	0.0	0.0	0.0	0.0	0.0	0.0	0.0	0.0	0.0	0.0	0.0	0.0	0.0
Cch-CBS_020-9C-lcwgs-1-2.clmp.r1r2_fastp	99.39195453214144	0.5891650751463836	0.018396280078523067	0.00048411263364534396	0.0	0.0	0.0	0.0	0.0	0.0	0.0	0.0	0.0	0.0	0.0	0.0	0.0	0.0	0.0	0.0	0.0	0.0	0.0	0.0	0.0	0.0	0.0	0.0	0.0	0.0	0.0
Cch-CBS_022-4F-lcwgs-1-2.clmp.r1r2_fastp	96.0325396181802	3.728773917088848	0.2181998215954827	0.01790874054093274	0.0022535307449028804	0.00027315524180640977	3.414440522580122e-05	0.0	0.0	0.0	0.0	0.0	0.0	0.0	1.707220261290061e-05	0.0	0.0	0.0	0.0	0.0	0.0	0.0	0.0	0.0	0.0	0.0	0.0	0.0	0.0	0.0	0.0
Cch-CBS_023-3A-lcwgs-1-2.clmp.r1r2_fastp	87.37319917949179	10.319722514631586	1.7336497852872161	0.3987774077663636	0.11357523358630522	0.03865980535490659	0.013557109219254486	0.005276801657494378	0.0021561865780623237	0.0009024295262816755	0.0003237724254598378	0.00011710917516632431	4.8221425068486484e-05	2.7555100039135134e-05	6.888775009783784e-06	0.0	0.0	0.0	0.0	0.0	0.0	0.0	0.0	0.0	0.0	0.0	0.0	0.0	0.0	0.0	0.0
Cch-CBS_024-3E-lcwgs-1-2.clmp.r1r2_fastp	96.18775106803545	1.8252247656698337	0.6950200854428361	0.4383727603137155	0.26461773895300644	0.17056685583115477	0.12752662118217178	0.07651597270930308	0.03985206911942868	0.043040234648982975	0.03267869667793152	0.016737869030160044	0.018331951794937195	0.012752662118217177	0.012752662118217177	0.0071733724414971625	0.0063763310591085885	0.004782248294331442	0.003985206911942868	0.003985206911942868	0.0031881655295542943	0.003985206911942868	0.0	0.0015940827647771471	0.0007970413823885736	0.0	0.0015940827647771471	0.0	0.0	0.0	0.0007970413823885736
Cch-CBS_025-7E-lcwgs-1-2.clmp.r1r2_fastp	96.36886224610272	3.408622594686591	0.20288392566751765	0.017069427180097217	0.0021441205430138425	0.00027845721337842113	0.00013922860668921056	0.0	0.0	0.0	0.0	0.0	0.0	0.0	0.0	0.0	0.0	0.0	0.0	0.0	0.0	0.0	0.0	0.0	0.0	0.0	0.0	0.0	0.0	0.0	0.0
Cch-CBS_026-5E-lcwgs-1-2.clmp.r1r2_fastp	96.78078158225296	3.030461265620573	0.17386545057550626	0.01276431561510947	0.0019339872144105257	9.669936072052627e-05	0.0	9.669936072052627e-05	0.0	0.0	0.0	0.0	0.0	0.0	0.0	0.0	0.0	0.0	0.0	0.0	0.0	0.0	0.0	0.0	0.0	0.0	0.0	0.0	0.0	0.0	0.0
Cch-CBS_027-4D-lcwgs-1-2.clmp.r1r2_fastp	97.80998986297	2.0680570349444523	0.10857428075971122	0.01234968122385341	0.000514570050993892	0.000514570050993892	0.0	0.0	0.0	0.0	0.0	0.0	0.0	0.0	0.0	0.0	0.0	0.0	0.0	0.0	0.0	0.0	0.0	0.0	0.0	0.0	0.0	0.0	0.0	0.0	0.0
Cch-CBS_028-9D-lcwgs-1-2.clmp.r1r2_fastp	95.98089689118932	3.7770850344372637	0.22082635592399355	0.018899552984485934	0.0020182588999451035	0.00021624202499411822	5.7664539998431525e-05	0.0	0.0	0.0	0.0	0.0	0.0	0.0	0.0	0.0	0.0	0.0	0.0	0.0	0.0	0.0	0.0	0.0	0.0	0.0	0.0	0.0	0.0	0.0	0.0
Cch-CBS_029-4H-lcwgs-1-2.clmp.r1r2_fastp	96.16087333192499	3.6107289638929028	0.20708032882964536	0.019164493441302926	0.0019222159921066123	0.00019222159921066122	1.9222159921066122e-05	0.0	0.0	0.0	0.0	0.0	0.0	0.0	0.0	0.0	0.0	0.0	0.0	0.0	1.9222159921066122e-05	0.0	0.0	0.0	0.0	0.0	0.0	0.0	0.0	0.0	0.0
Cch-CBS_030-3C-lcwgs-1-2.clmp.r1r2_fastp	99.1727948645025	0.6850038597489132	0.06988176979644904	0.019501889245520657	0.013001259497013773	0.016251574371267216	0.006500629748506887	0.004062893592816804	0.0032503148742534433	0.002437736155690082	0.002437736155690082	0.0	0.0008125787185633608	0.002437736155690082	0.0	0.0008125787185633608	0.0008125787185633608	0.0	0.0	0.0	0.0	0.0	0.0	0.0	0.0	0.0	0.0	0.0	0.0	0.0	0.0
Cch-CBS_031-4A-lcwgs-1-2.clmp.r1r2_fastp	93.74753412005329	5.705704305422037	0.4790653621649927	0.05702711669325125	0.008970948671906377	0.0014197622413257573	0.00018790970841076198	6.959618830028222e-05	6.9596188300282224e-06	6.9596188300282224e-06	0.0	0.0	0.0	6.9596188300282224e-06	0.0	0.0	0.0	0.0	0.0	0.0	0.0	0.0	0.0	0.0	0.0	0.0	0.0	0.0	0.0	0.0	0.0
Cch-CBS_032-12E-lcwgs-1-2.clmp.r1r2_fastp	95.92322899820215	3.8332644487039533	0.22118940140847657	0.01967433109109582	0.0021656446536840552	0.00040376425746651873	3.670584158786534e-05	0.0	0.0	3.670584158786534e-05	0.0	0.0	0.0	0.0	0.0	0.0	0.0	0.0	0.0	0.0	0.0	0.0	0.0	0.0	0.0	0.0	0.0	0.0	0.0	0.0	0.0
Cch-CBS_033-5D-lcwgs-1-2.clmp.r1r2_fastp	96.55976297057555	3.23821083848555	0.18308623553838332	0.016853815385392407	0.0018939955400522415	0.00019214447507776364	0.0	0.0	0.0	0.0	0.0	0.0	0.0	0.0	0.0	0.0	0.0	0.0	0.0	0.0	0.0	0.0	0.0	0.0	0.0	0.0	0.0	0.0	0.0	0.0	0.0
Cch-CBS_037-2B-lcwgs-1-2.clmp.r1r2_fastp	96.68738717107311	3.121377987650698	0.17389364660127404	0.015710825944798678	0.0014450995562432748	0.00014821533910187434	0.0	0.0	3.7053834775468584e-05	0.0	0.0	0.0	0.0	0.0	0.0	0.0	0.0	0.0	0.0	0.0	0.0	0.0	0.0	0.0	0.0	0.0	0.0	0.0	0.0	0.0	0.0
Cch-CBS_038-7E-lcwgs-1-2.clmp.r1r2_fastp	96.03986526462738	3.715845672081514	0.22152747217054763	0.020086753887589327	0.002254505667789037	0.0003566449643960058	5.0949280628000834e-05	0.0	0.0	0.0	1.2737320157000209e-05	0.0	0.0	0.0	0.0	0.0	0.0	0.0	0.0	0.0	0.0	0.0	0.0	0.0	0.0	0.0	0.0	0.0	0.0	0.0	0.0
Cch-CBS_039-6G-lcwgs-1-2.clmp.r1r2_fastp	95.2271007196095	4.459395002854723	0.28507310534603536	0.0250885131471887	0.002878400842201516	0.00038997688829826995	5.5710984042609984e-05	9.285164007101665e-06	9.285164007101665e-06	0.0	0.0	0.0	0.0	0.0	0.0	0.0	0.0	0.0	0.0	0.0	0.0	0.0	0.0	0.0	0.0	0.0	0.0	0.0	0.0	0.0	0.0
Cch-CBS_040-9C-lcwgs-1-2.clmp.r1r2_fastp	96.19274881384426	3.556930638131016	0.22456857622043003	0.022422711361087037	0.002646335224087683	0.0004837386968762431	0.00014227608731654212	0.0	0.0	2.8455217463308423e-05	0.0	0.0	0.0	2.8455217463308423e-05	0.0	0.0	0.0	0.0	0.0	0.0	0.0	0.0	0.0	0.0	0.0	0.0	0.0	0.0	0.0	0.0	0.0
Cch-CBS_041-6A-lcwgs-1-2.clmp.r1r2_fastp	96.05270464134193	3.7089776755529393	0.2177344420192725	0.01827440865895278	0.001997140049272793	0.0002886040533631203	1.1544162134524814e-05	1.1544162134524814e-05	0.0	0.0	0.0	0.0	0.0	0.0	0.0	0.0	0.0	0.0	0.0	0.0	0.0	0.0	0.0	0.0	0.0	0.0	0.0	0.0	0.0	0.0	0.0
Cch-CBS_043-4G-lcwgs-1-2.clmp.r1r2_fastp	97.0821103322021	2.761431019530079	0.14486318150752825	0.010419889485049062	0.0010152712831586264	5.3435330692559286e-05	0.00010687066138511857	0.0	0.0	0.0	0.0	0.0	0.0	0.0	0.0	0.0	0.0	0.0	0.0	0.0	0.0	0.0	0.0	0.0	0.0	0.0	0.0	0.0	0.0	0.0	0.0
Cch-CBS_044-8F-lcwgs-1-2.clmp.r1r2_fastp	95.94442147301581	3.80077031684481	0.23175470659950342	0.020923373555570026	0.0018724529700797476	0.0002404985466157474	1.717846761541053e-05	0.0	0.0	0.0	0.0	0.0	0.0	0.0	0.0	0.0	0.0	0.0	0.0	0.0	0.0	0.0	0.0	0.0	0.0	0.0	0.0	0.0	0.0	0.0	0.0
Cch-CBS_045-6C-lcwgs-1-2.clmp.r1r2_fastp	95.82875071739583	3.9079354547949268	0.23890164202400666	0.02163830639411954	0.002384922133315919	0.0003377786712421688	4.0942869241475005e-05	0.0	1.0235717310368751e-05	0.0	0.0	0.0	0.0	0.0	0.0	0.0	0.0	0.0	0.0	0.0	0.0	0.0	0.0	0.0	0.0	0.0	0.0	0.0	0.0	0.0	0.0
Cch-CBS_046-8D-lcwgs-1-2.clmp.r1r2_fastp	95.81375102992422	3.9264911539847	0.23580816819477013	0.021414949747171983	0.0022584810431387752	0.00025996904093683745	0.0	1.624806505855234e-05	0.0	0.0	0.0	0.0	0.0	0.0	0.0	0.0	0.0	0.0	0.0	0.0	0.0	0.0	0.0	0.0	0.0	0.0	0.0	0.0	0.0	0.0	0.0
Cch-CBS_047-10F-lcwgs-1-2.clmp.r1r2_fastp	96.07663569138289	3.6809979764187686	0.22115955397356765	0.018602824186760878	0.0020743362675628976	0.0004413481420346591	2.2067407101732954e-05	2.2067407101732954e-05	2.2067407101732954e-05	0.0	0.0	0.0	0.0	0.0	0.0	0.0	0.0	0.0	0.0	2.2067407101732954e-05	0.0	0.0	0.0	0.0	0.0	0.0	0.0	0.0	0.0	0.0	0.0
Cch-CBS_048-10H-lcwgs-1-2.clmp.r1r2_fastp	96.95067769494578	2.8862751721409277	0.14897247152617807	0.01307379657735512	0.0008444796832262878	9.383107591403197e-05	6.255405060935465e-05	0.0	0.0	0.0	0.0	0.0	0.0	0.0	0.0	0.0	0.0	0.0	0.0	0.0	0.0	0.0	0.0	0.0	0.0	0.0	0.0	0.0	0.0	0.0	0.0
Cch-CBS_049-10C-lcwgs-1-2.clmp.r1r2_fastp	96.03567567539628	3.723838255867356	0.21933208192705195	0.018789185596060423	0.0020934305822295656	0.00025844822002834146	1.2922411001417073e-05	0.0	0.0	0.0	0.0	0.0	0.0	0.0	0.0	0.0	0.0	0.0	0.0	0.0	0.0	0.0	0.0	0.0	0.0	0.0	0.0	0.0	0.0	0.0	0.0
Cch-CBS_050-4G-lcwgs-1-2.clmp.r1r2_fastp	96.54163616887826	3.2645223001509267	0.17723815822575156	0.014765781050461732	0.001593663593552037	0.00019514248084310658	3.252374680718443e-05	1.6261873403592216e-05	0.0	0.0	0.0	0.0	0.0	0.0	0.0	0.0	0.0	0.0	0.0	0.0	0.0	0.0	0.0	0.0	0.0	0.0	0.0	0.0	0.0	0.0	0.0
Cch-CCL_001-3E-lcwgs-1-2.clmp.r1r2_fastp	95.87291219364022	3.8658572953778516	0.2370545453790624	0.02124219072719561	0.002435586689241972	0.0003459640183582347	4.151568220298816e-05	4.151568220298816e-05	1.3838560734329387e-05	4.151568220298816e-05	1.3838560734329387e-05	0.0	0.0	0.0	0.0	0.0	0.0	0.0	0.0	0.0	0.0	0.0	0.0	0.0	0.0	0.0	0.0	0.0	0.0	0.0	0.0
Cch-CCL_011-3H-lcwgs-1-2.clmp.r1r2_fastp	99.30724276052268	0.6279138485783703	0.027086479742596363	0.011491233830192396	0.010670431413750082	0.00410401208221157	0.0016416048328846279	0.002462407249326942	0.0016416048328846279	0.0032832096657692557	0.0008208024164423139	0.0	0.0	0.0	0.0	0.0	0.0008208024164423139	0.0	0.0	0.0	0.0008208024164423139	0.0	0.0	0.0	0.0	0.0	0.0	0.0	0.0	0.0	0.0
Cch-CCS_001-6D-lcwgs-1-2.clmp.r1r2_fastp	95.93159214813525	3.812808074416025	0.23197947977751984	0.020761971462954637	0.0024174898278782795	0.0003697337383813839	5.6882113597135986e-05	7.110264199641998e-06	7.110264199641998e-06	0.0	0.0	0.0	0.0	0.0	0.0	0.0	0.0	0.0	0.0	0.0	0.0	0.0	0.0	0.0	0.0	0.0	0.0	0.0	0.0	0.0	0.0
Cch-CCS_002-4H-lcwgs-1-2.clmp.r1r2_fastp	96.00515186206344	3.7417043835101125	0.2302519650801623	0.020333597069029995	0.002125718511181939	0.0003298528724247837	7.330063831661859e-05	7.330063831661859e-06	7.330063831661859e-06	7.330063831661859e-06	0.0	7.330063831661859e-06	0.0	0.0	0.0	0.0	0.0	0.0	0.0	0.0	0.0	0.0	0.0	0.0	0.0	0.0	0.0	0.0	0.0	0.0	0.0
Cch-CCS_003-2C-lcwgs-1-2.clmp.r1r2_fastp	95.61515598328273	4.100244104903937	0.2580899365615116	0.023354520092637523	0.002754103406479921	0.00032523331684561883	6.227872024703338e-05	0.0	1.3839715610451863e-05	0.0	0.0	0.0	0.0	0.0	0.0	0.0	0.0	0.0	0.0	0.0	0.0	0.0	0.0	0.0	0.0	0.0	0.0	0.0	0.0	0.0	0.0
Cch-CCS_004-11H-lcwgs-1-2.clmp.r1r2_fastp	96.02823643932109	3.7314210776626915	0.21918517010831123	0.0188830273223487	0.001980135083954499	0.00022958087929907234	5.7395219824768084e-05	7.1744024780960105e-06	0.0	0.0	0.0	0.0	0.0	0.0	0.0	0.0	0.0	0.0	0.0	0.0	0.0	0.0	0.0	0.0	0.0	0.0	0.0	0.0	0.0	0.0	0.0
Cch-CCS_006-1B-lcwgs-1-2.clmp.r1r2_fastp	96.26720251715014	3.51155086433663	0.20250015143218938	0.016783235534874055	0.0016759293686750127	0.00026336032936321625	0.0	2.394184812392875e-05	0.0	0.0	0.0	0.0	0.0	0.0	0.0	0.0	0.0	0.0	0.0	0.0	0.0	0.0	0.0	0.0	0.0	0.0	0.0	0.0	0.0	0.0	0.0
Cch-CCS_008-9E-lcwgs-1-2.clmp.r1r2_fastp	95.86261580428398	3.856523824607027	0.25151292928197444	0.02557719156851022	0.0032116946646536947	0.0005120092943650817	2.3273149743867353e-05	2.3273149743867353e-05	0.0	0.0	0.0	0.0	0.0	0.0	0.0	0.0	0.0	0.0	0.0	0.0	0.0	0.0	0.0	0.0	0.0	0.0	0.0	0.0	0.0	0.0	0.0
Cch-CCS_011-7F-lcwgs-1-2.clmp.r1r2_fastp	96.2020536223937	3.563108696097747	0.2144817131807562	0.018390564489251908	0.0015161686754497756	0.00044923516309622986	0.0	0.0	0.0	0.0	0.0	0.0	0.0	0.0	0.0	0.0	0.0	0.0	0.0	0.0	0.0	0.0	0.0	0.0	0.0	0.0	0.0	0.0	0.0	0.0	0.0
Cch-CCS_012-9G-lcwgs-1-2.clmp.r1r2_fastp	96.1262130369193	3.6421037198866046	0.2115345001494092	0.017718881078596614	0.0021022401279690898	0.00027301819843754415	4.095272976563162e-05	0.0	0.0	0.0	0.0	1.3650909921877208e-05	0.0	0.0	0.0	0.0	0.0	0.0	0.0	0.0	0.0	0.0	0.0	0.0	0.0	0.0	0.0	0.0	0.0	0.0	0.0
Cch-CCS_013-12B-lcwgs-1-2.clmp.r1r2_fastp	96.06780952456151	3.698256301131771	0.212891744991813	0.01869341516061631	0.001973961474193908	0.0003158338358710253	5.921884422581725e-05	0.0	0.0	0.0	0.0	0.0	0.0	0.0	0.0	0.0	0.0	0.0	0.0	0.0	0.0	0.0	0.0	0.0	0.0	0.0	0.0	0.0	0.0	0.0	0.0
Cch-CCS_014-9G-lcwgs-1-2.clmp.r1r2_fastp	95.9051669086415	3.8186889581181744	0.24927111613774522	0.02348793071330416	0.0029905057672111397	0.00035304581974020396	4.153480232237694e-05	0.0	0.0	0.0	0.0	0.0	0.0	0.0	0.0	0.0	0.0	0.0	0.0	0.0	0.0	0.0	0.0	0.0	0.0	0.0	0.0	0.0	0.0	0.0	0.0
Cch-CCS_015-3F-lcwgs-1-2.clmp.r1r2_fastp	95.76989406295795	3.9508326938185845	0.252429859676831	0.023920918402453757	0.0025668212377552187	0.0002937927922731877	6.185111416277636e-05	0.0	0.0	0.0	0.0	0.0	0.0	0.0	0.0	0.0	0.0	0.0	0.0	0.0	0.0	0.0	0.0	0.0	0.0	0.0	0.0	0.0	0.0	0.0	0.0
Cch-CCS_016-5D-lcwgs-1-2.clmp.r1r2_fastp	96.13074229323679	3.6447175544793735	0.20535458251715422	0.017022765011636264	0.0019017765949473154	0.00020509355435706342	1.8644868577914856e-05	1.8644868577914856e-05	0.0	1.8644868577914856e-05	0.0	0.0	0.0	0.0	0.0	0.0	0.0	0.0	0.0	0.0	0.0	0.0	0.0	0.0	0.0	0.0	0.0	0.0	0.0	0.0	0.0
Cch-CCS_018-5F-lcwgs-1-2.clmp.r1r2_fastp	95.86943562755039	3.876353960032635	0.23223388639906378	0.01953468979370452	0.002090822266982437	0.0003052295280266331	3.052295280266331e-05	1.5261476401331655e-05	0.0	0.0	0.0	0.0	0.0	0.0	0.0	0.0	0.0	0.0	0.0	0.0	0.0	0.0	0.0	0.0	0.0	0.0	0.0	0.0	0.0	0.0	0.0
Cch-CCS_019-12F-lcwgs-1-2.clmp.r1r2_fastp	96.0403575133711	3.7179398338631575	0.219731198665255	0.019156309488669792	0.0025153067241644685	0.0002998378876487446	0.0	0.0	0.0	0.0	0.0	0.0	0.0	0.0	0.0	0.0	0.0	0.0	0.0	0.0	0.0	0.0	0.0	0.0	0.0	0.0	0.0	0.0	0.0	0.0	0.0
Cch-CCS_021-9F-lcwgs-1-2.clmp.r1r2_fastp	95.98638707110385	3.739709576337498	0.24693388610661282	0.02397017152822542	0.0025881012649042585	0.0003870057966211975	2.4187862288824844e-05	0.0	0.0	0.0	0.0	0.0	0.0	0.0	0.0	0.0	0.0	0.0	0.0	0.0	0.0	0.0	0.0	0.0	0.0	0.0	0.0	0.0	0.0	0.0	0.0
Cch-CCS_023-10A-lcwgs-1-2.clmp.r1r2_fastp	96.42965207193119	3.3594996090695854	0.1929241594996091	0.016008600469116497	0.0016810007818608289	0.00019546520719311962	3.909304143862392e-05	0.0	0.0	0.0	0.0	0.0	0.0	0.0	0.0	0.0	0.0	0.0	0.0	0.0	0.0	0.0	0.0	0.0	0.0	0.0	0.0	0.0	0.0	0.0	0.0
Cch-CCS_024-9B-lcwgs-1-2.clmp.r1r2_fastp	96.13092067087081	3.6364614187242705	0.2131207402488419	0.017235788338720786	0.0018554927732180493	0.0003044167831060862	7.248018645383005e-05	2.899207458153202e-05	0.0	0.0	0.0	0.0	0.0	0.0	0.0	0.0	0.0	0.0	0.0	0.0	0.0	0.0	0.0	0.0	0.0	0.0	0.0	0.0	0.0	0.0	0.0
Cch-CCS_025-6F-lcwgs-1-2.clmp.r1r2_fastp	95.77862507121081	3.9464829692115093	0.24935360978465612	0.022523405720235652	0.0025124533939895415	0.00040396309471988707	7.882206726241699e-05	9.852758407802124e-06	9.852758407802124e-06	0.0	0.0	0.0	0.0	0.0	0.0	0.0	0.0	0.0	0.0	0.0	0.0	0.0	0.0	0.0	0.0	0.0	0.0	0.0	0.0	0.0	0.0
Cch-CCS_026-9E-lcwgs-1-2.clmp.r1r2_fastp	95.99415928425975	3.760094698091664	0.22316750911291566	0.02012931438942891	0.0020818150243059556	0.0003061492682802876	4.5922390242043146e-05	1.530746341401438e-05	0.0	0.0	0.0	0.0	0.0	0.0	0.0	0.0	0.0	0.0	0.0	0.0	0.0	0.0	0.0	0.0	0.0	0.0	0.0	0.0	0.0	0.0	0.0
Cch-CCS_028-3C-lcwgs-1-2.clmp.r1r2_fastp	95.91581042025663	3.8265449248598657	0.23434078680522352	0.020565615707534735	0.0022595369213120097	0.00042126959549884923	3.8297235954440844e-05	0.0	0.0	0.0	1.9148617977220422e-05	0.0	0.0	0.0	0.0	0.0	0.0	0.0	0.0	0.0	0.0	0.0	0.0	0.0	0.0	0.0	0.0	0.0	0.0	0.0	0.0
Cch-CCS_029-3F-lcwgs-1-2.clmp.r1r2_fastp	95.85103742289449	3.8784668091377346	0.24534523840332775	0.022125176008144398	0.0025150529564447505	0.00047385055701132975	0.0	0.0	3.6450042847025364e-05	0.0	0.0	0.0	0.0	0.0	0.0	0.0	0.0	0.0	0.0	0.0	0.0	0.0	0.0	0.0	0.0	0.0	0.0	0.0	0.0	0.0	0.0
Cch-CCS_030-4C-lcwgs-1-2.clmp.r1r2_fastp	95.2913021206773	4.386871887841057	0.2909141090159629	0.02715221293116398	0.003303691307213868	0.00040435805062253075	3.4413451116811127e-05	0.0	8.603362779202782e-06	8.603362779202782e-06	0.0	0.0	0.0	0.0	0.0	0.0	0.0	0.0	0.0	0.0	0.0	0.0	0.0	0.0	0.0	0.0	0.0	0.0	0.0	0.0	0.0
Cch-CCS_032-9A-lcwgs-1-2.clmp.r1r2_fastp	95.7399912977119	3.997140851612524	0.2394047194307651	0.020733721611232925	0.0024356615115911175	0.0002815086169175663	1.223950508337245e-05	0.0	0.0	0.0	0.0	0.0	0.0	0.0	0.0	0.0	0.0	0.0	0.0	0.0	0.0	0.0	0.0	0.0	0.0	0.0	0.0	0.0	0.0	0.0	0.0
Cch-CCS_033-4E-lcwgs-1-2.clmp.r1r2_fastp	96.23868652216453	3.53976044986904	0.2028219925769267	0.016862434503287612	0.0016434682493190864	0.00020261937320372296	2.2513263689302553e-05	0.0	0.0	0.0	0.0	0.0	0.0	0.0	0.0	0.0	0.0	0.0	0.0	0.0	0.0	0.0	0.0	0.0	0.0	0.0	0.0	0.0	0.0	0.0	0.0
Cch-CCS_034-11E-lcwgs-1-2.clmp.r1r2_fastp	95.52363567977963	4.186907589166027	0.26251636105489673	0.02385194222233113	0.0026534379493535543	0.0003769911840611607	4.3498982776287775e-05	0.0	0.0	1.449966092542926e-05	0.0	0.0	0.0	0.0	0.0	0.0	0.0	0.0	0.0	0.0	0.0	0.0	0.0	0.0	0.0	0.0	0.0	0.0	0.0	0.0	0.0
Cch-CCS_035-2D-lcwgs-1-2.clmp.r1r2_fastp	97.19663406724764	2.652664302255396	0.13748564981201747	0.011835206583530915	0.0012492718060393745	0.0	0.0001315022953725657	0.0	0.0	0.0	0.0	0.0	0.0	0.0	0.0	0.0	0.0	0.0	0.0	0.0	0.0	0.0	0.0	0.0	0.0	0.0	0.0	0.0	0.0	0.0	0.0
Cch-CCS_037-2B-lcwgs-1-2.clmp.r1r2_fastp	96.77854065581676	3.036656730661817	0.16893061662707934	0.013951181983564901	0.0017186238675406037	0.00020219104324007103	0.0	0.0	0.0	0.0	0.0	0.0	0.0	0.0	0.0	0.0	0.0	0.0	0.0	0.0	0.0	0.0	0.0	0.0	0.0	0.0	0.0	0.0	0.0	0.0	0.0
Cch-CCS_038-3B-lcwgs-1-2.clmp.r1r2_fastp	95.38565342233326	4.3100278228371005	0.27642858770615936	0.024821471855014637	0.0026932009107162465	0.0003237020325380104	5.179232520608166e-05	0.0	0.0	0.0	0.0	0.0	0.0	0.0	0.0	0.0	0.0	0.0	0.0	0.0	0.0	0.0	0.0	0.0	0.0	0.0	0.0	0.0	0.0	0.0	0.0
Cch-CCS_039-12B-lcwgs-1-2.clmp.r1r2_fastp	96.44301648144948	3.3488217610715147	0.19077540424118566	0.015590102318519346	0.0015251187050725448	0.0002372406874557292	3.389152677938988e-05	0.0	0.0	0.0	0.0	0.0	0.0	0.0	0.0	0.0	0.0	0.0	0.0	0.0	0.0	0.0	0.0	0.0	0.0	0.0	0.0	0.0	0.0	0.0	0.0
Cch-CCS_040-1D-lcwgs-1-2.clmp.r1r2_fastp	95.78377058469347	3.955802150411963	0.23666984243924377	0.021160222538292178	0.0023189284973470876	0.00019710892227450244	4.6378569946941756e-05	1.1594642486735439e-05	2.3189284973470878e-05	0.0	0.0	0.0	0.0	0.0	0.0	0.0	0.0	0.0	0.0	0.0	0.0	0.0	0.0	0.0	0.0	0.0	0.0	0.0	0.0	0.0	0.0
Cch-CCS_041-7H-lcwgs-1-2.clmp.r1r2_fastp	96.29710308953482	3.4853290370113936	0.19791486358734003	0.017416081914171207	0.0018818600233457164	0.00028405434314652324	5.3260189339973104e-05	0.0	0.0	0.0	1.7753396446657703e-05	0.0	0.0	0.0	0.0	0.0	0.0	0.0	0.0	0.0	0.0	0.0	0.0	0.0	0.0	0.0	0.0	0.0	0.0	0.0	0.0
Cch-CCS_042-12H-lcwgs-1-2.clmp.r1r2_fastp	96.00755475712846	3.76352899324956	0.20973520662058517	0.016913635362244415	0.0019916418451918242	0.0002144845064052734	6.128128754436383e-05	0.0	0.0	0.0	0.0	0.0	0.0	0.0	0.0	0.0	0.0	0.0	0.0	0.0	0.0	0.0	0.0	0.0	0.0	0.0	0.0	0.0	0.0	0.0	0.0
Cch-CCS_043-12C-lcwgs-1-2.clmp.r1r2_fastp	96.13883198441751	3.6275816905665446	0.21387312355173457	0.01763105752762199	0.001779897236121839	0.0002854552171138798	1.679148335963999e-05	0.0	0.0	0.0	0.0	0.0	0.0	0.0	0.0	0.0	0.0	0.0	0.0	0.0	0.0	0.0	0.0	0.0	0.0	0.0	0.0	0.0	0.0	0.0	0.0
Cch-CCS_044-12B-lcwgs-1-2.clmp.r1r2_fastp	96.1833521711815	3.5892747571508634	0.20769434159051453	0.01812955345402536	0.0013188936115514983	0.00020934819230976164	2.0934819230976164e-05	0.0	0.0	0.0	0.0	0.0	0.0	0.0	0.0	0.0	0.0	0.0	0.0	0.0	0.0	0.0	0.0	0.0	0.0	0.0	0.0	0.0	0.0	0.0	0.0
Cch-CCS_045-5A-lcwgs-1-2.clmp.r1r2_fastp	95.81129476632778	3.930171295252436	0.23545560766271373	0.020411816058152673	0.0023597475211737193	0.00027137096493497773	3.5396212817605794e-05	0.0	0.0	0.0	0.0	0.0	0.0	0.0	0.0	0.0	0.0	0.0	0.0	0.0	0.0	0.0	0.0	0.0	0.0	0.0	0.0	0.0	0.0	0.0	0.0
Cch-CCS_046-4B-lcwgs-1-2.clmp.r1r2_fastp	96.3086010147797	3.478742790544081	0.19449482762989048	0.016138706003662507	0.00172458467849164	0.0002129116887026716	4.258233774053432e-05	2.129116887026716e-05	0.0	0.0	0.0	0.0	0.0	0.0	0.0	2.129116887026716e-05	0.0	0.0	0.0	0.0	0.0	0.0	0.0	0.0	0.0	0.0	0.0	0.0	0.0	0.0	0.0
Cch-CCS_047-4F-lcwgs-1-2.clmp.r1r2_fastp	96.24448754593712	3.5312542534367766	0.2047604464407241	0.017422077038246903	0.001905539676058255	0.0001701374710766299	0.0	0.0	0.0	0.0	0.0	0.0	0.0	0.0	0.0	0.0	0.0	0.0	0.0	0.0	0.0	0.0	0.0	0.0	0.0	0.0	0.0	0.0	0.0	0.0	0.0
Cch-CCS_048-3D-lcwgs-1-2.clmp.r1r2_fastp	99.30469465854578	0.6437156871048965	0.026179824595175212	0.006929953569311086	0.00461996904620739	0.00461996904620739	0.00461996904620739	0.00153998968206913	0.000769994841034565	0.000769994841034565	0.0	0.0	0.000769994841034565	0.0	0.000769994841034565	0.0	0.0	0.0	0.0	0.0	0.0	0.0	0.0	0.0	0.0	0.0	0.0	0.0	0.0	0.0	0.0
Cch-CCS_049-1H-lcwgs-1-2.clmp.r1r2_fastp	95.81183955014951	3.933192131020316	0.2323753814419655	0.019848597535965743	0.002382682662409607	0.0003191092851441438	4.254790468588584e-05	0.0	0.0	0.0	0.0	0.0	0.0	0.0	0.0	0.0	0.0	0.0	0.0	0.0	0.0	0.0	0.0	0.0	0.0	0.0	0.0	0.0	0.0	0.0	0.0
Cch-CCS_050-1C-lcwgs-1-2.clmp.r1r2_fastp	96.1419832310848	3.6309336096133715	0.20842638615084294	0.01679646211771726	0.0016635473662914859	0.0001431008487132461	3.5775212178311524e-05	0.0	1.7887606089155762e-05	0.0	0.0	0.0	0.0	0.0	0.0	0.0	0.0	0.0	0.0	0.0	0.0	0.0	0.0	0.0	0.0	0.0	0.0	0.0	0.0	0.0	0.0
Cch-CWAL_002-9F-lcwgs-1-2.clmp.r1r2_fastp	95.91953840076533	3.8283244885222256	0.22962015789779142	0.020015069168573006	0.002212550163192594	0.00024678444127917396	1.701961663994303e-05	8.509808319971515e-06	8.509808319971515e-06	8.509808319971515e-06	0.0	0.0	0.0	0.0	0.0	0.0	0.0	0.0	0.0	0.0	0.0	0.0	0.0	0.0	0.0	0.0	0.0	0.0	0.0	0.0	0.0
Cch-CWAL_019-2A-lcwgs-1-2.clmp.r1r2_fastp	96.25037084695386	3.523739872799984	0.2067948152175655	0.017081435450349895	0.0017003259544398637	0.00027361567082940337	3.9087952975629053e-05	0.0	0.0	0.0	0.0	0.0	0.0	0.0	0.0	0.0	0.0	0.0	0.0	0.0	0.0	0.0	0.0	0.0	0.0	0.0	0.0	0.0	0.0	0.0	0.0
Cch-CWAL_025-5G-lcwgs-1-2.clmp.r1r2_fastp	96.04835495713151	3.712278181233316	0.21795276254274296	0.019136333125287047	0.0020143508552933733	0.00021693009210851713	3.099001315835959e-05	0.0	0.0	1.5495006579179794e-05	0.0	0.0	0.0	0.0	0.0	0.0	0.0	0.0	0.0	0.0	0.0	0.0	0.0	0.0	0.0	0.0	0.0	0.0	0.0	0.0	0.0
Cch-CWAL_066-5B-lcwgs-1-2.clmp.r1r2_fastp	96.50312274279217	3.295668481618895	0.18311485253634013	0.015845780308590227	0.002175622010332754	7.252073367775847e-05	0.0	0.0	0.0	0.0	0.0	0.0	0.0	0.0	0.0	0.0	0.0	0.0	0.0	0.0	0.0	0.0	0.0	0.0	0.0	0.0	0.0	0.0	0.0	0.0	0.0
Cch-CWAL_094-1B-lcwgs-1-2.clmp.r1r2_fastp	96.39655656099741	3.374674608714941	0.2076306295138866	0.01878951179890003	0.002055102853004691	0.00026096544165138934	0.0	3.262068020642367e-05	0.0	0.0	0.0	0.0	0.0	0.0	0.0	0.0	0.0	0.0	0.0	0.0	0.0	0.0	0.0	0.0	0.0	0.0	0.0	0.0	0.0	0.0	0.0
Cch-CWAL_136-4G-lcwgs-1-2.clmp.r1r2_fastp	96.18033863912959	3.5959290081824733	0.20430974101374555	0.017281780674966784	0.001861592173245973	0.0002482122897661297	3.102653622076621e-05	0.0	0.0	0.0	0.0	0.0	0.0	0.0	0.0	0.0	0.0	0.0	0.0	0.0	0.0	0.0	0.0	0.0	0.0	0.0	0.0	0.0	0.0	0.0	0.0
Cch-CWAL_182-7C-lcwgs-1-2.clmp.r1r2_fastp	96.02984098742769	3.731663730139146	0.21768549240144033	0.01834216387238129	0.002137561513833638	0.00029862991737381706	0.0	3.1434728144612325e-05	0.0	0.0	0.0	0.0	0.0	0.0	0.0	0.0	0.0	0.0	0.0	0.0	0.0	0.0	0.0	0.0	0.0	0.0	0.0	0.0	0.0	0.0	0.0
Cch-CWAL_188-10B-lcwgs-1-2.clmp.r1r2_fastp	96.16557401138178	3.611471610467936	0.203773464868187	0.016925731646204256	0.002017794095269792	0.00021364878655797797	0.0	0.0	2.3738754061997555e-05	0.0	0.0	0.0	0.0	0.0	0.0	0.0	0.0	0.0	0.0	0.0	0.0	0.0	0.0	0.0	0.0	0.0	0.0	0.0	0.0	0.0	0.0
Cch-CWAL_228-5B-lcwgs-1-2.clmp.r1r2_fastp	96.10701637417212	3.6576306491592803	0.21469545473541343	0.018248221318949313	0.002126728319975348	0.00020821116419339068	4.4616678041440866e-05	2.974445202762724e-05	0.0	0.0	0.0	0.0	0.0	0.0	0.0	0.0	0.0	0.0	0.0	0.0	0.0	0.0	0.0	0.0	0.0	0.0	0.0	0.0	0.0	0.0	0.0
Cch-CWAL_230-8H-lcwgs-1-2.clmp.r1r2_fastp	95.81423271215715	3.9219355061290346	0.24002367135359054	0.02141486689059552	0.0021290542554510783	0.00021756758814828536	4.662162603177544e-05	0.0	0.0	0.0	0.0	0.0	0.0	0.0	0.0	0.0	0.0	0.0	0.0	0.0	0.0	0.0	0.0	0.0	0.0	0.0	0.0	0.0	0.0	0.0	0.0
Cch-CWAS_049-12E-lcwgs-1-2.clmp.r1r2_fastp	96.26714865132504	3.5002138640490372	0.21206659243836637	0.018540431955449705	0.001664311665659758	0.0003328623331319516	0.0	0.0	3.328623331319516e-05	0.0	0.0	0.0	0.0	0.0	0.0	0.0	0.0	0.0	0.0	0.0	0.0	0.0	0.0	0.0	0.0	0.0	0.0	0.0	0.0	0.0	0.0
Cch-CWAS_057-7G-lcwgs-1-2.clmp.r1r2_fastp	96.19018575414383	3.5812198384408584	0.20765501941825032	0.01830917875807949	0.002279514673791222	0.00029224547099887456	5.8449094199774916e-05	0.0	0.0	0.0	0.0	0.0	0.0	0.0	0.0	0.0	0.0	0.0	0.0	0.0	0.0	0.0	0.0	0.0	0.0	0.0	0.0	0.0	0.0	0.0	0.0
Cch-CWAS_104-2D-lcwgs-1-2.clmp.r1r2_fastp	96.54584629593242	3.2494275955992227	0.18671875855088524	0.015766203618044042	0.002084787255278551	0.00013029920345490945	2.6059840690981886e-05	0.0	0.0	0.0	0.0	0.0	0.0	0.0	0.0	0.0	0.0	0.0	0.0	0.0	0.0	0.0	0.0	0.0	0.0	0.0	0.0	0.0	0.0	0.0	0.0
Cch-CWAS_268-1A-lcwgs-1-2.clmp.r1r2_fastp	96.04316018465622	3.717911905242896	0.21814179636382383	0.018538156231248288	0.0019182570716247218	0.00028474128406929465	1.498638337206814e-05	2.997276674413628e-05	0.0	0.0	0.0	0.0	0.0	0.0	0.0	0.0	0.0	0.0	0.0	0.0	0.0	0.0	0.0	0.0	0.0	0.0	0.0	0.0	0.0	0.0	0.0
Cch-CWAS_296-3D-lcwgs-1-2.clmp.r1r2_fastp	96.48323849003134	3.303869501242017	0.19619114924767025	0.015030773531071509	0.0014942874270655886	8.789926041562286e-05	8.789926041562286e-05	0.0	0.0	0.0	0.0	0.0	0.0	0.0	0.0	0.0	0.0	0.0	0.0	0.0	0.0	0.0	0.0	0.0	0.0	0.0	0.0	0.0	0.0	0.0	0.0
Cch-CWBL_003-4E-lcwgs-1-2.clmp.r1r2_fastp	96.57019449916116	3.2234324512461194	0.1882019923248798	0.01590889587590766	0.0019670968625542704	0.0002458871078192838	2.458871078192838e-05	2.458871078192838e-05	0.0	0.0	0.0	0.0	0.0	0.0	0.0	0.0	0.0	0.0	0.0	0.0	0.0	0.0	0.0	0.0	0.0	0.0	0.0	0.0	0.0	0.0	0.0
Cch-CWBL_010-10H-lcwgs-1-2.clmp.r1r2_fastp	96.46949262686627	3.3228111527452184	0.1905058691832334	0.015367878441395023	0.0015926113342043988	0.00018060540903348853	4.9256020645496865e-05	0.0	0.0	0.0	0.0	0.0	0.0	0.0	0.0	0.0	0.0	0.0	0.0	0.0	0.0	0.0	0.0	0.0	0.0	0.0	0.0	0.0	0.0	0.0	0.0
Cch-CWBL_044-11B-lcwgs-1-2.clmp.r1r2_fastp	96.8603507952202	2.953655148245954	0.1692372088236971	0.014670933057436357	0.0018077926990205937	0.00027812195369547593	0.0	0.0	0.0	0.0	0.0	0.0	0.0	0.0	0.0	0.0	0.0	0.0	0.0	0.0	0.0	0.0	0.0	0.0	0.0	0.0	0.0	0.0	0.0	0.0	0.0
Cch-CWBL_100-5A-lcwgs-1-2.clmp.r1r2_fastp	97.80127614787529	2.0780160505196688	0.11051177476647808	0.009209314563873175	0.0006578081831337982	0.0003289040915668991	0.0	0.0	0.0	0.0	0.0	0.0	0.0	0.0	0.0	0.0	0.0	0.0	0.0	0.0	0.0	0.0	0.0	0.0	0.0	0.0	0.0	0.0	0.0	0.0	0.0
Cch-CWBL_106-12G-lcwgs-1-2.clmp.r1r2_fastp	96.52015184131656	3.272273888178186	0.1908003628066856	0.014867265957456468	0.001679660581453097	0.00018158492772465913	4.539623193116478e-05	0.0	0.0	0.0	0.0	0.0	0.0	0.0	0.0	0.0	0.0	0.0	0.0	0.0	0.0	0.0	0.0	0.0	0.0	0.0	0.0	0.0	0.0	0.0	0.0
Cch-CWBL_156-1A-lcwgs-1-2.clmp.r1r2_fastp	96.08341518781285	3.6607317912095345	0.23072503365398883	0.022135981088574574	0.002602802171953274	0.00029190304732186256	4.865050788697708e-05	4.865050788697708e-05	0.0	0.0	0.0	0.0	0.0	0.0	0.0	0.0	0.0	0.0	0.0	0.0	0.0	0.0	0.0	0.0	0.0	0.0	0.0	0.0	0.0	0.0	0.0
Cch-CWBL_172-1E-lcwgs-1-2.clmp.r1r2_fastp	96.98247633304106	2.85608139127559	0.14833324992874347	0.011477196822502703	0.0013054631456875113	0.0001631828932109389	0.00010878859547395929	5.4394297736979644e-05	0.0	0.0	0.0	0.0	0.0	0.0	0.0	0.0	0.0	0.0	0.0	0.0	0.0	0.0	0.0	0.0	0.0	0.0	0.0	0.0	0.0	0.0	0.0
Cch-CWBL_204-3H-lcwgs-1-2.clmp.r1r2_fastp	95.86122887334957	3.872899610655061	0.24205404137810038	0.021091483391811088	0.0023765051709082915	0.00029706314636353644	3.4948605454533695e-05	0.0	1.7474302727266848e-05	0.0	0.0	0.0	0.0	0.0	0.0	0.0	0.0	0.0	0.0	0.0	0.0	0.0	0.0	0.0	0.0	0.0	0.0	0.0	0.0	0.0	0.0
Cch-CWBL_217-2A-lcwgs-1-2.clmp.r1r2_fastp	96.13992891469422	3.6287041434785263	0.21148142161925218	0.017450241992200285	0.0021560743439251904	0.0002326698932293371	4.6533978645867425e-05	0.0	0.0	0.0	0.0	0.0	0.0	0.0	0.0	0.0	0.0	0.0	0.0	0.0	0.0	0.0	0.0	0.0	0.0	0.0	0.0	0.0	0.0	0.0	0.0
Cch-CWBL_231-1A-lcwgs-1-2.clmp.r1r2_fastp	90.10944829593888	8.426922614305711	1.1598458317571936	0.22367294856351946	0.055384819204440265	0.016964782213823894	0.005104077509461196	0.0017501686542004918	0.0005717682455953798	0.00021615628796898507	5.578226786296388e-05	4.88094843800934e-05	1.394556696574097e-05	0.0	0.0	0.0	0.0	0.0	0.0	0.0	0.0	0.0	0.0	0.0	0.0	0.0	0.0	0.0	0.0	0.0	0.0
Cch-CWBS_016-4E-lcwgs-1-2.clmp.r1r2_fastp	96.36375567864887	3.4173808167311464	0.1989776692011164	0.01740010599150278	0.0022868710731689373	0.00015908668335088257	1.988583541886032e-05	1.988583541886032e-05	0.0	0.0	0.0	0.0	0.0	0.0	0.0	0.0	0.0	0.0	0.0	0.0	0.0	0.0	0.0	0.0	0.0	0.0	0.0	0.0	0.0	0.0	0.0
Cch-CWBS_053-11F-lcwgs-1-2.clmp.r1r2_fastp	96.04561144764376	3.6981139343777385	0.2322843420370169	0.02122150574322047	0.002356034268088496	0.0003095519476320652	0.00010318398254402172	0.0	0.0	0.0	0.0	0.0	0.0	0.0	0.0	0.0	0.0	0.0	0.0	0.0	0.0	0.0	0.0	0.0	0.0	0.0	0.0	0.0	0.0	0.0	0.0
Cch-CWBS_121-10G-lcwgs-1-2.clmp.r1r2_fastp	96.31603021528267	3.465389792080368	0.19922640534124347	0.017230469883435077	0.0018198149248221456	0.0002455305850950514	4.332892678147966e-05	0.0	0.0	0.0	0.0	1.4442975593826553e-05	0.0	0.0	0.0	0.0	0.0	0.0	0.0	0.0	0.0	0.0	0.0	0.0	0.0	0.0	0.0	0.0	0.0	0.0	0.0
Cch-CWBS_124-7H-lcwgs-1-2.clmp.r1r2_fastp	96.27938499003508	3.499204530443223	0.20331857263469855	0.01656031688597121	0.0012444168758244261	9.57243750634174e-05	9.57243750634174e-05	9.57243750634174e-05	0.0	0.0	0.0	0.0	0.0	0.0	0.0	0.0	0.0	0.0	0.0	0.0	0.0	0.0	0.0	0.0	0.0	0.0	0.0	0.0	0.0	0.0	0.0
Cch-CWBS_152-11A-lcwgs-1-2.clmp.r1r2_fastp	96.47988766246172	3.3081896158353095	0.1928428625142825	0.0174736465529095	0.0014845298603446786	0.0001216827754380884	0.0	0.0	0.0	0.0	0.0	0.0	0.0	0.0	0.0	0.0	0.0	0.0	0.0	0.0	0.0	0.0	0.0	0.0	0.0	0.0	0.0	0.0	0.0	0.0	0.0
Cch-CWBS_161-7D-lcwgs-1-2.clmp.r1r2_fastp	96.11181277213548	3.643812756063489	0.222168351322791	0.019339950525085012	0.0026786635076295035	0.00018750644553406522	0.0	0.0	0.0	0.0	0.0	0.0	0.0	0.0	0.0	0.0	0.0	0.0	0.0	0.0	0.0	0.0	0.0	0.0	0.0	0.0	0.0	0.0	0.0	0.0	0.0
Cch-CWBS_234-8F-lcwgs-1-2.clmp.r1r2_fastp	96.12383777727521	3.6328861993003136	0.22017996434441864	0.020692145805106615	0.0020895553851448144	0.00024039132749453617	3.698328115300556e-05	1.849164057650278e-05	0.0	0.0	0.0	0.0	0.0	0.0	1.849164057650278e-05	0.0	0.0	0.0	0.0	0.0	0.0	0.0	0.0	0.0	0.0	0.0	0.0	0.0	0.0	0.0	0.0
Cch-CWBS_252-1G-lcwgs-1-2.clmp.r1r2_fastp	95.85672549948728	3.876134347067069	0.2406382856357722	0.023551691155619	0.0024529558698322394	0.0003977766275403632	8.287013073757566e-05	0.0	0.0	1.657402614751513e-05	0.0	0.0	0.0	0.0	0.0	0.0	0.0	0.0	0.0	0.0	0.0	0.0	0.0	0.0	0.0	0.0	0.0	0.0	0.0	0.0	0.0
Cch-CWBS_290-4B-lcwgs-1-2.clmp.r1r2_fastp	96.67431991639485	3.1381490747484984	0.17074664048727448	0.014831470162882268	0.0015834309782436584	0.0002639051630406097	0.0001055620652162439	0.0	0.0	0.0	0.0	0.0	0.0	0.0	0.0	0.0	0.0	0.0	0.0	0.0	0.0	0.0	0.0	0.0	0.0	0.0	0.0	0.0	0.0	0.0	0.0
Cch-CWCL_009-9B-lcwgs-1-2.clmp.r1r2_fastp	96.05128200560138	3.701973844328294	0.22369292161008625	0.02012157469285896	0.002573344525402523	0.00028702688937181986	3.958991577542343e-05	9.897478943855858e-06	9.897478943855858e-06	0.0	0.0	0.0	9.897478943855858e-06	0.0	0.0	0.0	0.0	0.0	0.0	0.0	0.0	0.0	0.0	0.0	0.0	0.0	0.0	0.0	0.0	0.0	0.0
Cch-CWCL_012-6B-lcwgs-1-2.clmp.r1r2_fastp	94.95274884270984	4.676703080002367	0.33162797430064217	0.033805155163270796	0.00420488567859116	0.0006908500956927025	0.00013285578763321202	3.3213946908303004e-05	1.32855787633212e-05	6.6427893816606e-06	1.32855787633212e-05	1.32855787633212e-05	0.0	0.0	6.6427893816606e-06	0.0	0.0	0.0	0.0	0.0	0.0	0.0	0.0	0.0	0.0	0.0	0.0	0.0	0.0	0.0	0.0
Cch-CWCL_016-12A-lcwgs-1-2.clmp.r1r2_fastp	96.21613424327559	3.5552722483965296	0.20892216203276756	0.017721789635485638	0.0018057369060503852	0.00011185980833940439	3.1959945239829825e-05	0.0	0.0	0.0	0.0	0.0	0.0	0.0	0.0	0.0	0.0	0.0	0.0	0.0	0.0	0.0	0.0	0.0	0.0	0.0	0.0	0.0	0.0	0.0	0.0
Cch-CWCL_020-7A-lcwgs-1-2.clmp.r1r2_fastp	96.00391536631285	3.751921831714642	0.22160040042509058	0.019879991514695838	0.00235702893407771	0.00027776435250074025	3.1744497428656025e-05	0.0	0.0	0.0	7.936124357164006e-06	0.0	7.936124357164006e-06	0.0	0.0	0.0	0.0	0.0	0.0	0.0	0.0	0.0	0.0	0.0	0.0	0.0	0.0	0.0	0.0	0.0	0.0
Cch-CWCL_024-4H-lcwgs-1-2.clmp.r1r2_fastp	97.07369988873207	2.7787008474037567	0.13679805722985744	0.009715917929434529	0.0009302474613288378	0.0001550412435548063	0.0	0.0	0.0	0.0	0.0	0.0	0.0	0.0	0.0	0.0	0.0	0.0	0.0	0.0	0.0	0.0	0.0	0.0	0.0	0.0	0.0	0.0	0.0	0.0	0.0
Cch-CWCL_026-5F-lcwgs-1-2.clmp.r1r2_fastp	95.87818530632634	3.8596774024788463	0.23817572169854273	0.021185218166827013	0.0023619705340032077	0.00034186415623730634	3.107855965793694e-05	3.107855965793694e-05	1.035951988597898e-05	0.0	0.0	0.0	0.0	0.0	0.0	0.0	0.0	0.0	0.0	0.0	0.0	0.0	0.0	0.0	0.0	0.0	0.0	0.0	0.0	0.0	0.0
Cch-CWCL_029-3F-lcwgs-1-2.clmp.r1r2_fastp	99.15996148440007	0.6911779354310316	0.0652994366540126	0.03154294821422642	0.017154936748088056	0.009407545958628933	0.008300775845849059	0.0016601551691698116	0.0016601551691698116	0.0016601551691698116	0.003873695394729561	0.002213540225559749	0.0	0.002213540225559749	0.0	0.0011067701127798746	0.0005533850563899373	0.0005533850563899373	0.0005533850563899373	0.0	0.0005533850563899373	0.0	0.0	0.0	0.0	0.0005533850563899373	0.0	0.0	0.0	0.0	0.0
Cch-CWCL_036-7G-lcwgs-1-2.clmp.r1r2_fastp	95.73691489105283	4.0046519475511	0.23621288083301195	0.02027694755109911	0.0017324286540686465	0.00018077516390281527	3.0129193983802544e-05	0.0	0.0	0.0	0.0	0.0	0.0	0.0	0.0	0.0	0.0	0.0	0.0	0.0	0.0	0.0	0.0	0.0	0.0	0.0	0.0	0.0	0.0	0.0	0.0
Cch-CWCL_046-9H-lcwgs-1-2.clmp.r1r2_fastp	95.80539154641804	3.917277549272095	0.25007310739648336	0.023650147321902366	0.0031495353576383297	0.0004581142338383025	0.0	0.0	0.0	0.0	0.0	0.0	0.0	0.0	0.0	0.0	0.0	0.0	0.0	0.0	0.0	0.0	0.0	0.0	0.0	0.0	0.0	0.0	0.0	0.0	0.0
Cch-CWCL_047-5H-lcwgs-1-2.clmp.r1r2_fastp	95.94189803540031	3.8108845923732195	0.22518613492650855	0.01963255196285796	0.0020014508226726796	0.0003666780133140787	3.0556501109506555e-05	0.0	0.0	0.0	0.0	0.0	0.0	0.0	0.0	0.0	0.0	0.0	0.0	0.0	0.0	0.0	0.0	0.0	0.0	0.0	0.0	0.0	0.0	0.0	0.0
Cch-CWCL_048-3G-lcwgs-1-2.clmp.r1r2_fastp	96.62065338045488	3.1880575380106566	0.1744013200600219	0.014741608453731932	0.0018998731658747595	0.00021109701843052885	3.5182836405088143e-05	0.0	0.0	0.0	0.0	0.0	0.0	0.0	0.0	0.0	0.0	0.0	0.0	0.0	0.0	0.0	0.0	0.0	0.0	0.0	0.0	0.0	0.0	0.0	0.0
Cch-CWCL_050-6A-lcwgs-1-2.clmp.r1r2_fastp	95.8145777953364	3.9226079986231928	0.23814358218306195	0.021894118938688412	0.0023102216498712847	0.0003921018396570529	5.2986735088790935e-05	1.0597347017758186e-05	0.0	0.0	1.0597347017758186e-05	0.0	0.0	0.0	0.0	0.0	0.0	0.0	0.0	0.0	0.0	0.0	0.0	0.0	0.0	0.0	0.0	0.0	0.0	0.0	0.0
Cch-CWCL_059-9H-lcwgs-1-2.clmp.r1r2_fastp	96.14844095521886	3.6226203079065913	0.20997724621120398	0.01651000506306822	0.0020262278941038272	0.000325197069424071	0.00010006063674586799	0.0	0.0	0.0	0.0	0.0	0.0	0.0	0.0	0.0	0.0	0.0	0.0	0.0	0.0	0.0	0.0	0.0	0.0	0.0	0.0	0.0	0.0	0.0	0.0
Cch-CWCL_070-11H-lcwgs-1-2.clmp.r1r2_fastp	95.84479287636557	3.8945061415037703	0.23659392826760683	0.021050209893627624	0.0026367090162699434	0.0003476978922553771	7.243706088653691e-05	0.0	0.0	0.0	0.0	0.0	0.0	0.0	0.0	0.0	0.0	0.0	0.0	0.0	0.0	0.0	0.0	0.0	0.0	0.0	0.0	0.0	0.0	0.0	0.0
Cch-CWCL_090-2E-lcwgs-1-2.clmp.r1r2_fastp	95.84938001312244	3.8736766332597226	0.2495044639858833	0.023506747498497464	0.003444212087691936	0.0003731229761666264	8.61053021922984e-05	2.87017673974328e-05	0.0	0.0	0.0	0.0	0.0	0.0	0.0	0.0	0.0	0.0	0.0	0.0	0.0	0.0	0.0	0.0	0.0	0.0	0.0	0.0	0.0	0.0	0.0
Cch-CWCL_094-11E-lcwgs-1-2.clmp.r1r2_fastp	96.29149661825662	3.4869853275119858	0.20124854956209154	0.01787722095262221	0.0020584766864533872	0.00022253802015712298	7.417934005237433e-05	1.8544835013093582e-05	1.8544835013093582e-05	0.0	0.0	0.0	0.0	0.0	0.0	0.0	0.0	0.0	0.0	0.0	0.0	0.0	0.0	0.0	0.0	0.0	0.0	0.0	0.0	0.0	0.0
Cch-CWCL_101-8A-lcwgs-1-2.clmp.r1r2_fastp	96.31737239684624	3.4611370340643646	0.20215133772411936	0.01688930631564661	0.0020163099966047943	0.00041193430038162455	2.1680752651664452e-05	0.0	0.0	0.0	0.0	0.0	0.0	0.0	0.0	0.0	0.0	0.0	0.0	0.0	0.0	0.0	0.0	0.0	0.0	0.0	0.0	0.0	0.0	0.0	0.0
Cch-CWCL_112-7A-lcwgs-1-2.clmp.r1r2_fastp	95.84707112314092	3.8958030367116594	0.23603341309471676	0.01894395131217689	0.0017935101834013621	0.000298918363900227	3.736479548752838e-05	1.868239774376419e-05	0.0	0.0	0.0	0.0	0.0	0.0	0.0	0.0	0.0	0.0	0.0	0.0	0.0	0.0	0.0	0.0	0.0	0.0	0.0	0.0	0.0	0.0	0.0
Cch-CWCL_116-5G-lcwgs-1-2.clmp.r1r2_fastp	96.41903029281336	3.374323145195404	0.18857888977861442	0.01611651970585986	0.0017365257310187983	0.0001756037256086425	0.0	1.9511525067626944e-05	0.0	0.0	0.0	0.0	1.9511525067626944e-05	0.0	0.0	0.0	0.0	0.0	0.0	0.0	0.0	0.0	0.0	0.0	0.0	0.0	0.0	0.0	0.0	0.0	0.0
Cch-CWCL_122-8A-lcwgs-1-2.clmp.r1r2_fastp	94.25164140783211	5.289948448266363	0.40769425395524017	0.04351060078168343	0.005961698461512488	0.0009948725624774315	0.00020349666050674736	3.768456676050878e-05	7.536913352101755e-06	0.0	0.0	0.0	0.0	0.0	0.0	0.0	0.0	0.0	0.0	0.0	0.0	0.0	0.0	0.0	0.0	0.0	0.0	0.0	0.0	0.0	0.0
Cch-CWCL_123-6B-lcwgs-1-2.clmp.r1r2_fastp	95.45432951139551	4.244165863918002	0.2729137516340898	0.02551008411321602	0.0026393051659647877	0.00037430145990046077	6.718231331546732e-05	0.0	0.0	0.0	0.0	0.0	0.0	0.0	0.0	0.0	0.0	0.0	0.0	0.0	0.0	0.0	0.0	0.0	0.0	0.0	0.0	0.0	0.0	0.0	0.0
Cch-CWCL_127-6F-lcwgs-1-2.clmp.r1r2_fastp	95.44687331820965	4.250043595564443	0.273554752667831	0.026009054432967024	0.0029360278094227314	0.000484395160477151	7.908492415953486e-05	9.885615519941857e-06	9.885615519941857e-06	0.0	0.0	0.0	0.0	0.0	0.0	0.0	0.0	0.0	0.0	0.0	0.0	0.0	0.0	0.0	0.0	0.0	0.0	0.0	0.0	0.0	0.0
Cch-CWCL_132-8E-lcwgs-1-2.clmp.r1r2_fastp	95.82676091949995	3.9116549237516547	0.23846170127107508	0.020664556666743286	0.002162040620419176	0.0002730998678424223	2.2758322320201858e-05	0.0	0.0	0.0	0.0	0.0	0.0	0.0	0.0	0.0	0.0	0.0	0.0	0.0	0.0	0.0	0.0	0.0	0.0	0.0	0.0	0.0	0.0	0.0	0.0
Cch-CWCL_134-2A-lcwgs-1-2.clmp.r1r2_fastp	96.29203387918933	3.493153898633461	0.19753049001724968	0.015678873359291873	0.0013988585896765984	0.00014571443642464568	2.9142887284929133e-05	2.9142887284929133e-05	0.0	0.0	0.0	0.0	0.0	0.0	0.0	0.0	0.0	0.0	0.0	0.0	0.0	0.0	0.0	0.0	0.0	0.0	0.0	0.0	0.0	0.0	0.0
Cch-CWCL_136-9A-lcwgs-1-2.clmp.r1r2_fastp	96.06524134844226	3.6949116517892175	0.2185925561538827	0.018898720723360445	0.0020513317311770794	0.00029115676184448863	1.3234398265658576e-05	0.0	0.0	0.0	0.0	0.0	0.0	0.0	0.0	0.0	0.0	0.0	0.0	0.0	0.0	0.0	0.0	0.0	0.0	0.0	0.0	0.0	0.0	0.0	0.0
Cch-CWCL_153-6H-lcwgs-1-2.clmp.r1r2_fastp	96.38972232861278	3.396586127118842	0.19527361001517957	0.016445620033955707	0.0017982864940127938	0.00011601848348469637	2.9004620871174092e-05	2.9004620871174092e-05	0.0	0.0	0.0	0.0	0.0	0.0	0.0	0.0	0.0	0.0	0.0	0.0	0.0	0.0	0.0	0.0	0.0	0.0	0.0	0.0	0.0	0.0	0.0
Cch-CWCL_155-3H-lcwgs-1-2.clmp.r1r2_fastp	96.46902361403612	3.327355023082759	0.18587741396702265	0.015521614803523095	0.0019445423467500968	0.0002430677933437621	3.47239704776803e-05	0.0	0.0	0.0	0.0	0.0	0.0	0.0	0.0	0.0	0.0	0.0	0.0	0.0	0.0	0.0	0.0	0.0	0.0	0.0	0.0	0.0	0.0	0.0	0.0
Cch-CWCL_157-1B-lcwgs-1-2.clmp.r1r2_fastp	90.71830424539792	8.093643598313271	0.9819403992434164	0.16227971084809667	0.033739421975396505	0.007528513622122463	0.0019515730676079042	0.00042735176662946805	0.0001566956477641383	0.0	2.1367588331473404e-05	7.122529443824468e-06	0.0	0.0	0.0	0.0	0.0	0.0	0.0	0.0	0.0	0.0	0.0	0.0	0.0	0.0	0.0	0.0	0.0	0.0	0.0
Cch-CWCL_160-7C-lcwgs-1-2.clmp.r1r2_fastp	96.14329683780893	3.621558434657858	0.21529309084325424	0.017785295324459872	0.0018695469497357542	0.00014759581182124376	4.9198603940414584e-05	0.0	0.0	0.0	0.0	0.0	0.0	0.0	0.0	0.0	0.0	0.0	0.0	0.0	0.0	0.0	0.0	0.0	0.0	0.0	0.0	0.0	0.0	0.0	0.0
Cch-CWCL_177-7F-lcwgs-1-2.clmp.r1r2_fastp	96.118207047312	3.639392758864204	0.22054683639096792	0.019272252224224396	0.00230578731968399	0.00024090315280280494	1.7207368057343212e-05	0.0	0.0	1.7207368057343212e-05	0.0	0.0	0.0	0.0	0.0	0.0	0.0	0.0	0.0	0.0	0.0	0.0	0.0	0.0	0.0	0.0	0.0	0.0	0.0	0.0	0.0
Cch-CWCL_180-2G-lcwgs-1-2.clmp.r1r2_fastp	96.46942651383165	3.3221393535607477	0.1901452487686281	0.016150631250834543	0.0018197894367137514	0.0002729684155070627	4.549473591784378e-05	0.0	0.0	0.0	0.0	0.0	0.0	0.0	0.0	0.0	0.0	0.0	0.0	0.0	0.0	0.0	0.0	0.0	0.0	0.0	0.0	0.0	0.0	0.0	0.0
Cch-CWCL_188-10E-lcwgs-1-2.clmp.r1r2_fastp	96.22967397378048	3.5477687438863317	0.2030743387230023	0.017114140852684524	0.001983183703959151	0.00034889342940022097	3.672562414739168e-05	0.0	0.0	0.0	0.0	0.0	0.0	0.0	0.0	0.0	0.0	0.0	0.0	0.0	0.0	0.0	0.0	0.0	0.0	0.0	0.0	0.0	0.0	0.0	0.0
Cch-CWCL_192-10B-lcwgs-1-2.clmp.r1r2_fastp	96.35260152546643	3.43474289237154	0.19408534041057526	0.0166906626268246	0.001635233838438897	0.000187957912464241	5.6387373739272305e-05	0.0	0.0	0.0	0.0	0.0	0.0	0.0	0.0	0.0	0.0	0.0	0.0	0.0	0.0	0.0	0.0	0.0	0.0	0.0	0.0	0.0	0.0	0.0	0.0
Cch-CWCL_196-12G-lcwgs-1-2.clmp.r1r2_fastp	96.26269512002565	3.520233085857158	0.1993222947147112	0.01583704220951079	0.001596348566028533	0.0002844977642427088	0.0	3.1610862693634313e-05	0.0	0.0	0.0	0.0	0.0	0.0	0.0	0.0	0.0	0.0	0.0	0.0	0.0	0.0	0.0	0.0	0.0	0.0	0.0	0.0	0.0	0.0	0.0
Cch-CWCL_202-2G-lcwgs-1-2.clmp.r1r2_fastp	96.24068334668763	3.5371603822031084	0.20348247283009988	0.016744490038576636	0.0018102151393055825	0.00011909310127010411	0.0	0.0	0.0	0.0	0.0	0.0	0.0	0.0	0.0	0.0	0.0	0.0	0.0	0.0	0.0	0.0	0.0	0.0	0.0	0.0	0.0	0.0	0.0	0.0	0.0
Cch-CWCL_206-6G-lcwgs-1-2.clmp.r1r2_fastp	96.09883340558785	3.6617540651115026	0.21775543098203434	0.018951164735888364	0.002301487993840101	0.00033703799072972194	6.740759814594438e-05	0.0	0.0	0.0	0.0	0.0	0.0	0.0	0.0	0.0	0.0	0.0	0.0	0.0	0.0	0.0	0.0	0.0	0.0	0.0	0.0	0.0	0.0	0.0	0.0
Cch-CWCL_209-11C-lcwgs-1-2.clmp.r1r2_fastp	96.36787139424608	3.4133286463271952	0.19830799625970338	0.018151197835325927	0.002012236864097218	0.0002874624091567455	4.1066058450963636e-05	0.0	0.0	0.0	0.0	0.0	0.0	0.0	0.0	0.0	0.0	0.0	0.0	0.0	0.0	0.0	0.0	0.0	0.0	0.0	0.0	0.0	0.0	0.0	0.0
Cch-CWCL_217-10G-lcwgs-1-2.clmp.r1r2_fastp	96.04230002301091	3.713101061878931	0.2227267693859071	0.019457178108377465	0.002120459370035082	0.00025524047972644504	3.926776611176078e-05	0.0	0.0	0.0	0.0	0.0	0.0	0.0	0.0	0.0	0.0	0.0	0.0	0.0	0.0	0.0	0.0	0.0	0.0	0.0	0.0	0.0	0.0	0.0	0.0
Cch-CWCL_220-7A-lcwgs-1-2.clmp.r1r2_fastp	96.22116358971256	3.5497356903526045	0.2091440160878289	0.01784715517093318	0.0017361772289715336	0.00029869715767252185	7.467428941813046e-05	0.0	0.0	0.0	0.0	0.0	0.0	0.0	0.0	0.0	0.0	0.0	0.0	0.0	0.0	0.0	0.0	0.0	0.0	0.0	0.0	0.0	0.0	0.0	0.0
Cch-CWCL_223-5D-lcwgs-1-2.clmp.r1r2_fastp	96.52229134732325	3.2679369366824917	0.19038644725794732	0.01703164891181457	0.0019684820350338453	0.00034234470174501655	4.279308771812707e-05	0.0	0.0	0.0	0.0	0.0	0.0	0.0	0.0	0.0	0.0	0.0	0.0	0.0	0.0	0.0	0.0	0.0	0.0	0.0	0.0	0.0	0.0	0.0	0.0
Cch-CWCL_224-2F-lcwgs-1-2.clmp.r1r2_fastp	96.3877785793671	3.3921762913515208	0.20139783783592155	0.016626577353467207	0.00180800734547298	0.00021270674652623295	0.0	0.0	0.0	0.0	0.0	0.0	0.0	0.0	0.0	0.0	0.0	0.0	0.0	0.0	0.0	0.0	0.0	0.0	0.0	0.0	0.0	0.0	0.0	0.0	0.0
Cch-CWCL_226-8E-lcwgs-1-2.clmp.r1r2_fastp	96.36836175637742	3.411056178166224	0.20037658715374623	0.017878380026336488	0.0019690831568430676	0.00015663161474888037	0.0001342556697847546	6.71278348923773e-05	0.0	0.0	0.0	0.0	0.0	0.0	0.0	0.0	0.0	0.0	0.0	0.0	0.0	0.0	0.0	0.0	0.0	0.0	0.0	0.0	0.0	0.0	0.0
Cch-CWCL_238-1D-lcwgs-1-2.clmp.r1r2_fastp	96.09663354645537	3.647994864453915	0.23053728776629517	0.02204629957195973	0.002506858718596909	0.00023428586155111296	2.34285861551113e-05	2.34285861551113e-05	0.0	0.0	0.0	0.0	0.0	0.0	0.0	0.0	0.0	0.0	0.0	0.0	0.0	0.0	0.0	0.0	0.0	0.0	0.0	0.0	0.0	0.0	0.0
Cch-CWCL_254-2H-lcwgs-1-2.clmp.r1r2_fastp	96.83350573135463	2.9977585058752863	0.15424665263174056	0.012857885818135758	0.001247406833102723	0.00023988592944283136	0.0001439315576656988	0.0	0.0	0.0	0.0	0.0	0.0	0.0	0.0	0.0	0.0	0.0	0.0	0.0	0.0	0.0	0.0	0.0	0.0	0.0	0.0	0.0	0.0	0.0	0.0
Cch-CWCL_256-3A-lcwgs-1-2.clmp.r1r2_fastp	95.99276192013163	3.7595072837584222	0.22556394464223026	0.019732207739570105	0.0020868374812706334	0.00032461916375320967	0.0	2.318708312522926e-05	0.0	0.0	0.0	0.0	0.0	0.0	0.0	0.0	0.0	0.0	0.0	0.0	0.0	0.0	0.0	0.0	0.0	0.0	0.0	0.0	0.0	0.0	0.0
Cch-CWCL_259-1C-lcwgs-1-2.clmp.r1r2_fastp	96.41355818738494	3.3596072292882417	0.2066238941307348	0.017807412400560805	0.001968949663801845	0.0003764168474915292	2.8955142114733013e-05	2.8955142114733013e-05	0.0	0.0	0.0	0.0	0.0	0.0	0.0	0.0	0.0	0.0	0.0	0.0	0.0	0.0	0.0	0.0	0.0	0.0	0.0	0.0	0.0	0.0	0.0
Cch-CWCL_265-6C-lcwgs-1-2.clmp.r1r2_fastp	96.9048839979937	2.922666614324305	0.15814870675226977	0.01282855201048997	0.0014020275421300513	7.010137710650257e-05	0.0	0.0	0.0	0.0	0.0	0.0	0.0	0.0	0.0	0.0	0.0	0.0	0.0	0.0	0.0	0.0	0.0	0.0	0.0	0.0	0.0	0.0	0.0	0.0	0.0
Cch-CWCL_279-8B-lcwgs-1-2.clmp.r1r2_fastp	96.39451173734652	3.3899498691601653	0.19759810438380365	0.016155819855279543	0.0015932761198500535	0.00019119313438200643	0.0	0.0	0.0	0.0	0.0	0.0	0.0	0.0	0.0	0.0	0.0	0.0	0.0	0.0	0.0	0.0	0.0	0.0	0.0	0.0	0.0	0.0	0.0	0.0	0.0
Cch-CWCS_103-7B-lcwgs-1-2.clmp.r1r2_fastp	96.064418721691	3.695014705411766	0.2184866371297829	0.01959267027586829	0.0020218123001823998	0.00036363530578820136	7.272706115764027e-05	0.0	1.4545412231528053e-05	1.4545412231528053e-05	0.0	0.0	0.0	0.0	0.0	0.0	0.0	0.0	0.0	0.0	0.0	0.0	0.0	0.0	0.0	0.0	0.0	0.0	0.0	0.0	0.0
Cch-CWCS_124-4A-lcwgs-1-2.clmp.r1r2_fastp	96.67147582825571	3.1346451568717697	0.17674302983944315	0.015585854808038918	0.0012964725518441055	0.0002536576731868902	0.0	0.0	0.0	0.0	0.0	0.0	0.0	0.0	0.0	0.0	0.0	0.0	0.0	0.0	0.0	0.0	0.0	0.0	0.0	0.0	0.0	0.0	0.0	0.0	0.0
Cch-CWCS_126-2G-lcwgs-1-2.clmp.r1r2_fastp	95.85667254834622	3.888281537779767	0.23291949661465816	0.019477479981825172	0.00224380569390626	0.0003583856316655832	1.558198398546014e-05	1.558198398546014e-05	1.558198398546014e-05	0.0	0.0	0.0	0.0	0.0	0.0	0.0	0.0	0.0	0.0	0.0	0.0	0.0	0.0	0.0	0.0	0.0	0.0	0.0	0.0	0.0	0.0
Cch-CWCS_137-8H-lcwgs-1-2.clmp.r1r2_fastp	96.10294529076396	3.6596698960664065	0.21662101552498364	0.018421128916891554	0.0019213254314049742	0.00037078210079745117	5.05611955632888e-05	0.0	0.0	0.0	0.0	0.0	0.0	0.0	0.0	0.0	0.0	0.0	0.0	0.0	0.0	0.0	0.0	0.0	0.0	0.0	0.0	0.0	0.0	0.0	0.0
Cch-CWCS_144-6D-lcwgs-1-2.clmp.r1r2_fastp	96.56871402179974	3.229679075941907	0.1831810745772619	0.01663993976738668	0.001502413641689087	0.000255126844815128	2.8347427201680892e-05	0.0	0.0	0.0	0.0	0.0	0.0	0.0	0.0	0.0	0.0	0.0	0.0	0.0	0.0	0.0	0.0	0.0	0.0	0.0	0.0	0.0	0.0	0.0	0.0
Cch-CWCS_146-5G-lcwgs-1-2.clmp.r1r2_fastp	96.21613888112837	3.5571669777332913	0.20595035609262818	0.018255612654303876	0.0021636281664360146	0.0001893174645631513	0.00010818140832180073	0.0	2.7045352080450182e-05	0.0	0.0	0.0	0.0	0.0	0.0	0.0	0.0	0.0	0.0	0.0	0.0	0.0	0.0	0.0	0.0	0.0	0.0	0.0	0.0	0.0	0.0
Cch-CWCS_158-3G-lcwgs-1-2.clmp.r1r2_fastp	96.54011793741073	3.2735724453455113	0.17193296961392832	0.012567341635602837	0.0013692045361746283	0.0003423011340436571	4.890016200623673e-05	4.890016200623673e-05	0.0	0.0	0.0	0.0	0.0	0.0	0.0	0.0	0.0	0.0	0.0	0.0	0.0	0.0	0.0	0.0	0.0	0.0	0.0	0.0	0.0	0.0	0.0
Cch-CWCS_163-8A-lcwgs-1-2.clmp.r1r2_fastp	95.56741504766258	4.152770473409327	0.2545614105383576	0.022359828820662054	0.0024128526217608954	0.00042579752148721686	4.3671540665355574e-05	0.0	1.0917885166338894e-05	0.0	0.0	0.0	0.0	0.0	0.0	0.0	0.0	0.0	0.0	0.0	0.0	0.0	0.0	0.0	0.0	0.0	0.0	0.0	0.0	0.0	0.0
Cch-CWCS_271-5A-lcwgs-1-2.clmp.r1r2_fastp	96.21622958978307	3.5556384488092396	0.208358114081206	0.017661338131837703	0.0017889717504232156	0.0003045058298592707	1.903161436620442e-05	0.0	0.0	0.0	0.0	0.0	0.0	0.0	0.0	0.0	0.0	0.0	0.0	0.0	0.0	0.0	0.0	0.0	0.0	0.0	0.0	0.0	0.0	0.0	0.0
Cch-CWCS_281-12E-lcwgs-1-2.clmp.r1r2_fastp	95.91614887462947	3.831833478202535	0.2294429994709257	0.020019027203058957	0.0022361679322565856	0.0002738164815008064	4.56360802501344e-05	0.0	0.0	0.0	0.0	0.0	0.0	0.0	0.0	0.0	0.0	0.0	0.0	0.0	0.0	0.0	0.0	0.0	0.0	0.0	0.0	0.0	0.0	0.0	0.0
