HK7K2DSX3_3	forward	A->A	1.21582e+06	1.26244e+06	1.266e+06	1.26095e+06	1.26548e+06	1.26591e+06	1.26666e+06	1.26426e+06	1.26557e+06	1.26418e+06	1.2693e+06	1.26793e+06	1.26446e+06	1.26675e+06	1.26422e+06	1.26432e+06	1.26822e+06	1.26515e+06	1.2529e+06	1.22722e+06	1.22054e+06	1.21799e+06	1.21508e+06	1.21391e+06	1.21428e+06	1.21046e+06	1.21029e+06	1.2097e+06	1.21393e+06	1.20992e+06	1.21132e+06	1.21176e+06	1.20814e+06	1.20657e+06	1.20565e+06	1.20787e+06	1.20369e+06	1.2032e+06	1.20531e+06	1.20277e+06	1.20217e+06	1.20353e+06	1.20074e+06	1.20295e+06	1.20182e+06	1.2e+06	1.19564e+06	1.19991e+06	1.19269e+06	1.19338e+06
HK7K2DSX3_3	forward	A->C	25331	52978	52782	53163	53738	55136	54290	53515	53942	54116	53805	53600	54283	53394	53898	53992	53414	54050	41799	26973	22903	21079	20081	19501	19196	18760	18989	18449	18359	18642	18072	17888	17579	17601	17550	17413	17104	16813	16644	16977	16553	16648	16415	16142	16322	16131	15820	15735	15658	15447
HK7K2DSX3_3	forward	A->G	27991	56123	56794	56899	56495	56513	57699	57938	56751	57631	57838	56807	57340	58199	57616	58175	57119	56985	45969	30473	26162	24559	23469	22785	23110	22699	22480	21839	21594	22118	21156	21278	22205	20757	20732	20954	20447	21198	20423	20394	20089	20353	20709	20337	19837	19409	20114	19509	19126	19809
HK7K2DSX3_3	forward	A->T	31526	67945	67570	67702	65865	66396	66182	66249	66249	66532	67247	66277	65317	66738	65820	66001	66539	66862	52064	34209	28766	27041	25705	24852	24646	24242	23981	23751	23934	23393	22928	22668	22599	22629	22655	22274	22016	22008	21396	21218	21341	21139	21411	21077	20432	20843	20721	20269	20166	20195
HK7K2DSX3_3	forward	C->A	23153	50654	49971	50000	50038	51477	50417	50525	50518	50124	50488	50987	49882	50790	50209	49905	50723	51587	40761	27044	22890	22127	20786	20494	20309	19743	19725	19429	19496	19557	19244	19275	19188	18390	18929	18571	18459	18911	19062	18197	18618	18143	18046	18096	18489	17696	17879	17489	17275	17041
HK7K2DSX3_3	forward	C->C	908829	943376	942554	946193	943141	950465	946679	945451	939109	942516	933499	938914	938598	936108	940383	945986	939301	941773	927261	910582	903094	904755	902451	899702	898760	900719	899520	904084	897729	897966	898349	893170	891656	891719	892485	888348	893139	890329	887524	885448	885521	881684	880860	878226	877701	874327	877052	872340	875007	870477
HK7K2DSX3_3	forward	C->G	20424	43544	42080	42636	43503	43215	43994	43846	43012	43929	43691	43341	44039	44015	43200	43661	43215	43531	34613	21431	17639	16894	15579	15211	15049	15089	14886	14504	14356	14181	13752	13802	14438	13588	13679	13307	13377	13115	13548	13364	13304	12918	12954	12909	12633	12952	12316	12368	12718	12940
HK7K2DSX3_3	forward	C->T	32357	60276	58632	57728	57110	58903	59276	57868	58119	57369	58340	58122	58064	59149	57797	57814	58253	59171	46957	34382	30342	28986	28359	27894	27341	27361	27199	26596	26988	26556	26567	26344	25818	26172	25841	26157	25816	25231	25464	25192	25114	24822	25040	24228	24402	24078	23870	23661	23856	23785
HK7K2DSX3_3	forward	G->A	26457	53438	52641	52812	52367	54001	53188	53391	53720	52687	53262	53406	53842	53294	53539	53383	55108	54342	44490	30538	26313	25324	24271	23994	23612	23688	22987	22699	22698	22597	22869	22913	22565	22833	22721	22662	22458	22774	22070	21987	22077	21558	21482	21776	21543	21625	21988	21757	21683	21498
HK7K2DSX3_3	forward	G->C	20368	42768	42819	43053	43103	44067	43708	43405	44145	43822	43125	43768	44184	43642	43640	43938	42783	42846	34571	21640	18007	16354	15976	15575	15437	15002	15060	14794	14234	14737	14337	14185	14091	14165	13955	13616	13543	13801	13431	13261	13347	13454	12892	13114	12580	12865	12698	12860	12840	12095
HK7K2DSX3_3	forward	G->G	877234	907800	914593	914750	920442	912361	911850	910192	908373	904561	907060	901712	907717	909337	911698	910180	909736	908256	898073	881305	872761	870509	869669	874633	873101	872922	872763	872659	868751	870837	868365	868271	869828	871081	869433	868821	867416	865892	865724	865916	864310	865332	861250	864887	862813	864136	864676	861644	860791	860799
HK7K2DSX3_3	forward	G->T	28165	56051	55672	53992	53989	54757	54636	54657	54826	54123	54653	54554	53764	55040	55003	54139	54223	54316	43959	30511	26236	24905	24501	23688	23707	23074	22808	22367	22455	21896	21763	21178	21904	21178	21171	21374	20939	20955	20720	20550	20099	19904	19649	19635	19639	19614	19228	19304	19631	19008
HK7K2DSX3_3	forward	T->A	30428	67364	66478	65968	66295	66865	66433	66710	66991	66340	66661	66914	65977	66348	66347	66402	67813	67453	53145	35264	29223	26997	25785	25508	24441	24452	24511	24041	23782	23622	23425	23273	22991	22972	22565	22894	22911	22344	22233	21900	21851	21367	21521	21272	21127	21352	21033	20816	20694	20437
HK7K2DSX3_3	forward	T->C	28055	56319	56085	56742	56656	58565	58109	58945	58404	58357	57888	58689	58395	57850	58487	58856	57865	57266	45327	30813	26708	24900	23479	23474	22655	22373	22307	22479	21892	22094	21539	21716	21611	21581	20890	20851	20415	20637	21234	20855	20192	20334	19803	20121	20151	19368	19680	19508	19156	19086
HK7K2DSX3_3	forward	T->G	24458	53077	52739	52864	53224	54227	54142	53907	53530	54458	54735	53844	54806	55070	53887	54340	54219	53438	43017	27394	22699	20707	19930	19937	19366	18792	18840	18844	18129	18212	17913	18001	17870	17789	17163	17131	16989	17308	16933	16969	16429	16625	16267	16218	16341	16035	15869	16007	16168	15728
HK7K2DSX3_3	forward	T->T	1.23134e+06	1.27456e+06	1.27158e+06	1.27265e+06	1.26644e+06	1.25494e+06	1.25994e+06	1.26645e+06	1.27383e+06	1.27592e+06	1.27458e+06	1.27721e+06	1.27488e+06	1.26969e+06	1.26939e+06	1.26391e+06	1.26612e+06	1.26718e+06	1.24964e+06	1.23165e+06	1.2301e+06	1.22189e+06	1.22256e+06	1.21689e+06	1.21595e+06	1.21586e+06	1.21424e+06	1.21037e+06	1.2148e+06	1.21336e+06	1.2147e+06	1.21689e+06	1.21642e+06	1.21441e+06	1.21272e+06	1.20995e+06	1.20868e+06	1.20776e+06	1.20513e+06	1.20692e+06	1.20566e+06	1.20329e+06	1.20616e+06	1.19987e+06	1.19928e+06	1.19916e+06	1.19552e+06	1.1945e+06	1.19373e+06	1.19328e+06
HK7K2DSX3_3	reverse	A->A	101735	167729	201254	233176	264413	284727	314714	342062	374620	400428	424264	451277	473381	493591	519223	537332	557813	582472	585773	584759	601620	611099	631284	641764	661605	678958	692063	706344	722203	735527	750559	768085	781381	792827	804562	817563	829327	841529	850698	864340	874318	884257	897891	904390	911040	922017	928909	935491	947254	955873
HK7K2DSX3_3	reverse	A->C	25659	43332	44736	44619	45069	46136	46581	46826	46673	47096	47278	46967	47963	48717	48062	48250	47642	47997	37133	22916	18048	15912	15061	15420	14476	14608	14363	14421	14281	14213	13955	14217	14465	14070	13756	14126	14033	14032	13979	14175	14147	14283	13937	13778	13866	14060	13779	14342	13775	13968
HK7K2DSX3_3	reverse	A->G	25371	42693	43950	45818	45683	47765	48299	48251	48827	48654	48788	49774	49395	49545	50240	50473	50238	49970	37889	23650	19824	18273	17241	17707	16426	16626	16482	16839	16554	16706	16769	16648	16821	17077	16604	16354	16224	16727	17260	17017	16743	16861	16420	16863	17116	16657	16723	16587	16170	16524
HK7K2DSX3_3	reverse	A->T	30765	54771	55397	55916	56353	56615	55671	56706	57663	56842	57589	57068	57166	58293	57874	58953	59157	59452	45510	28094	22134	20919	19068	19014	18527	18546	17916	18062	18112	17776	18708	18317	17635	17645	17682	18236	17903	18139	18007	17886	17753	17494	17338	17843	17724	17943	17602	17721	18115	17461
HK7K2DSX3_3	reverse	C->A	23578	41092	42234	41980	42238	42748	42921	44257	44129	43983	44717	44797	44795	45999	45703	45438	46060	46013	35794	23320	19428	18149	17892	16841	17225	17036	16673	16733	16586	16881	16557	16720	16983	16787	16929	16925	16810	16843	17060	16950	16789	16578	16771	16914	16736	16855	16871	16998	16829	16646
HK7K2DSX3_3	reverse	C->C	74819	117007	142330	164961	189015	209104	229741	252798	270198	288271	308337	322619	344347	361554	378606	394001	410733	423388	430110	426615	434407	445454	456247	473721	484460	495249	509870	518866	528078	539553	550048	558792	571854	580221	590248	598292	606371	614900	622819	629837	638274	647063	649510	660142	667034	674416	683265	687520	693349	699352
HK7K2DSX3_3	reverse	C->G	21252	35150	36024	36989	36756	37889	38075	37824	38542	38742	38614	38586	39167	39037	38998	39620	38454	39151	30110	17671	14431	12436	12125	11914	11681	11449	11631	11417	11473	11621	11433	11545	11570	11369	11287	11181	11162	11273	11322	11202	11209	11293	11234	11197	11261	11146	11042	11120	11387	11022
HK7K2DSX3_3	reverse	C->T	22947	41124	41289	41540	41919	43125	43081	43369	43536	43094	43938	44594	44760	44742	45237	45101	46609	46604	37655	23943	19380	18822	17310	17293	17053	16853	16942	16823	17067	16950	17249	17724	17224	17412	17478	17719	17919	18252	17878	17970	18316	18041	17983	18057	18356	18572	19031	18541	18767	18441
HK7K2DSX3_3	reverse	G->A	23980	42014	42901	42532	43151	43863	46210	44566	46058	45131	45899	45919	45919	48016	47247	47358	48032	48344	36929	25462	21934	20018	20331	19242	18920	19082	19730	18862	19573	19476	19164	19483	18940	19970	19615	20232	20030	19664	20203	20112	20030	19765	20434	19857	20038	19856	20060	20133	20208	20232
HK7K2DSX3_3	reverse	G->C	21543	35420	35873	36618	37195	37139	38367	38542	37367	38284	38477	38688	39178	38922	38788	39440	39123	39128	30423	18132	14236	13190	12025	12098	11886	11622	11696	11555	11416	11372	11191	11107	12385	11439	11303	11338	11498	11366	11490	11454	11262	11448	11269	11569	11069	11400	10984	11034	11552	11910
HK7K2DSX3_3	reverse	G->G	73458	120514	144391	169944	191233	218224	238171	258596	277605	299226	313168	335540	353262	368065	389131	408729	422290	437751	440381	438786	446405	461995	474245	486744	496230	511280	522355	537703	544201	556665	568879	574687	583155	595014	605753	611712	624257	630652	638006	645071	652297	657819	665643	670314	678636	681791	690632	695394	702540	706498
HK7K2DSX3_3	reverse	G->T	23039	40845	41920	41697	42275	43353	42187	43122	42913	42311	42933	43570	43920	43965	43613	43892	45157	45785	34399	21783	17651	16506	15472	14792	14859	14457	14809	14751	15231	15155	15016	15068	15006	14780	15457	15419	15131	16154	15538	14851	14968	14951	15022	15043	15960	15251	15510	14830	14898	14867
HK7K2DSX3_3	reverse	T->A	31922	55539	56027	56003	55761	56539	56584	57932	57683	57606	59001	57905	57531	59064	58250	58238	58616	59302	44532	27673	22348	20757	19739	18718	18976	18756	18586	18467	18971	18317	18416	18230	19042	18278	18724	18237	18111	18086	17993	18402	18377	18013	18670	18185	18012	18415	18004	18115	18143	18157
HK7K2DSX3_3	reverse	T->C	25459	43439	44752	46222	46406	46284	47643	47846	47626	48764	49378	48691	49769	49317	49562	49825	49050	49621	38066	23946	19301	17682	17266	16880	17048	16500	16817	16433	16140	16395	16252	16670	17849	16546	16162	16608	16693	16813	16615	16726	16644	16580	17104	16644	16469	16485	17219	16825	16594	17688
HK7K2DSX3_3	reverse	T->G	27287	43301	44235	45330	45177	47026	47646	46373	47336	48710	47022	47736	48389	47484	48824	48918	47761	48849	36349	22080	18281	16371	15146	15240	14545	14765	14643	14823	14537	15327	14524	14556	14233	14842	14407	14297	14327	14377	14213	14576	14086	14285	14119	14327	14014	13953	13757	13783	14180	14045
HK7K2DSX3_3	reverse	T->T	99322	166629	198086	226945	258137	286191	314416	341304	365154	392556	421750	446901	468848	495393	514094	537022	563130	580331	587932	579168	590661	609281	624363	641601	660291	673226	688509	704698	724179	737914	751519	766669	776028	791376	803675	818074	827649	838512	852673	862023	873157	884742	893036	905213	914845	924539	929340	942155	944674	952724
