HK7K2DSX3_3	forward	A->A	1.82008e+06	1.82767e+06	1.84726e+06	1.8301e+06	1.8317e+06	1.82779e+06	1.83952e+06	1.82424e+06	1.85078e+06	1.84202e+06	1.84826e+06	1.84951e+06	1.84852e+06	1.83611e+06	1.84462e+06	1.83437e+06	1.8334e+06	1.84138e+06	1.83957e+06	1.82921e+06	1.84132e+06	1.83748e+06	1.83502e+06	1.8379e+06	1.83487e+06	1.82638e+06	1.83522e+06	1.82521e+06	1.82414e+06	1.83484e+06	1.83272e+06	1.82831e+06	1.83488e+06	1.82893e+06	1.82628e+06	1.82912e+06	1.8251e+06	1.81912e+06	1.82653e+06	1.82344e+06	1.82153e+06	1.82707e+06	1.82472e+06	1.81855e+06	1.82683e+06	1.82271e+06	1.81895e+06	1.82211e+06	1.81737e+06	1.81421e+06
HK7K2DSX3_3	forward	A->C	10468	17883	17807	17897	17653	18863	18760	18629	18597	18798	18784	18875	18864	18774	19016	19139	18970	18811	17634	15896	15453	14885	14832	14827	15113	14435	14695	14661	14581	14627	15058	14579	14289	14566	14624	14783	14579	13982	14416	14292	14335	14370	14493	14073	14127	14395	14070	14322	14157	14221
HK7K2DSX3_3	forward	A->G	16794	23305	23105	23092	23082	24228	23812	23538	24462	23776	24276	24320	24117	24027	24053	24763	23911	24108	23257	20912	20582	19940	20401	20018	19722	20130	19813	19713	19411	19414	19397	19329	19621	19358	19571	19486	18976	19264	19118	19263	18948	19117	19309	19287	19060	19068	19095	19068	18983	19021
HK7K2DSX3_3	forward	A->T	12503	21269	20678	20773	20748	20983	20638	21046	20866	20817	20789	21041	21265	21282	20682	20727	20859	20904	18998	17124	16116	15797	15591	15842	15304	15653	15467	15418	15424	15327	15243	15249	15397	15051	15224	14767	15155	14805	14871	14871	14794	14809	14961	14636	14578	14623	14240	14642	14440	14495
HK7K2DSX3_3	forward	C->A	10680	18837	18921	18638	18628	19228	19385	18930	19280	19472	18915	19064	19319	19213	19652	19256	19362	19398	18181	16387	15510	15587	15239	15123	15384	15245	15462	15453	14975	14950	15133	15040	14981	15172	15438	14678	14926	15210	14874	14984	14792	14815	14675	14459	14572	14678	14777	14503	14207	14389
HK7K2DSX3_3	forward	C->C	1.60006e+06	1.62206e+06	1.59949e+06	1.60983e+06	1.6058e+06	1.61035e+06	1.60458e+06	1.61007e+06	1.58421e+06	1.58929e+06	1.57578e+06	1.57643e+06	1.57331e+06	1.58425e+06	1.57596e+06	1.5885e+06	1.58996e+06	1.58368e+06	1.58448e+06	1.58482e+06	1.57328e+06	1.57327e+06	1.57075e+06	1.56921e+06	1.57199e+06	1.57618e+06	1.56994e+06	1.57857e+06	1.58037e+06	1.57009e+06	1.57236e+06	1.57195e+06	1.56414e+06	1.57026e+06	1.57308e+06	1.56658e+06	1.57215e+06	1.57484e+06	1.56769e+06	1.57321e+06	1.57259e+06	1.56734e+06	1.56845e+06	1.56818e+06	1.56077e+06	1.56513e+06	1.5667e+06	1.56611e+06	1.56764e+06	1.56858e+06
HK7K2DSX3_3	forward	C->G	10415	16570	16938	16229	16592	16868	16557	16849	16912	17025	16979	16978	16775	17223	17287	16933	17076	16996	16257	13922	13512	13298	13113	13249	12965	12989	13262	12983	12723	12849	12719	12605	12375	12766	12371	12799	12242	12785	12604	12322	12303	12278	12208	12096	12172	12292	12240	12294	12114	12088
HK7K2DSX3_3	forward	C->T	15833	23573	23251	22964	22917	24152	23608	24085	23845	24343	24134	24301	23855	24159	23471	23708	24133	23849	22309	21141	20430	19999	19684	19640	19396	19225	19289	19616	19099	19056	19128	19159	19024	19031	19271	19035	19259	18776	19026	18858	18635	18961	18561	18701	18517	18301	18371	18361	18372	18455
HK7K2DSX3_3	forward	G->A	15645	23418	22899	22779	22934	23887	23839	23956	23355	23431	24071	23880	23670	23886	23909	23744	23649	24139	22532	20910	20119	19792	19655	19709	19321	19273	19518	19119	19292	19135	19129	19131	19021	19027	19072	18887	18898	19256	18768	18703	18788	18681	18657	18557	18415	18420	18512	18209	18245	18037
HK7K2DSX3_3	forward	G->C	9473	16683	16363	16570	16599	17839	16944	16779	16942	16876	16993	16782	17095	17416	17459	17048	17103	16962	15624	14184	13480	13338	13444	13178	13168	12768	13048	12805	12700	12922	12698	12992	12572	12495	12198	13025	12301	12654	12630	12435	12643	12412	12545	12448	12338	12172	12419	12001	12367	12177
HK7K2DSX3_3	forward	G->G	1.5656e+06	1.58919e+06	1.59037e+06	1.58723e+06	1.59926e+06	1.58517e+06	1.5737e+06	1.57459e+06	1.56845e+06	1.56201e+06	1.56896e+06	1.5592e+06	1.56478e+06	1.5751e+06	1.57242e+06	1.5758e+06	1.5828e+06	1.57189e+06	1.56915e+06	1.57152e+06	1.56193e+06	1.56091e+06	1.57198e+06	1.56222e+06	1.56487e+06	1.57398e+06	1.56553e+06	1.56497e+06	1.57212e+06	1.56241e+06	1.56178e+06	1.56972e+06	1.56204e+06	1.56533e+06	1.57174e+06	1.56772e+06	1.56598e+06	1.57536e+06	1.56458e+06	1.56457e+06	1.56847e+06	1.55984e+06	1.56131e+06	1.57067e+06	1.56229e+06	1.56395e+06	1.56967e+06	1.5619e+06	1.56194e+06	1.56653e+06
HK7K2DSX3_3	forward	G->T	10817	18605	18261	18253	18437	19024	18495	18770	18524	18657	18873	18965	19246	19138	18792	18747	18777	19154	17390	15803	14967	14818	14777	14745	14768	14605	14895	14478	14387	14739	14392	14430	14887	14370	14374	14310	14162	14502	14289	14333	14002	14242	14302	13788	14130	13919	13951	14220	13976	13467
HK7K2DSX3_3	forward	T->A	12316	21302	21476	21194	21141	22328	21395	21214	21159	21643	21893	21970	21443	22214	22283	21646	22037	22181	19938	18021	17180	17096	16783	16597	16802	16587	16697	16666	16518	16440	16455	16103	16118	16126	15890	16184	16471	16022	16426	16051	16077	15934	15815	15929	16135	15878	15522	15782	15918	15368
HK7K2DSX3_3	forward	T->C	16215	23561	22925	23028	23113	23949	23854	24205	24094	24292	24184	23942	24130	24296	24285	24446	24278	24214	22812	20717	20459	20009	19840	19682	19824	19407	19746	19820	19507	19625	19585	19661	19284	19351	19075	19122	19245	19008	19434	19100	19225	19020	19027	18833	19118	19206	18690	18492	18409	18565
HK7K2DSX3_3	forward	T->G	10997	18465	18483	18305	18510	19329	18989	18868	19346	19185	18828	19140	19314	18919	19148	19276	19349	19166	18119	16212	15760	15779	15331	15328	15449	15040	15068	14847	14705	14685	14690	14668	14441	14507	14320	14554	14578	14477	14709	14540	14740	14873	14857	14765	14852	14787	14501	14496	14546	14708
HK7K2DSX3_3	forward	T->T	1.80994e+06	1.80569e+06	1.81009e+06	1.82031e+06	1.80967e+06	1.81226e+06	1.82178e+06	1.8296e+06	1.83399e+06	1.8427e+06	1.8421e+06	1.84909e+06	1.84713e+06	1.83641e+06	1.83889e+06	1.83338e+06	1.82544e+06	1.83377e+06	1.82964e+06	1.82682e+06	1.83278e+06	1.8358e+06	1.82821e+06	1.83488e+06	1.83101e+06	1.82645e+06	1.82919e+06	1.83135e+06	1.82451e+06	1.83206e+06	1.83136e+06	1.82768e+06	1.83642e+06	1.83087e+06	1.82264e+06	1.82795e+06	1.82682e+06	1.81859e+06	1.82675e+06	1.8236e+06	1.82054e+06	1.82649e+06	1.82415e+06	1.82093e+06	1.82589e+06	1.82176e+06	1.81731e+06	1.82007e+06	1.82118e+06	1.8169e+06
HK7K2DSX3_3	reverse	A->A	14846	25631	32491	39439	45783	51647	58822	65616	72944	79900	86263	94266	99870	107058	113455	120273	126023	134364	138627	143129	149198	156656	162303	170074	176182	182247	190173	196964	202949	210318	217620	224229	232077	238399	244361	251842	259176	265432	273807	279645	286235	294265	301046	308022	315806	321924	329350	335195	343787	349168
HK7K2DSX3_3	reverse	A->C	3208	5570	5824	5696	5785	6037	6033	6187	6293	6395	6324	6459	6518	6317	6312	6489	6508	6375	5264	3450	3049	2882	2674	2784	2751	2744	2688	2653	2680	2852	2775	2760	2931	2963	2850	2953	2957	2981	2971	3115	3076	3076	3079	3180	3284	3319	3288	3427	3399	3364
HK7K2DSX3_3	reverse	A->G	3460	5632	5719	5952	5957	6108	6273	6450	6532	6460	6599	6585	6606	6769	6955	7062	6966	7042	5630	4032	3598	3331	3367	3297	3226	3286	3407	3464	3371	3354	3465	3591	3653	3678	3841	3664	3760	3835	4111	3913	3945	4180	4105	4055	4305	4221	4323	4490	4370	4511
HK7K2DSX3_3	reverse	A->T	3780	6680	6885	7006	7027	7356	7215	7229	7190	7455	7339	7327	7344	7417	7780	7588	7746	7895	6013	3883	3261	3069	2872	2937	2919	2815	2817	3009	2942	3076	2990	3009	3045	3110	3037	3200	3198	3173	3281	3351	3287	3404	3328	3423	3518	3420	3383	3418	3550	3535
HK7K2DSX3_3	reverse	C->A	3241	5644	5556	5800	5921	6075	5888	5993	5926	5962	6175	6275	6500	6337	6355	6281	6475	6537	4955	3628	3085	2819	2708	2682	2726	2712	2690	2735	2898	2864	2810	2893	3014	2915	3031	2920	3042	3068	3077	3122	3160	3132	3335	3319	3298	3395	3455	3404	3475	3462
HK7K2DSX3_3	reverse	C->C	12894	21862	27869	33786	40121	44973	50928	57239	62378	68360	74255	79820	86457	92332	98414	103849	111214	115655	120107	124731	129239	134562	140952	146248	152158	159453	164221	169906	177544	181953	187947	194715	199628	206420	212656	218698	224734	231223	236140	242403	248609	253442	260064	267363	272420	278872	285914	290245	296397	303372
HK7K2DSX3_3	reverse	C->G	3090	5012	5322	5226	5344	5718	5549	5515	5649	5589	5766	5623	5662	5914	6005	5975	6101	5909	4671	3340	2901	2557	2570	2564	2457	2499	2540	2475	2546	2614	2673	2663	2591	2674	2718	2775	2775	2811	2808	2818	2836	2872	2916	3044	3007	3056	3080	3204	3244	3188
HK7K2DSX3_3	reverse	C->T	3131	5785	5765	5920	6035	6040	6109	6513	6359	6367	6600	6663	6414	6675	6661	6738	6851	7083	5591	3925	3380	3249	3136	3299	3278	3129	3124	3223	3243	3143	3359	3527	3379	3642	3628	3765	3647	3893	3755	3891	3950	3984	3986	4008	4023	4207	4239	4244	4405	4327
HK7K2DSX3_3	reverse	G->A	3185	5867	5986	5903	5984	6215	6196	6172	6357	6523	6628	6741	6712	6631	6664	6829	7012	7052	5600	4089	3477	3308	3259	3105	3117	3230	3259	3297	3435	3478	3420	3577	3583	3575	3692	3745	3778	3824	3785	3922	3953	4133	4059	4080	4124	4246	4221	4302	4305	4478
HK7K2DSX3_3	reverse	G->C	3063	4940	5463	5278	5456	5367	5407	5549	5635	5766	5799	5772	5738	5894	5886	5787	5870	6054	5050	3315	2786	2743	2604	2502	2579	2474	2596	2610	2525	2709	2611	2715	2709	2761	2696	2815	2812	2940	2894	2961	2908	2884	2962	3121	3094	3099	3113	3251	3236	3350
HK7K2DSX3_3	reverse	G->G	12488	21646	27417	33896	39450	46126	51484	57632	63129	69090	74852	80419	86268	92840	98876	105494	111284	116405	121596	124893	130222	135649	141899	147540	153670	160338	164942	172090	178783	183589	189714	195533	200721	207877	213598	218755	225262	231745	237033	244607	250279	256196	262310	267681	273048	279769	285775	292198	298603	305033
HK7K2DSX3_3	reverse	G->T	3024	5686	5678	5701	5638	5778	6139	6072	6163	6021	5964	6035	6125	6228	6470	6363	6408	6253	5145	3441	2843	2842	2693	2679	2633	2662	2802	2642	2629	2720	2879	3004	2894	2887	3153	2928	3045	3236	3113	3013	3151	3163	3108	3090	3234	3178	3280	3165	3472	3418
HK7K2DSX3_3	reverse	T->A	4006	6989	7069	6952	7336	6966	7207	7170	7156	7349	7418	7448	7586	7734	7564	7685	7688	7728	6058	4070	3361	3121	3092	2970	2872	2975	3006	2995	3189	3045	3112	3008	3210	3130	3154	3191	3213	3504	3364	3413	3387	3431	3628	3552	3541	3607	3674	3755	3728	3731
HK7K2DSX3_3	reverse	T->C	3220	5610	5826	5908	6029	6294	6112	6206	6413	6309	6407	6847	6869	6789	6878	6888	6732	7156	5908	3884	3539	3260	3374	3176	3356	3217	3409	3318	3368	3507	3562	3488	3577	3513	3731	3804	3739	3854	3875	4034	3914	4006	4239	4011	4148	4261	4367	4358	4402	4467
HK7K2DSX3_3	reverse	T->G	3303	5418	5384	5733	5730	5927	6315	6173	5970	6412	6262	6350	6335	6360	6494	6518	6441	6605	5143	3506	3025	2852	2721	2651	2681	2661	2751	2741	2671	2908	2993	2824	2846	2983	2884	3057	3034	2976	3092	2995	3161	3132	3206	3103	3213	3233	3298	3318	3346	3339
HK7K2DSX3_3	reverse	T->T	14311	25302	32315	38946	45225	51865	59022	65292	73103	79126	86325	93009	100563	106730	113278	120257	127247	134628	140203	142759	149269	155616	162279	168718	176200	182186	189966	196051	201720	210673	217154	223774	231614	237284	244885	251937	258159	264504	271980	278535	286488	293613	299999	306650	314439	321488	327125	336112	340938	348879
