HK7K2DSX3_3	forward	A->A	0.868971	0.779109	0.77773	0.77746	0.778164	0.776743	0.77605	0.776775	0.777659	0.776988	0.779065	0.77774	0.777812	0.777497	0.776144	0.779046	0.780367	0.779788	0.823714	0.89327	0.916295	0.926373	0.929809	0.932188	0.932371	0.9347	0.934891	0.935208	0.936899	0.936245	0.93811	0.938567	0.937272	0.939285	0.940087	0.939755	0.939353	0.940401	0.94084	0.940698	0.942118	0.942138	0.941591	0.943201	0.942416	0.94289	0.943298	0.944138	0.944882	0.943282
HK7K2DSX3_3	forward	A->C	0.0403298	0.0668338	0.067838	0.0691525	0.0681092	0.0695605	0.0696445	0.0689111	0.069754	0.0695972	0.0687255	0.0696398	0.0691415	0.0682662	0.0698477	0.0686051	0.067762	0.06817	0.054529	0.0324075	0.025551	0.0214057	0.0203908	0.0195544	0.019374	0.0187195	0.0192521	0.0193043	0.0184524	0.0189257	0.0177719	0.0180423	0.0176859	0.0177091	0.0176011	0.0178296	0.0178114	0.0173189	0.0171443	0.0172531	0.0167227	0.0170609	0.0162907	0.0161549	0.0168351	0.0163699	0.0163902	0.0161999	0.0158909	0.0157917
HK7K2DSX3_3	forward	A->G	0.042383	0.0705787	0.0708912	0.0710869	0.0715608	0.0715914	0.0722339	0.0720738	0.0705522	0.0721708	0.0708662	0.0708175	0.0726152	0.0714668	0.0710139	0.0706774	0.0709832	0.0700255	0.0574612	0.034598	0.0274529	0.0244935	0.0236455	0.023166	0.0235502	0.0226367	0.022323	0.0217566	0.0212056	0.0214358	0.0212046	0.0208008	0.0225087	0.0209447	0.0205373	0.0203057	0.0205992	0.0202585	0.020188	0.0203316	0.0201878	0.019827	0.0205193	0.0197151	0.0198426	0.0195689	0.0197093	0.0193164	0.0190732	0.0204513
HK7K2DSX3_3	forward	A->T	0.0483162	0.083479	0.0835404	0.0823005	0.0821661	0.0821051	0.0820715	0.0822397	0.0820347	0.0812441	0.0813435	0.081803	0.0804309	0.0827698	0.0829945	0.0816717	0.0808875	0.0820163	0.0642952	0.0397248	0.0307011	0.0277281	0.0261547	0.025092	0.0247045	0.0239434	0.0235336	0.0237311	0.0234428	0.0233938	0.0229137	0.02259	0.0225336	0.0220614	0.0217751	0.0221098	0.022236	0.022022	0.0218279	0.0217177	0.0209717	0.0209741	0.0215986	0.0209288	0.0209058	0.0211714	0.0206021	0.0203458	0.0201544	0.0204752
HK7K2DSX3_3	forward	C->A	0.0466758	0.0825679	0.0823632	0.0805997	0.0818846	0.0805709	0.0780295	0.0810466	0.0815446	0.0804837	0.0816519	0.0816588	0.0806948	0.0828395	0.0802172	0.0800877	0.0819917	0.0824365	0.06624	0.0409614	0.0318819	0.0308705	0.02814	0.0267261	0.0263851	0.027256	0.0259444	0.0257222	0.0259396	0.0252885	0.0252162	0.0253079	0.0249757	0.0246321	0.025057	0.0253063	0.0252263	0.0248858	0.0243641	0.0240731	0.0250754	0.0237968	0.0243266	0.0239664	0.0243206	0.0248405	0.023847	0.0235414	0.0232904	0.0234944
HK7K2DSX3_3	forward	C->C	0.853236	0.75447	0.755669	0.759929	0.756279	0.758423	0.759246	0.757789	0.757005	0.75855	0.753816	0.756993	0.757973	0.754556	0.759221	0.760994	0.756874	0.756272	0.80137	0.875701	0.902162	0.90985	0.915399	0.918789	0.920399	0.919729	0.920952	0.922405	0.920758	0.922205	0.923078	0.923477	0.924005	0.92506	0.925372	0.924506	0.925422	0.926078	0.926997	0.926826	0.92573	0.926518	0.927567	0.928042	0.927814	0.927227	0.929153	0.928256	0.928558	0.929292
HK7K2DSX3_3	forward	C->G	0.0446037	0.0737044	0.072456	0.0730752	0.0749311	0.0743888	0.0738595	0.0748325	0.074405	0.074498	0.0764074	0.0741762	0.0760309	0.0756452	0.0728413	0.0746862	0.0740456	0.0722775	0.0598641	0.0351013	0.026014	0.0228112	0.0211825	0.0206789	0.0201307	0.020142	0.0200494	0.0193709	0.0197325	0.0194345	0.0191824	0.0187736	0.0196885	0.0185066	0.0185872	0.0189201	0.0181131	0.0185375	0.0182946	0.0181431	0.0182477	0.0187703	0.0177482	0.0183027	0.0180242	0.0177761	0.0171702	0.0178934	0.0183897	0.0178555
HK7K2DSX3_3	forward	C->T	0.0554843	0.0892579	0.0895113	0.0863964	0.0869054	0.0866174	0.088865	0.0863319	0.0870458	0.086468	0.0881248	0.0871725	0.0853017	0.0869596	0.0877206	0.0842324	0.0870889	0.0890143	0.0725262	0.048236	0.0399419	0.0364686	0.0352785	0.0338064	0.0330856	0.0328727	0.0330547	0.0325024	0.0335696	0.0330717	0.0325236	0.0324412	0.031331	0.0318015	0.0309839	0.0312673	0.0312384	0.0304989	0.0303438	0.0309583	0.0309465	0.0309148	0.0303577	0.0296886	0.0298408	0.030156	0.0298296	0.0303092	0.0297624	0.0293582
HK7K2DSX3_3	forward	G->A	0.0513878	0.0877037	0.0849746	0.0845154	0.0841333	0.0856314	0.0843505	0.0852663	0.0860167	0.0864078	0.0852589	0.0858385	0.084756	0.0851217	0.0862203	0.0866043	0.0874133	0.0869257	0.0714431	0.0463014	0.0371911	0.0353645	0.033052	0.0321665	0.0317075	0.0306397	0.0310657	0.0305103	0.0301539	0.0298213	0.0296505	0.0305905	0.0293195	0.0296546	0.0295539	0.0295046	0.0293532	0.0294844	0.0297755	0.0280774	0.0282388	0.0277851	0.0284904	0.0285616	0.0281803	0.0285074	0.0288973	0.0277884	0.0282093	0.0280381
HK7K2DSX3_3	forward	G->C	0.0455689	0.075615	0.074377	0.076895	0.0745858	0.0753568	0.0775685	0.0759873	0.0767342	0.0773486	0.0767368	0.0779053	0.0766818	0.0763297	0.0759132	0.0769809	0.0746965	0.075609	0.0612155	0.0352395	0.0268314	0.023852	0.0218705	0.0219323	0.0212063	0.0212627	0.0210661	0.0199725	0.0201874	0.0203588	0.0205745	0.0200227	0.0200892	0.0199274	0.0190623	0.0191594	0.0190613	0.0194729	0.0194924	0.0186047	0.0190732	0.01902	0.0181863	0.0188126	0.0184826	0.0178402	0.0179907	0.0179416	0.0175396	0.0173231
HK7K2DSX3_3	forward	G->G	0.850481	0.748967	0.75389	0.753545	0.757556	0.752304	0.751953	0.753638	0.750953	0.752006	0.751792	0.749519	0.753753	0.752868	0.752282	0.750246	0.752194	0.750792	0.797621	0.87389	0.898203	0.907018	0.91199	0.915075	0.916462	0.917715	0.918366	0.920958	0.92091	0.921388	0.921149	0.92128	0.922308	0.92294	0.923817	0.923647	0.924206	0.92343	0.92357	0.926653	0.926274	0.927231	0.927411	0.927011	0.927542	0.928193	0.927748	0.92839	0.929581	0.929641
HK7K2DSX3_3	forward	G->T	0.0525626	0.087714	0.0867581	0.085045	0.0837247	0.0867075	0.0861281	0.0851085	0.0862958	0.0842376	0.0862125	0.0867368	0.084809	0.0856811	0.0855849	0.0861688	0.0856963	0.0866731	0.0697205	0.0445694	0.0377743	0.0337657	0.0330879	0.030826	0.0306242	0.0303824	0.0295022	0.0285594	0.0287488	0.0284318	0.0286261	0.0281069	0.0282829	0.0274783	0.0275665	0.0276889	0.0273794	0.0276124	0.0271619	0.026665	0.0264138	0.0259638	0.0259123	0.0256149	0.0257955	0.0254594	0.0253644	0.0258803	0.0246698	0.0249976
HK7K2DSX3_3	forward	T->A	0.0458344	0.0828092	0.0815777	0.0808655	0.0819585	0.083943	0.0816441	0.081936	0.081946	0.0805878	0.0810244	0.0815458	0.0806475	0.0814298	0.0817533	0.0810608	0.0829506	0.0829145	0.0658238	0.038839	0.0310054	0.0276163	0.0259781	0.0249937	0.024425	0.0242735	0.0238844	0.024052	0.023082	0.0230604	0.0234317	0.0232753	0.0229125	0.0228258	0.0224858	0.0224779	0.0225533	0.0229015	0.022284	0.0223324	0.0221342	0.0214793	0.0214322	0.0213907	0.0213976	0.0213956	0.0213711	0.0204862	0.0215538	0.0205544
HK7K2DSX3_3	forward	T->C	0.043318	0.0693513	0.0699351	0.0700077	0.0698292	0.0731976	0.073232	0.07145	0.0712439	0.0722587	0.070927	0.070784	0.0716016	0.071555	0.0731171	0.0723971	0.0711493	0.0716161	0.0571842	0.0341681	0.0273546	0.0248414	0.0227028	0.0230294	0.0223504	0.0222473	0.0224047	0.0216894	0.0213462	0.0216318	0.0218175	0.0213537	0.0208509	0.0212798	0.0209988	0.0208629	0.0204568	0.0206109	0.0209436	0.0203252	0.0201204	0.0200159	0.0193565	0.0200882	0.019585	0.0197177	0.019488	0.0193273	0.0192831	0.0191797
HK7K2DSX3_3	forward	T->G	0.0401162	0.0666783	0.0673284	0.0680844	0.0685979	0.0683961	0.0686052	0.0703045	0.0680927	0.0687888	0.0689425	0.0683822	0.0699913	0.0701338	0.0681942	0.0704071	0.069329	0.0677042	0.0556886	0.0326796	0.0241639	0.0217884	0.0198821	0.0203119	0.0196156	0.0193152	0.0193479	0.0187635	0.0184104	0.018674	0.0177194	0.0177583	0.0185077	0.0183733	0.0175976	0.017599	0.0173472	0.0173013	0.017855	0.0174275	0.0174038	0.0170979	0.0166611	0.0165506	0.0165749	0.0166228	0.0168004	0.0169797	0.0165805	0.016047
HK7K2DSX3_3	forward	T->T	0.870731	0.781161	0.781159	0.781042	0.779614	0.774463	0.776519	0.776309	0.778717	0.778365	0.779106	0.779288	0.77776	0.776881	0.776935	0.776135	0.776571	0.777765	0.821303	0.894313	0.917476	0.925754	0.931437	0.931665	0.933609	0.934164	0.934363	0.935495	0.937161	0.936634	0.937031	0.937613	0.937729	0.937521	0.938918	0.93906	0.939643	0.939186	0.938918	0.939915	0.940342	0.941407	0.94255	0.941971	0.942442	0.942264	0.942341	0.943207	0.942583	0.944219
HK7K2DSX3_3	reverse	A->A	0.44711	0.449528	0.474476	0.496922	0.514714	0.516383	0.539813	0.550602	0.572338	0.580678	0.592359	0.604491	0.610848	0.618397	0.627611	0.632138	0.640562	0.648801	0.714967	0.829351	0.875417	0.888885	0.905215	0.904645	0.914374	0.915655	0.916783	0.919727	0.922128	0.922757	0.921461	0.925618	0.92534	0.927058	0.929602	0.929823	0.930318	0.931026	0.930631	0.932919	0.932862	0.934378	0.937554	0.936493	0.936013	0.937648	0.937571	0.937152	0.938234	0.940517
HK7K2DSX3_3	reverse	A->C	0.175205	0.17027	0.164171	0.157816	0.15158	0.148356	0.142778	0.142892	0.13309	0.131729	0.128372	0.123277	0.123064	0.119698	0.114451	0.116444	0.110815	0.107143	0.0893651	0.054097	0.0382306	0.0317406	0.028	0.0283809	0.0250389	0.0245907	0.0251154	0.0239976	0.0227321	0.0226348	0.0221056	0.0214041	0.0226731	0.021383	0.0203642	0.0201768	0.0206426	0.0197822	0.0202686	0.0194944	0.0199965	0.0197321	0.0184262	0.0183754	0.0187614	0.018012	0.0188606	0.0190183	0.0183028	0.0174294
HK7K2DSX3_3	reverse	A->G	0.176934	0.171379	0.164538	0.159266	0.150672	0.154446	0.150351	0.141803	0.136116	0.1355	0.130012	0.12629	0.123814	0.121951	0.121209	0.118336	0.11424	0.112777	0.0896095	0.0535258	0.040384	0.0376633	0.0302653	0.033264	0.0280035	0.0278071	0.028169	0.0266016	0.0259317	0.0265083	0.026092	0.0249237	0.0249571	0.0253817	0.0240909	0.0233797	0.0227869	0.0236366	0.0233219	0.0231216	0.0226351	0.0221856	0.0209549	0.0216847	0.0217278	0.0212613	0.0208933	0.0208505	0.0205981	0.0203082
HK7K2DSX3_3	reverse	A->T	0.200751	0.208823	0.196816	0.185996	0.183033	0.180814	0.167058	0.164703	0.158455	0.152092	0.149258	0.145942	0.142274	0.139954	0.13673	0.133082	0.134382	0.131279	0.106058	0.0630266	0.045968	0.0417106	0.0365196	0.0337104	0.0325837	0.0319471	0.0299329	0.0296734	0.0292082	0.0280995	0.0303414	0.028054	0.0270302	0.0261774	0.025943	0.0266201	0.026253	0.0255553	0.0257782	0.0244652	0.0245066	0.0237044	0.0230649	0.0234475	0.0234977	0.0230785	0.0226754	0.0229796	0.0228646	0.0217457
HK7K2DSX3_3	reverse	C->A	0.195677	0.204802	0.195781	0.185017	0.176304	0.175213	0.16804	0.160704	0.160144	0.151175	0.150913	0.146707	0.140048	0.140642	0.13724	0.13494	0.132547	0.132652	0.1059	0.0682877	0.0542181	0.0465347	0.0454272	0.0402976	0.0400866	0.0380288	0.0359368	0.0362258	0.0349156	0.0341402	0.0336921	0.0329716	0.0328423	0.0309873	0.0318848	0.0309716	0.0307311	0.0310241	0.0308188	0.0304451	0.0293186	0.0291313	0.0300545	0.0283177	0.0282305	0.0279159	0.0280536	0.0283274	0.0278046	0.0277991
HK7K2DSX3_3	reverse	C->C	0.428746	0.399953	0.436475	0.453844	0.484139	0.492271	0.507706	0.531364	0.533189	0.548977	0.563546	0.567674	0.583633	0.591485	0.598919	0.602222	0.615123	0.615767	0.685734	0.804103	0.853229	0.869785	0.881423	0.890524	0.894997	0.896647	0.900957	0.902974	0.904274	0.906889	0.906555	0.906382	0.910177	0.912059	0.912788	0.913007	0.9135	0.914413	0.915049	0.916507	0.918416	0.920088	0.918912	0.919661	0.921429	0.92048	0.920232	0.922142	0.922797	0.923751
HK7K2DSX3_3	reverse	C->G	0.183793	0.18626	0.175989	0.178076	0.161482	0.159667	0.160369	0.148549	0.148487	0.145096	0.138299	0.138497	0.134147	0.129665	0.126686	0.126627	0.117936	0.118622	0.0976909	0.0563247	0.0404145	0.0341979	0.0308162	0.0296362	0.0270169	0.0270581	0.026139	0.0246773	0.0246471	0.0242831	0.0247311	0.0245765	0.0230304	0.0238024	0.0223952	0.0225725	0.0220179	0.0217078	0.0221256	0.0212546	0.0205048	0.0203332	0.0199945	0.0205683	0.0199399	0.0196372	0.0193724	0.0190875	0.0191636	0.0191219
HK7K2DSX3_3	reverse	C->T	0.191783	0.208985	0.191755	0.183063	0.178075	0.17285	0.163885	0.159383	0.158179	0.154752	0.147242	0.147122	0.142173	0.138207	0.137155	0.136211	0.134393	0.132959	0.110674	0.0712847	0.052138	0.0494822	0.0423341	0.0395421	0.0378999	0.0382661	0.0369668	0.0361232	0.0361629	0.0346873	0.0350214	0.0360694	0.0339506	0.0331517	0.0329324	0.0334489	0.0337505	0.0328556	0.0320065	0.0317932	0.0317602	0.030447	0.031039	0.0314532	0.0304007	0.0319668	0.0323417	0.0304427	0.0302345	0.0293285
HK7K2DSX3_3	reverse	G->A	0.194543	0.204203	0.19903	0.182939	0.183215	0.171142	0.171894	0.160918	0.159732	0.152587	0.153344	0.147658	0.140807	0.141067	0.139964	0.131278	0.133631	0.133042	0.108867	0.0726097	0.0586937	0.0484202	0.0485581	0.0425915	0.0411694	0.0410431	0.0420151	0.0380794	0.0399169	0.0394335	0.0358892	0.0368725	0.0353777	0.0362777	0.0349192	0.0353272	0.0350669	0.0336979	0.0332971	0.0343229	0.0332745	0.0330629	0.0325515	0.0322751	0.0318406	0.0323687	0.0315807	0.0319888	0.0311906	0.0316642
HK7K2DSX3_3	reverse	G->C	0.186162	0.186534	0.175235	0.168662	0.165805	0.15653	0.153333	0.150879	0.144901	0.140196	0.140099	0.133107	0.132777	0.129496	0.123502	0.122912	0.119095	0.115742	0.0959264	0.0584724	0.0410202	0.033946	0.0294508	0.0284243	0.0278843	0.0265626	0.0259428	0.0247467	0.0242699	0.0241376	0.0231006	0.0225493	0.0255625	0.0225327	0.0216179	0.0220264	0.021212	0.0214095	0.020649	0.020303	0.0204666	0.0207955	0.0198145	0.0208088	0.0195332	0.019552	0.0195515	0.0189582	0.0201954	0.0199607
HK7K2DSX3_3	reverse	G->G	0.429173	0.403881	0.429169	0.466165	0.472247	0.506035	0.517762	0.52751	0.541802	0.560002	0.559875	0.576354	0.589138	0.58928	0.605874	0.616882	0.618011	0.62395	0.69034	0.803949	0.852753	0.876258	0.884517	0.89443	0.895671	0.899515	0.900511	0.906248	0.903137	0.905145	0.910061	0.910571	0.910249	0.912566	0.914607	0.91397	0.915344	0.915399	0.916906	0.918799	0.919529	0.920464	0.92171	0.92182	0.921961	0.921406	0.923012	0.923788	0.923611	0.923649
HK7K2DSX3_3	reverse	G->T	0.190121	0.205382	0.196566	0.182233	0.178733	0.166292	0.157011	0.160693	0.153566	0.147215	0.146682	0.142881	0.137278	0.140156	0.13066	0.128929	0.129263	0.127266	0.104866	0.0649694	0.0475331	0.0413756	0.0374742	0.0345545	0.0352748	0.0328788	0.0315308	0.030926	0.0326763	0.031284	0.0309489	0.0300071	0.0288107	0.0286232	0.0288554	0.0286768	0.0283766	0.0294938	0.0291481	0.0265749	0.0267302	0.0256777	0.025924	0.0250965	0.0266657	0.0266735	0.0258555	0.0252646	0.0250025	0.0247256
HK7K2DSX3_3	reverse	T->A	0.201745	0.208508	0.201306	0.191079	0.182852	0.176617	0.170876	0.166709	0.163063	0.15536	0.151375	0.146474	0.142071	0.141236	0.139472	0.133814	0.131337	0.130796	0.102601	0.0645606	0.0475722	0.0408866	0.037494	0.0348558	0.0336308	0.0325311	0.0314593	0.0301768	0.0301216	0.0288116	0.0284376	0.0280488	0.0290439	0.0272375	0.0262776	0.0253844	0.0251406	0.0256251	0.0252948	0.0257577	0.0249259	0.0243735	0.0256821	0.0238002	0.0236727	0.0245564	0.0235182	0.0233319	0.0235801	0.0237488
HK7K2DSX3_3	reverse	T->C	0.167	0.172316	0.167642	0.162535	0.159006	0.150308	0.147826	0.141934	0.136783	0.134561	0.1303	0.125627	0.126412	0.120345	0.118346	0.114609	0.113419	0.109554	0.0899882	0.0553671	0.0404949	0.0336444	0.0323565	0.0307338	0.030741	0.0290227	0.0282154	0.0265787	0.0252491	0.0249345	0.0251084	0.024868	0.0284373	0.0250647	0.0238196	0.0237338	0.0231189	0.0223625	0.0222846	0.022832	0.0224935	0.0225212	0.0226031	0.0217151	0.0212817	0.0207132	0.0214824	0.0207096	0.0207754	0.0226715
HK7K2DSX3_3	reverse	T->G	0.177134	0.170253	0.166643	0.163717	0.153785	0.15327	0.148635	0.139643	0.138417	0.135248	0.126924	0.126382	0.122082	0.116632	0.119366	0.115797	0.110109	0.109042	0.0877911	0.0526593	0.0404412	0.0318563	0.0283577	0.0278803	0.0257727	0.0253726	0.0247342	0.0256315	0.0234344	0.0260612	0.0234331	0.0234381	0.0222932	0.0220912	0.0212525	0.021026	0.0205264	0.0209231	0.0198432	0.0201031	0.019091	0.0193409	0.0184696	0.0187339	0.0185737	0.0182345	0.0182013	0.0179715	0.0177713	0.0168863
HK7K2DSX3_3	reverse	T->T	0.454121	0.448923	0.464408	0.48267	0.504357	0.519804	0.532663	0.551714	0.561736	0.574831	0.591401	0.601517	0.609435	0.621787	0.622816	0.63578	0.645135	0.650608	0.71962	0.827413	0.871492	0.893613	0.901792	0.90653	0.909855	0.913074	0.915591	0.917613	0.921195	0.920193	0.923021	0.923645	0.920226	0.925607	0.92865	0.929856	0.931214	0.931089	0.932577	0.931307	0.93349	0.933764	0.933245	0.935751	0.936472	0.936496	0.936798	0.937987	0.937873	0.936693
