HK7K2DSX3_3	forward	A->A	1.51628e+06	1.52367e+06	1.53438e+06	1.51636e+06	1.51851e+06	1.52084e+06	1.53278e+06	1.5206e+06	1.53992e+06	1.53255e+06	1.53394e+06	1.53384e+06	1.53303e+06	1.5226e+06	1.53134e+06	1.52437e+06	1.52273e+06	1.52893e+06	1.52718e+06	1.51656e+06	1.52481e+06	1.52012e+06	1.51812e+06	1.51854e+06	1.51412e+06	1.50946e+06	1.51666e+06	1.51458e+06	1.51273e+06	1.51825e+06	1.51814e+06	1.51605e+06	1.51669e+06	1.51172e+06	1.51017e+06	1.51358e+06	1.512e+06	1.5089e+06	1.51172e+06	1.51096e+06	1.50943e+06	1.51274e+06	1.51273e+06	1.50714e+06	1.51041e+06	1.50583e+06	1.50419e+06	1.50704e+06	1.5074e+06	1.50334e+06
HK7K2DSX3_3	forward	A->C	10857	19400	19077	19467	19535	20134	19973	20066	20652	20161	20097	20106	20071	20269	20041	20199	20175	20389	17848	14551	13877	13269	13156	13336	12919	12687	12617	12643	12586	12745	12761	12411	12337	12406	12385	12409	12525	12379	12507	12292	12435	12398	12003	11962	12010	12165	12039	12091	11924	11954
HK7K2DSX3_3	forward	A->G	15530	23718	24360	23770	23512	24321	24526	24445	24788	24612	25113	24822	24752	24898	24871	24703	24812	24596	22543	19059	18089	17546	17801	17577	17642	17263	17181	17145	16667	17071	16975	16859	16766	16727	16506	16854	16429	16677	16389	16360	16246	16284	16371	16300	16225	16309	16383	15942	15952	16023
HK7K2DSX3_3	forward	A->T	13860	25484	24995	24714	24807	25288	25080	24796	24987	24950	24930	24889	24728	24845	25066	24900	25254	25074	21677	16912	15844	15133	15137	14916	14663	14609	14599	14456	14429	14202	14158	14066	14129	14022	14284	13928	13959	13546	13838	13824	13640	13615	13431	13572	13198	13626	13318	13359	13298	13097
HK7K2DSX3_3	forward	C->A	11534	21081	20872	21084	20669	21224	21002	21164	20807	20765	20728	20984	21205	21136	20956	21158	21130	21342	18834	15124	14370	13841	13757	13234	13482	13335	13309	13326	13158	13173	13013	13127	12953	12762	13437	12688	12863	12941	12903	12902	12714	12729	12512	12589	12597	12285	12512	12114	12278	12293
HK7K2DSX3_3	forward	C->C	1.25205e+06	1.27841e+06	1.26608e+06	1.27929e+06	1.27289e+06	1.27409e+06	1.2649e+06	1.27254e+06	1.25362e+06	1.25937e+06	1.25147e+06	1.24952e+06	1.24982e+06	1.2582e+06	1.25065e+06	1.25991e+06	1.25968e+06	1.25447e+06	1.25129e+06	1.2488e+06	1.24081e+06	1.2429e+06	1.24061e+06	1.23802e+06	1.24145e+06	1.24535e+06	1.23976e+06	1.24563e+06	1.24448e+06	1.23746e+06	1.23916e+06	1.23679e+06	1.23136e+06	1.23718e+06	1.23912e+06	1.23566e+06	1.23977e+06	1.24196e+06	1.23383e+06	1.23821e+06	1.23793e+06	1.23426e+06	1.23401e+06	1.23589e+06	1.23242e+06	1.23407e+06	1.23539e+06	1.23289e+06	1.23376e+06	1.2353e+06
HK7K2DSX3_3	forward	C->G	10115	17092	17263	16764	17676	17379	17402	17285	17467	17214	17402	17418	17090	17532	17309	17356	17374	17413	15532	12618	11950	11752	11598	11110	11115	11222	11095	11061	10925	11011	10609	10519	10798	10917	10446	10507	10429	10634	10445	10279	10317	10197	10407	10547	10045	10083	10199	10258	9938	10063
HK7K2DSX3_3	forward	C->T	15712	25178	24402	24718	24034	25188	24738	25084	24751	24840	25151	25155	25378	25407	24945	25010	24984	25055	22288	19182	18338	17869	17231	17213	17278	16864	16977	16687	17012	16779	16698	16484	16690	16661	16654	16577	16292	16267	16381	16015	15942	16337	16195	16211	16034	16190	16175	16162	15920	15802
HK7K2DSX3_3	forward	G->A	15390	24278	23756	24359	24356	25045	25015	24993	24692	24504	24806	24754	24636	24890	24640	25076	24965	25322	22291	19449	18066	17417	17423	17029	17007	17127	16641	17128	16662	16733	16591	16828	16310	16385	16847	16323	16484	16857	16342	16115	16122	15968	16144	15933	16127	15942	15927	15971	15933	15558
HK7K2DSX3_3	forward	G->C	9340	17275	16760	17135	16782	17783	17761	17372	17476	17158	17806	17650	17255	17756	17661	17113	17132	17305	15069	12963	11951	11308	11625	11581	11221	11116	11149	10993	10895	10743	10882	10859	10785	10547	10442	10810	10408	10577	10638	10575	10676	10435	10495	10353	10349	10258	10335	10029	10150	10206
HK7K2DSX3_3	forward	G->G	1.23154e+06	1.24902e+06	1.25336e+06	1.24936e+06	1.26485e+06	1.25285e+06	1.24775e+06	1.24538e+06	1.23768e+06	1.23296e+06	1.239e+06	1.23327e+06	1.2374e+06	1.24542e+06	1.24285e+06	1.24202e+06	1.24851e+06	1.24061e+06	1.23604e+06	1.2356e+06	1.23013e+06	1.2287e+06	1.23778e+06	1.23367e+06	1.23585e+06	1.23997e+06	1.23309e+06	1.23082e+06	1.23581e+06	1.23077e+06	1.22942e+06	1.23486e+06	1.23031e+06	1.23232e+06	1.23632e+06	1.2337e+06	1.23213e+06	1.23371e+06	1.23117e+06	1.22994e+06	1.23295e+06	1.22898e+06	1.228e+06	1.23367e+06	1.22953e+06	1.23018e+06	1.23217e+06	1.22701e+06	1.22634e+06	1.23097e+06
HK7K2DSX3_3	forward	G->T	11484	21012	20526	20465	20563	20827	20855	20833	20780	20691	21180	20993	20842	21196	20807	21270	20421	21095	18138	15010	13874	13610	13049	13097	13000	13124	13013	12909	12710	12640	12778	12867	12933	12338	12450	12574	12305	12300	12394	12299	11959	12494	12192	12043	12237	12335	11847	12085	11934	11883
HK7K2DSX3_3	forward	T->A	13737	25527	25565	25396	25425	25820	25356	25096	25196	25280	25166	25537	25246	25532	25517	25092	25641	25549	22315	17803	16395	16055	15426	15504	15466	15081	15457	15034	14904	14954	14733	14684	14631	15006	14647	14834	14768	14515	14650	14547	14287	14551	14383	14090	14256	14198	13892	14082	14152	13754
HK7K2DSX3_3	forward	T->C	15609	23949	23722	23771	23762	24641	24541	24460	24669	25032	24875	24744	25066	24744	24922	25028	24753	24608	22362	19233	18292	18143	17564	17150	17179	16824	16942	17371	17292	16993	16763	16996	16717	16788	16514	16774	16465	16531	16816	16418	16412	16237	16063	16361	16370	16229	16056	16118	16155	15739
HK7K2DSX3_3	forward	T->G	11044	20027	19981	19552	19562	20560	20076	20267	20123	20455	20259	20280	20239	20530	20355	20522	20637	20157	18445	15078	14027	13688	13274	13420	13343	13132	13455	12921	12755	12719	12627	12667	12496	12631	12389	12741	12388	12598	12331	12323	12396	12428	12471	12302	12538	12452	11780	12245	11948	12152
HK7K2DSX3_3	forward	T->T	1.50494e+06	1.50695e+06	1.50719e+06	1.51526e+06	1.50427e+06	1.50475e+06	1.5085e+06	1.51564e+06	1.522e+06	1.52862e+06	1.52673e+06	1.53431e+06	1.53117e+06	1.52261e+06	1.52505e+06	1.52296e+06	1.51825e+06	1.52412e+06	1.51986e+06	1.51611e+06	1.51566e+06	1.51767e+06	1.51073e+06	1.51544e+06	1.51257e+06	1.50928e+06	1.51274e+06	1.51066e+06	1.50904e+06	1.51411e+06	1.5137e+06	1.51174e+06	1.52079e+06	1.51621e+06	1.51006e+06	1.51051e+06	1.50911e+06	1.50576e+06	1.51205e+06	1.50921e+06	1.50683e+06	1.50876e+06	1.50881e+06	1.50539e+06	1.50768e+06	1.50765e+06	1.50538e+06	1.50798e+06	1.50597e+06	1.50249e+06
HK7K2DSX3_3	reverse	A->A	27618	47798	60088	71995	83850	95334	107562	118913	132462	145196	156053	168354	180331	191043	202186	213824	223673	235908	243152	248767	258366	270275	279448	289566	300194	310042	320919	330771	341181	352530	361680	371841	383309	393228	402105	412110	422270	429789	441057	450243	459068	469272	478467	487838	496654	507807	515308	524298	532672	540724
HK7K2DSX3_3	reverse	A->C	5579	9991	10167	10026	10088	10549	10460	10779	10721	10809	10922	10943	10983	11058	11257	10974	11194	11184	9302	6033	5157	4878	4509	4636	4621	4520	4619	4542	4741	4586	4630	4581	4651	4769	4655	4857	4968	5075	4969	4855	4887	5095	5089	5262	5149	5280	4986	5266	5337	5132
HK7K2DSX3_3	reverse	A->G	5952	9832	9934	10203	10550	10667	10814	11245	11346	11390	11376	11541	11844	11478	11914	12342	12115	11991	9626	6811	5840	5758	5537	5414	5482	5282	5445	5669	5596	5606	5877	6005	5942	6018	6028	6074	6078	6134	6456	6375	6575	6417	6444	6582	6793	6632	6739	6728	6789	6855
HK7K2DSX3_3	reverse	A->T	7669	13243	13630	13673	13891	13789	13684	14061	13912	14073	14108	14392	14397	14493	14505	14375	14942	14899	11526	7260	6058	5662	5380	5274	5325	5200	5147	5148	5181	5267	5233	5284	5167	5455	5483	5424	5514	5517	5632	5544	5681	5856	5742	5791	5821	5907	5993	5866	6228	5961
HK7K2DSX3_3	reverse	C->A	6053	10642	10795	10865	11003	10873	11039	11200	11142	11092	11437	11456	11422	11612	11631	12130	11610	11948	9105	6057	5349	4998	4546	4828	4498	4639	4571	4603	4688	4681	4782	4754	4980	4757	4859	5036	4761	4986	5084	4906	5039	5177	5233	5091	5306	5372	5235	5548	5456	5468
HK7K2DSX3_3	reverse	C->C	21954	36821	47861	57493	68366	77813	88164	98044	106962	115760	126525	135262	145315	154734	163778	173321	183204	192260	198056	204046	211585	218987	229634	237693	246358	256804	263025	271176	281180	288414	296512	305674	313239	321524	330350	338579	345705	355257	361770	369434	377154	383605	391642	400958	407809	414654	422734	428955	436684	443844
HK7K2DSX3_3	reverse	C->G	5051	8413	8564	8684	8654	9062	9384	9034	9143	9197	9501	9438	9461	9478	9821	9378	9460	9712	7483	5183	4504	4161	4097	4102	4138	3940	4069	3805	3956	4034	4082	4213	4102	4153	4194	4315	4118	4070	4261	4335	4402	4444	4305	4605	4560	4571	4616	4542	4628	4846
HK7K2DSX3_3	reverse	C->T	5720	10330	10396	10755	10992	11342	11347	11335	11481	11449	11604	11744	11844	12223	11861	12332	12380	12619	9789	6909	5797	5538	5410	5551	5487	5418	5439	5569	5368	5528	5594	5767	5633	5702	6024	5891	5933	6215	6104	6336	6270	6428	6368	6447	6542	6533	6697	6501	6810	6830
HK7K2DSX3_3	reverse	G->A	6055	10825	10865	10998	10627	11321	11251	11375	11470	11646	12049	11839	12165	12425	12164	12385	12176	12547	10027	7009	6041	5716	5605	5347	5373	5279	5448	5549	5720	5544	5575	5687	5723	5849	6023	6108	6069	6078	6225	6187	6242	6575	6386	6479	6595	6674	6836	6864	6706	6934
HK7K2DSX3_3	reverse	G->C	5005	8268	8543	8559	9097	8925	9098	9152	9242	9186	9412	9550	9488	9506	9615	9529	9531	9690	7938	5243	4356	4346	4114	4081	4090	3979	4136	4077	4028	4187	4093	4029	4280	4179	4108	4376	4265	4407	4280	4345	4311	4396	4479	4535	4508	4444	4525	4690	4627	4746
HK7K2DSX3_3	reverse	G->G	21334	36685	46742	58120	68212	78616	87881	99072	107206	118012	126963	136880	146695	157342	166201	176054	185138	193704	201263	206498	214200	222034	230919	239544	248598	257514	265371	274942	282852	290368	299131	307215	313486	323661	331846	338847	347771	355601	363336	372520	380414	386963	395213	401918	408836	417277	425286	432852	439669	448655
HK7K2DSX3_3	reverse	G->T	5875	10475	10360	11092	10739	10967	11189	11193	11222	11096	11179	11348	11448	11381	11294	11624	11667	11743	9360	6038	5081	4742	4632	4291	4558	4525	4462	4614	4614	4610	4556	4743	4734	4620	5000	4747	5002	5057	4831	5050	5013	5151	5135	5108	5082	5224	5113	5169	5261	5356
HK7K2DSX3_3	reverse	T->A	7585	13455	13585	13576	13630	13890	13826	14105	13902	14089	14466	14382	14247	14575	14605	14859	15016	14845	11541	7262	6111	5626	5444	5430	5180	5446	5289	5287	5450	5369	5325	5506	5607	5565	5728	5565	5605	5638	5805	5845	5815	5661	5932	5969	5946	5889	6130	6180	6220	6285
HK7K2DSX3_3	reverse	T->C	5661	9754	10422	10360	10467	10531	11110	11006	11196	11423	11369	11518	11755	11667	11872	11817	11886	12021	9834	6668	5867	5502	5536	5353	5485	5446	5546	5482	5548	5796	5736	5876	5772	5939	5858	6057	6062	6246	6293	6352	6347	6293	6430	6385	6525	6757	6731	6768	6731	6975
HK7K2DSX3_3	reverse	T->G	5887	9525	9728	9944	10245	10351	10521	10703	11045	10773	10715	11001	11034	11292	11194	11122	11428	11297	8916	5925	5252	4791	4688	4581	4347	4646	4491	4642	4740	4752	4698	4674	4898	4740	4706	4743	4852	4884	4959	4944	5031	4957	5021	4930	5054	5144	5265	5239	5269	5308
HK7K2DSX3_3	reverse	T->T	26683	46709	60077	72389	84274	96317	108643	119446	132812	144763	156632	168325	179310	190440	202934	212886	225329	235949	244188	249167	259227	269568	279321	290773	300620	309817	322382	332247	341102	352446	363821	372645	383890	391920	401908	412408	422228	431480	441027	450025	459603	470109	478955	487361	497491	503799	512848	522875	532003	540031
