HK7K2DSX3_3	forward	A->A	0.974808	0.95791	0.958568	0.958437	0.958673	0.957547	0.958249	0.957904	0.957911	0.958033	0.957658	0.957459	0.957568	0.957566	0.95767	0.95761	0.957655	0.957867	0.962244	0.967631	0.969221	0.97018	0.970342	0.970915	0.970951	0.970686	0.971372	0.971473	0.971315	0.971687	0.971555	0.972199	0.972255	0.972157	0.972468	0.972069	0.972248	0.972609	0.972428	0.972759	0.972859	0.973097	0.972813	0.973259	0.973088	0.972825	0.973098	0.973192	0.973437	0.973767
HK7K2DSX3_3	forward	A->C	0.00676335	0.0119688	0.0116736	0.0121407	0.0117262	0.0122893	0.0120574	0.0122021	0.0122145	0.0124102	0.0123068	0.0124253	0.0126306	0.01228	0.0122263	0.0123577	0.0122715	0.0121987	0.0109769	0.00937987	0.00889138	0.00843785	0.00840156	0.00843186	0.00841241	0.0085031	0.00806015	0.00804103	0.00823952	0.00798594	0.00821178	0.00797452	0.00776289	0.00812831	0.00789997	0.00800685	0.00785931	0.00782936	0.0080656	0.00768575	0.00783012	0.00784564	0.00765209	0.00765121	0.00765195	0.00785633	0.0076733	0.00770794	0.00781148	0.00758831
HK7K2DSX3_3	forward	A->G	0.00978936	0.014838	0.0147519	0.0144032	0.0145669	0.0150862	0.0150272	0.0150647	0.0150223	0.0148807	0.0151281	0.0151772	0.0150088	0.0152611	0.0153541	0.0150049	0.0151318	0.0151549	0.0137551	0.0121215	0.0116683	0.0115173	0.0115527	0.0111271	0.011018	0.0112716	0.0110219	0.0110254	0.0111416	0.0109093	0.0108135	0.0107117	0.0107494	0.0107523	0.0105237	0.0110897	0.0108055	0.0107497	0.0105735	0.0105622	0.0104352	0.0102651	0.010529	0.0103304	0.0104843	0.0105431	0.0104153	0.0104669	0.0101142	0.0101586
HK7K2DSX3_3	forward	A->T	0.008639	0.0152835	0.0150065	0.0150196	0.0150338	0.0150777	0.0146662	0.0148292	0.0148527	0.0146762	0.0149069	0.0149389	0.0147924	0.0148933	0.0147491	0.0150271	0.0149415	0.0147793	0.0130238	0.0108674	0.0102196	0.00986477	0.00970325	0.00952564	0.00961879	0.00953964	0.00954583	0.00946013	0.00930404	0.00941792	0.00942017	0.00911473	0.00923307	0.00896214	0.00910848	0.00883436	0.00908717	0.00881188	0.00893284	0.00899275	0.00887601	0.00879243	0.00900591	0.00875982	0.00877592	0.00877534	0.00881293	0.00863317	0.0086374	0.00848598
HK7K2DSX3_3	forward	C->A	0.00831076	0.0151949	0.0148106	0.014964	0.0150901	0.0155833	0.0153503	0.0150932	0.0152372	0.0154106	0.0151747	0.0153959	0.0154434	0.0155769	0.0153744	0.0152566	0.0157355	0.0157286	0.0141271	0.0116923	0.0111356	0.0108209	0.0105044	0.0104735	0.0106469	0.0103993	0.010489	0.0104529	0.0102998	0.0102376	0.0103425	0.0101127	0.0101581	0.0099813	0.0106137	0.0103257	0.0100818	0.010247	0.0101458	0.0101794	0.0100778	0.010012	0.00986033	0.00971804	0.00986925	0.00981038	0.00964632	0.00979539	0.0098604	0.00951766
HK7K2DSX3_3	forward	C->C	0.972357	0.95404	0.954254	0.954926	0.954281	0.953435	0.953647	0.953791	0.953483	0.953419	0.953072	0.952833	0.952674	0.952845	0.953031	0.953393	0.952804	0.952894	0.957074	0.964007	0.965008	0.966283	0.96699	0.96709	0.967138	0.967393	0.967543	0.967522	0.967992	0.968058	0.968456	0.968041	0.967991	0.968247	0.968247	0.968449	0.968697	0.968729	0.968993	0.969214	0.969159	0.968716	0.969764	0.969593	0.969195	0.969246	0.970025	0.96945	0.969409	0.969845
HK7K2DSX3_3	forward	C->G	0.00744214	0.0124178	0.0128869	0.0123871	0.0129671	0.0128408	0.0127318	0.0127319	0.0129145	0.012786	0.0127621	0.0127817	0.0130959	0.0127571	0.0132012	0.0130622	0.0128417	0.0128422	0.0120705	0.00968165	0.00937282	0.00898528	0.00886348	0.00881105	0.00873765	0.00881619	0.00855095	0.00852671	0.00859228	0.00862011	0.00829923	0.00870194	0.00856894	0.00844298	0.00809069	0.00822556	0.00805983	0.00829259	0.00814685	0.00802706	0.00801076	0.00832348	0.00792874	0.00809314	0.00814885	0.00801417	0.0078116	0.00819723	0.00809206	0.00811145
HK7K2DSX3_3	forward	C->T	0.0118901	0.0183476	0.0180489	0.0177229	0.0176618	0.0181409	0.0182706	0.0183839	0.0183654	0.0183846	0.0189914	0.0189896	0.018787	0.0188212	0.0183937	0.0182879	0.0186189	0.0185357	0.0167289	0.0146191	0.0144836	0.0139106	0.0136419	0.0136255	0.0134774	0.0133912	0.0134175	0.013498	0.0131163	0.0130844	0.0129025	0.0131449	0.0132823	0.0133285	0.0130486	0.0129995	0.0131612	0.0127311	0.0127149	0.0125798	0.0127528	0.0129482	0.0124466	0.0125953	0.0127864	0.0129296	0.0125174	0.0125571	0.0126388	0.012526
HK7K2DSX3_3	forward	G->A	0.0117808	0.0178222	0.0179701	0.0181623	0.0175497	0.0187179	0.0185426	0.0182779	0.0186632	0.0187915	0.018446	0.0186525	0.0184541	0.0184186	0.0184042	0.0185486	0.0185381	0.018686	0.017125	0.0148648	0.014082	0.0140451	0.013816	0.013429	0.0134545	0.0134019	0.013098	0.0133755	0.0129859	0.0132691	0.0130887	0.0132114	0.0132268	0.0130948	0.0133879	0.0129629	0.0130177	0.0130454	0.0128179	0.0129731	0.0132185	0.0128991	0.0129152	0.0128117	0.0127919	0.0123258	0.0128555	0.0125611	0.0124451	0.012501
HK7K2DSX3_3	forward	G->C	0.00717278	0.0130684	0.0124439	0.0125937	0.0126143	0.0130831	0.0131935	0.0128088	0.0132979	0.0132741	0.0130279	0.0131604	0.0130566	0.0132795	0.0132518	0.0132668	0.0131803	0.0129211	0.0115643	0.0102909	0.0093632	0.00927963	0.00904771	0.0086892	0.00895133	0.00848756	0.00865189	0.00855301	0.008475	0.00859297	0.0085409	0.00843976	0.00847431	0.00838904	0.00826549	0.00861018	0.0083359	0.00823848	0.00845399	0.00841222	0.00811701	0.00837115	0.00834528	0.00814365	0.00794342	0.00826353	0.0079371	0.00809121	0.00795281	0.00811367
HK7K2DSX3_3	forward	G->G	0.972227	0.953755	0.954224	0.954034	0.95498	0.952961	0.953123	0.953443	0.953037	0.952718	0.953178	0.952574	0.952933	0.952434	0.953165	0.952636	0.953171	0.952983	0.957696	0.9632	0.965676	0.966019	0.966949	0.967491	0.967391	0.968041	0.967961	0.968022	0.968714	0.968104	0.968398	0.968225	0.968269	0.968558	0.968484	0.968526	0.968645	0.968738	0.968682	0.968842	0.969039	0.969004	0.968965	0.96963	0.969491	0.969844	0.969824	0.969794	0.970003	0.970133
HK7K2DSX3_3	forward	G->T	0.00881959	0.0153544	0.0153624	0.0152102	0.014856	0.0152379	0.0151413	0.01547	0.0150019	0.0152164	0.0153481	0.0156136	0.0155563	0.015868	0.0151786	0.0155484	0.0151108	0.0154097	0.0136151	0.0116442	0.0108786	0.0106564	0.0101872	0.0103904	0.0102036	0.0100699	0.0102887	0.0100499	0.00982472	0.0100336	0.00997249	0.0101236	0.0100296	0.009958	0.00986234	0.00990063	0.0100018	0.00997845	0.0100457	0.00977267	0.00962585	0.00972564	0.00977488	0.00941498	0.00977409	0.00956658	0.00938375	0.00955365	0.00959882	0.00925249
HK7K2DSX3_3	forward	T->A	0.00839438	0.0152105	0.015194	0.0152095	0.0151738	0.0155361	0.0151814	0.0151757	0.0149799	0.0151915	0.0150567	0.0150237	0.0148999	0.0152329	0.0152512	0.0150812	0.0151733	0.0154787	0.0137424	0.0110542	0.0104719	0.010357	0.00989643	0.00982849	0.00979497	0.00966289	0.00982263	0.00980422	0.00972701	0.00962877	0.00967023	0.00970223	0.00945964	0.00955251	0.00944075	0.00933905	0.0093059	0.0093392	0.00934923	0.00942114	0.00928735	0.00931023	0.00916924	0.00933738	0.00910561	0.00911954	0.00900307	0.00921481	0.00915204	0.00912612
HK7K2DSX3_3	forward	T->C	0.00980439	0.0147787	0.0143917	0.0147898	0.014677	0.0155012	0.0150673	0.0152963	0.0152094	0.0153554	0.0151734	0.0151058	0.0149917	0.0152854	0.0149735	0.0154617	0.0149792	0.0151305	0.0140318	0.0122766	0.0115165	0.0112122	0.0115378	0.0111642	0.0109374	0.0110922	0.0110536	0.0110971	0.0110832	0.0109015	0.0109013	0.0108056	0.0106689	0.0107801	0.0109147	0.0106443	0.0105937	0.0106161	0.0107579	0.0107124	0.0106423	0.0104504	0.0102973	0.010454	0.0104447	0.0103047	0.0103456	0.010249	0.0104872	0.0102599
HK7K2DSX3_3	forward	T->G	0.00696929	0.0121349	0.012327	0.0121259	0.0124675	0.012677	0.0126826	0.0125282	0.0124965	0.0123185	0.0123953	0.0124007	0.0124776	0.0124908	0.0124598	0.0124703	0.0123824	0.012516	0.0113238	0.00952352	0.00890182	0.00854972	0.00874397	0.00859589	0.0085449	0.00839639	0.00844531	0.00830357	0.00820058	0.00825286	0.00818123	0.00787818	0.00807102	0.0080346	0.00794219	0.00810834	0.00795495	0.00800591	0.00791601	0.00813074	0.00777846	0.00774052	0.00779346	0.00794757	0.00792548	0.00801182	0.00762355	0.00780188	0.00789355	0.00792343
HK7K2DSX3_3	forward	T->T	0.974832	0.957876	0.958087	0.957875	0.957682	0.956286	0.957069	0.957	0.957314	0.957135	0.957375	0.95747	0.957631	0.956991	0.957315	0.956987	0.957465	0.956875	0.960902	0.967146	0.96911	0.969881	0.969822	0.970411	0.970723	0.970848	0.970678	0.970795	0.970989	0.971217	0.971247	0.971614	0.9718	0.971633	0.971702	0.971908	0.972145	0.972039	0.971977	0.971736	0.972292	0.972499	0.97274	0.972261	0.972524	0.972564	0.973028	0.972734	0.972467	0.972691
HK7K2DSX3_3	reverse	A->A	0.624422	0.628371	0.680504	0.715788	0.745233	0.765555	0.788576	0.800802	0.81755	0.828228	0.838955	0.848552	0.856193	0.86205	0.869064	0.873701	0.87885	0.882791	0.904921	0.93305	0.943028	0.948117	0.950013	0.95191	0.953903	0.955711	0.956686	0.957287	0.959491	0.959704	0.960713	0.961079	0.961509	0.962269	0.962673	0.963049	0.96379	0.96412	0.964784	0.96587	0.965739	0.966696	0.966734	0.966947	0.967722	0.967436	0.968373	0.968228	0.967846	0.968645
HK7K2DSX3_3	reverse	A->C	0.11248	0.112026	0.0984853	0.0853267	0.0771689	0.0703071	0.0641631	0.0613529	0.0564772	0.0520382	0.0492106	0.0466947	0.0441946	0.0413406	0.0395216	0.037675	0.0362336	0.0340969	0.0287498	0.0201329	0.0174193	0.0153473	0.0146748	0.0143413	0.0137402	0.0130293	0.0128674	0.0119455	0.0118983	0.0118746	0.0110389	0.0112675	0.0117013	0.0110434	0.0109406	0.0110682	0.0105656	0.0106848	0.00993579	0.0100447	0.00985623	0.00965497	0.00956504	0.00972388	0.00962883	0.00985819	0.00914991	0.00944363	0.00916132	0.00907058
HK7K2DSX3_3	reverse	A->G	0.118652	0.113563	0.0960241	0.0878218	0.0771268	0.0766798	0.0661163	0.0626555	0.0576457	0.0550137	0.051757	0.048281	0.0463934	0.0454395	0.0420526	0.0419003	0.0390001	0.0380986	0.030791	0.0227938	0.0200948	0.018209	0.0183845	0.0164021	0.0163769	0.0156489	0.0158172	0.0158696	0.0146863	0.0146642	0.0146008	0.0143762	0.0140221	0.0142255	0.0137706	0.0135123	0.0133191	0.0134359	0.013642	0.0127981	0.0130863	0.0124662	0.0124643	0.0124785	0.0119143	0.0120972	0.0119942	0.0118128	0.0122852	0.0118778
HK7K2DSX3_3	reverse	A->T	0.144447	0.14604	0.124986	0.111063	0.100471	0.0874579	0.0811442	0.0751897	0.0683275	0.0647205	0.0600774	0.0564721	0.0532185	0.0511698	0.0493616	0.0467239	0.0459164	0.0450132	0.0355384	0.0240235	0.0194583	0.0183266	0.0169281	0.0173465	0.0159794	0.0156112	0.0146293	0.0148974	0.0139245	0.0137575	0.0136478	0.0132778	0.0127671	0.0124619	0.0126162	0.0123707	0.0123257	0.0117593	0.0116383	0.0112869	0.0113181	0.0111832	0.0112365	0.0108505	0.0107348	0.0106088	0.0104828	0.010516	0.0107071	0.0104063
HK7K2DSX3_3	reverse	C->A	0.146099	0.145208	0.127491	0.108848	0.0954786	0.0859282	0.0804464	0.0738349	0.0678439	0.0625838	0.0613229	0.0596067	0.0549254	0.0531379	0.0486867	0.0486708	0.0453648	0.0437475	0.0354072	0.0258147	0.0213724	0.0200763	0.0179851	0.0175538	0.0166339	0.0163329	0.0158807	0.015825	0.0154073	0.015308	0.0145572	0.0141783	0.0142535	0.0136705	0.0141993	0.0135725	0.013463	0.0134718	0.012932	0.0127613	0.0127473	0.0124216	0.0125338	0.0122943	0.0122623	0.0122589	0.0118136	0.0119839	0.0116471	0.0116273
HK7K2DSX3_3	reverse	C->C	0.59452	0.599824	0.650309	0.69282	0.728531	0.749884	0.768587	0.78948	0.801875	0.815149	0.825171	0.831232	0.842178	0.848109	0.857275	0.860802	0.867261	0.872302	0.896176	0.924979	0.935923	0.939179	0.9445	0.946331	0.948871	0.950345	0.951627	0.952322	0.952596	0.95427	0.955828	0.955901	0.956464	0.956873	0.957428	0.958121	0.958563	0.959077	0.959703	0.960826	0.960782	0.961463	0.961311	0.962187	0.962351	0.963503	0.962832	0.962823	0.964276	0.964215
HK7K2DSX3_3	reverse	C->G	0.122573	0.117987	0.0982967	0.0891397	0.0794488	0.0732149	0.0686028	0.0611063	0.0585219	0.0554757	0.0509	0.0485242	0.0464434	0.0443551	0.0425141	0.0405791	0.0387294	0.036883	0.0299125	0.021455	0.018116	0.0174399	0.0160204	0.0153856	0.0142483	0.0139149	0.0134849	0.012838	0.0133312	0.0125394	0.0124724	0.0122366	0.0118935	0.0124695	0.0113555	0.0115447	0.010985	0.0108924	0.011302	0.0105639	0.010604	0.0105838	0.0104718	0.0101554	0.010236	0.00985146	0.0100783	0.0100804	0.00974326	0.00995461
HK7K2DSX3_3	reverse	C->T	0.136809	0.136981	0.123904	0.109193	0.0965415	0.0909728	0.0823642	0.0755791	0.0717593	0.0667918	0.0626058	0.0606375	0.056453	0.054398	0.0515246	0.0499479	0.0486445	0.0470679	0.0385045	0.0277512	0.0245886	0.023305	0.0214943	0.0207294	0.0202471	0.0194069	0.019007	0.0190147	0.0186653	0.0178824	0.0171422	0.0176841	0.0173886	0.016987	0.0170168	0.0167619	0.0169888	0.016559	0.016063	0.0158488	0.015867	0.015532	0.0156839	0.0153638	0.0151511	0.0143865	0.0152764	0.015113	0.0143341	0.0142029
HK7K2DSX3_3	reverse	G->A	0.14837	0.146368	0.126707	0.106317	0.0966231	0.0874191	0.0807663	0.075345	0.0708202	0.0671546	0.0648207	0.0616917	0.0585264	0.0550945	0.0515123	0.0506465	0.0486677	0.0467546	0.0372746	0.0277919	0.0254247	0.0224655	0.021588	0.0206759	0.0196193	0.0196187	0.0188524	0.0179997	0.0188919	0.0180185	0.0172692	0.0174709	0.0172823	0.0166145	0.0166073	0.0167083	0.0162236	0.0160138	0.0158389	0.015814	0.0157171	0.0157202	0.0153469	0.0151015	0.0149346	0.0157715	0.0147261	0.0158067	0.0150443	0.014454
HK7K2DSX3_3	reverse	G->C	0.123944	0.115699	0.104881	0.0892814	0.082419	0.0729808	0.0679506	0.0615545	0.0582438	0.0552018	0.0502401	0.0469439	0.0465267	0.0423082	0.0420695	0.0404563	0.037435	0.0368162	0.0311302	0.0211216	0.0185374	0.0167517	0.0163031	0.0149626	0.0151639	0.0140708	0.0138494	0.0137358	0.0131819	0.0129604	0.0120552	0.0122677	0.0122158	0.0120475	0.0114776	0.0116019	0.0112721	0.0117528	0.0110014	0.0109788	0.0106364	0.0106704	0.0102387	0.0101764	0.0100827	0.0100491	0.00956657	0.0100847	0.00993956	0.0101635
HK7K2DSX3_3	reverse	G->G	0.592693	0.593397	0.648484	0.69864	0.72456	0.752012	0.772422	0.790255	0.803709	0.815459	0.826191	0.835236	0.841903	0.851321	0.858381	0.862362	0.86856	0.872458	0.897296	0.926484	0.936164	0.941742	0.944044	0.947537	0.948021	0.949696	0.951799	0.953321	0.953158	0.954624	0.956017	0.955611	0.95697	0.957684	0.958315	0.958625	0.959532	0.959063	0.960817	0.960612	0.961444	0.961517	0.962178	0.962837	0.962875	0.96259	0.964383	0.962728	0.963625	0.964199
HK7K2DSX3_3	reverse	G->T	0.134994	0.144535	0.119928	0.105762	0.0963976	0.0875882	0.0788608	0.0728452	0.067227	0.0621849	0.058748	0.0561287	0.0530437	0.0512768	0.0480371	0.0465355	0.0453375	0.0439716	0.0342994	0.0246026	0.0198739	0.0190411	0.0180647	0.016825	0.0171962	0.0166143	0.0154993	0.0149434	0.014768	0.0143976	0.0146586	0.0146507	0.0135316	0.0136538	0.0136	0.013065	0.0129726	0.01317	0.0123428	0.0125954	0.0122021	0.0120918	0.0122365	0.0118851	0.0121072	0.0115895	0.0113242	0.0113803	0.0113913	0.0111833
HK7K2DSX3_3	reverse	T->A	0.149535	0.149392	0.126559	0.110137	0.0985686	0.0869117	0.0802323	0.0743425	0.0695054	0.064645	0.0602957	0.0581102	0.0538467	0.0520948	0.050242	0.0480194	0.0461706	0.0440826	0.0344766	0.0243943	0.0202117	0.0180864	0.0177822	0.0167521	0.0157307	0.0151849	0.0155138	0.0145573	0.0144042	0.0144451	0.0136016	0.0135347	0.0132993	0.0129047	0.0127	0.0127101	0.0122626	0.012039	0.012009	0.0121056	0.01178	0.0118334	0.011429	0.011387	0.01138	0.0111234	0.011013	0.0108745	0.0107973	0.0107193
HK7K2DSX3_3	reverse	T->C	0.115751	0.114473	0.0977425	0.0870143	0.0775286	0.0731374	0.0679433	0.0622276	0.0588953	0.0538994	0.0514722	0.0489875	0.0467861	0.045118	0.0427913	0.0402017	0.0395089	0.0381457	0.0310835	0.0228556	0.0196881	0.0184588	0.0176155	0.0163553	0.0159807	0.0163472	0.0155928	0.0152155	0.0147971	0.0144723	0.0148387	0.0137154	0.0140649	0.0134675	0.0130559	0.0138569	0.0132437	0.0130831	0.0129081	0.0129363	0.0126249	0.0122761	0.0125647	0.01207	0.0121191	0.0119278	0.0120645	0.0117887	0.0119058	0.0120647
HK7K2DSX3_3	reverse	T->G	0.122231	0.115479	0.0951067	0.0864569	0.0751324	0.0715945	0.0636531	0.059987	0.0542635	0.0519217	0.0489424	0.0463876	0.0443765	0.0410029	0.0403663	0.0375386	0.0366324	0.0346994	0.028149	0.0196819	0.0175127	0.0160084	0.0143742	0.0144151	0.013576	0.0133629	0.0127365	0.0123965	0.0122587	0.011872	0.0123793	0.0111547	0.0114646	0.0111237	0.0108968	0.0103415	0.0105843	0.0101697	0.0103766	0.0102919	0.0103031	0.0100285	0.00948525	0.00966086	0.00929689	0.0094849	0.00925571	0.00906652	0.00912951	0.00911801
HK7K2DSX3_3	reverse	T->T	0.612483	0.620656	0.680592	0.716391	0.74877	0.768356	0.788171	0.803443	0.817336	0.829534	0.83929	0.846515	0.854991	0.861784	0.8666	0.87424	0.877688	0.883072	0.906291	0.933068	0.942587	0.947446	0.950228	0.952478	0.954713	0.955105	0.956157	0.957831	0.95854	0.959211	0.95918	0.961595	0.961171	0.962504	0.963347	0.963092	0.96391	0.964708	0.964706	0.964666	0.965292	0.965862	0.966521	0.966882	0.967204	0.967464	0.967667	0.96827	0.968167	0.968098
