HK7K2DSX3_3	forward	A->A	1.95367e+06	1.95859e+06	1.97894e+06	1.95478e+06	1.96321e+06	1.95875e+06	1.97592e+06	1.96288e+06	1.98315e+06	1.9788e+06	1.98433e+06	1.98674e+06	1.98653e+06	1.9727e+06	1.98138e+06	1.96914e+06	1.96978e+06	1.97507e+06	1.97759e+06	1.96666e+06	1.97848e+06	1.97503e+06	1.97215e+06	1.97086e+06	1.96818e+06	1.96454e+06	1.96991e+06	1.96176e+06	1.96151e+06	1.9709e+06	1.9677e+06	1.96595e+06	1.97187e+06	1.96589e+06	1.96152e+06	1.96413e+06	1.96219e+06	1.95224e+06	1.96458e+06	1.958e+06	1.95696e+06	1.96142e+06	1.96129e+06	1.95368e+06	1.95934e+06	1.954e+06	1.95329e+06	1.95811e+06	1.95333e+06	1.95264e+06
HK7K2DSX3_3	forward	A->C	10939	19120	18834	18813	19127	20123	19421	19826	20159	19869	19689	20035	19976	20042	19941	19853	20247	20079	18456	16104	15667	15239	14770	14992	14733	14494	14696	14555	14519	14737	14471	14597	14385	14477	14489	14398	14325	14256	14179	14317	14442	14563	14285	13920	14135	14283	14184	14105	14059	14220
HK7K2DSX3_3	forward	A->G	17195	24625	24717	24513	24074	25523	25302	25366	25630	25311	25703	25198	25611	25815	25830	25396	25063	25568	24088	21592	21101	20578	20411	20247	20284	20381	20217	20136	20201	19837	19817	19693	19518	19596	19388	19667	19194	19513	19487	19645	19382	19155	19608	19200	19319	19053	19129	19148	19035	19138
HK7K2DSX3_3	forward	A->T	13599	23302	22956	23242	22769	22972	23114	23139	22733	23037	23456	23534	23065	23308	22936	23203	22889	23050	20979	17961	17082	16866	16790	16219	16052	16316	16656	16256	15923	16044	15986	15886	15967	16009	15625	15804	15822	15720	15363	15496	15374	15495	15613	15227	15143	15252	14872	15029	15061	15010
HK7K2DSX3_3	forward	C->A	11133	20299	20000	19769	19948	20450	20387	19981	20052	20260	20310	20232	20133	20667	20475	20345	20460	20527	19192	16800	15724	15895	15477	15088	15619	15384	15512	15198	14924	14842	15218	15265	15122	14894	15019	14785	15129	14985	14752	14927	14811	14738	14593	14639	14490	14506	14509	14606	14340	14428
HK7K2DSX3_3	forward	C->C	1.65906e+06	1.68796e+06	1.66876e+06	1.68001e+06	1.67067e+06	1.67694e+06	1.66445e+06	1.67069e+06	1.64884e+06	1.65312e+06	1.63709e+06	1.63916e+06	1.63775e+06	1.64769e+06	1.63726e+06	1.65186e+06	1.65276e+06	1.64973e+06	1.64586e+06	1.64594e+06	1.63501e+06	1.63471e+06	1.63285e+06	1.63107e+06	1.63145e+06	1.6386e+06	1.63154e+06	1.63831e+06	1.63701e+06	1.6322e+06	1.63182e+06	1.62923e+06	1.62575e+06	1.6272e+06	1.62975e+06	1.63026e+06	1.63333e+06	1.63677e+06	1.62945e+06	1.63475e+06	1.63353e+06	1.62904e+06	1.62623e+06	1.62884e+06	1.62387e+06	1.62961e+06	1.62856e+06	1.6248e+06	1.63054e+06	1.62698e+06
HK7K2DSX3_3	forward	C->G	10653	16820	17382	16882	17271	17570	17322	17287	17147	17422	17314	17440	17376	17990	17526	17455	17596	17427	15777	13886	13349	12777	13055	12922	12721	12724	12930	12721	12219	12515	12393	12196	12310	12489	12043	12254	11936	12193	12059	11970	12159	12014	11805	11907	11972	11910	11889	11791	11829	11750
HK7K2DSX3_3	forward	C->T	16688	25053	24675	24625	24443	25272	25424	25381	25012	25445	25540	25157	25197	25408	25366	25072	25520	25436	23565	21662	20698	20228	20218	19850	19842	19840	19857	19735	19620	19390	19461	19431	19315	19442	19406	19398	19530	19229	19261	18891	19257	18989	18994	19193	18875	18800	18809	18802	18603	18606
HK7K2DSX3_3	forward	G->A	16730	24542	24273	24206	24442	25188	25101	24964	25274	24900	25304	25262	25302	25317	25391	25454	25353	25086	23701	21347	20430	20625	20115	19896	20095	20103	19586	19726	19550	19502	19909	19698	19319	19383	19419	19461	19300	19236	19299	19285	19455	18927	18902	18892	18813	18881	18762	18691	18483	18569
HK7K2DSX3_3	forward	G->C	9794	17097	16762	17133	16797	17991	17498	17426	17597	17364	17405	17299	17343	17906	17504	17274	17714	17513	15915	14229	13427	13071	12835	12845	12664	12618	12782	12729	12517	12398	12343	12454	12287	12273	12166	12090	12235	12338	12135	12116	12224	11912	11952	11978	12079	11682	12126	11886	11749	11625
HK7K2DSX3_3	forward	G->G	1.63108e+06	1.65349e+06	1.6535e+06	1.65092e+06	1.6661e+06	1.6497e+06	1.64273e+06	1.64382e+06	1.63459e+06	1.62222e+06	1.63298e+06	1.62333e+06	1.6254e+06	1.63606e+06	1.63614e+06	1.63687e+06	1.64403e+06	1.6343e+06	1.63093e+06	1.63307e+06	1.62219e+06	1.6191e+06	1.63237e+06	1.62569e+06	1.62494e+06	1.63348e+06	1.62723e+06	1.62768e+06	1.63284e+06	1.62296e+06	1.62348e+06	1.6305e+06	1.62384e+06	1.62373e+06	1.6346e+06	1.62742e+06	1.62585e+06	1.6354e+06	1.62362e+06	1.62374e+06	1.6266e+06	1.6198e+06	1.62353e+06	1.63e+06	1.62176e+06	1.62436e+06	1.62802e+06	1.62209e+06	1.62043e+06	1.62736e+06
HK7K2DSX3_3	forward	G->T	11633	20073	19831	19285	19840	20274	19786	19596	19675	19929	20160	19894	20114	20157	20277	19844	20129	19935	18139	16205	15106	15086	14567	14784	14657	14533	14488	14489	14414	14632	14543	14526	14872	14485	14311	14476	14239	14334	14448	14257	13961	14410	14021	13795	13963	13977	13934	14329	13928	13554
HK7K2DSX3_3	forward	T->A	13588	23805	23548	23519	23674	24476	23969	23694	23905	23752	23827	24152	23868	24251	24355	23813	24057	24139	21862	18831	18066	17967	17203	17455	17544	17135	17529	17378	17071	17105	16766	16590	17017	16771	16477	16880	16832	16585	16282	17018	16564	16593	16479	16375	16612	16407	16359	16242	16164	15840
HK7K2DSX3_3	forward	T->C	16795	24857	24064	24088	24381	25757	25533	25291	25446	25607	25775	25551	25478	25263	25518	25824	25449	25499	23551	21755	21191	20556	20216	20308	20174	19875	20042	20114	19994	19855	19942	19933	19519	19505	19435	19511	19517	19391	19255	19284	19320	19484	19124	19071	18950	18804	19086	19006	19138	18564
HK7K2DSX3_3	forward	T->G	11335	19384	19584	19454	19563	20125	19806	20000	19879	20066	20052	20029	20409	19844	20259	20663	20299	20557	18926	16582	15899	15619	15546	15303	15335	15117	15199	15212	14732	14881	14529	14432	14474	14317	14326	14672	14216	14476	15016	14794	14432	14550	14633	14593	14675	14984	14479	14277	14250	14449
HK7K2DSX3_3	forward	T->T	1.94379e+06	1.93992e+06	1.94124e+06	1.9566e+06	1.94118e+06	1.94579e+06	1.95078e+06	1.9568e+06	1.96649e+06	1.9779e+06	1.97564e+06	1.981e+06	1.98012e+06	1.97083e+06	1.9725e+06	1.97023e+06	1.96048e+06	1.9675e+06	1.96249e+06	1.95829e+06	1.96434e+06	1.96851e+06	1.95939e+06	1.9677e+06	1.96847e+06	1.95566e+06	1.96104e+06	1.9618e+06	1.95945e+06	1.96341e+06	1.96563e+06	1.96225e+06	1.96587e+06	1.96861e+06	1.95885e+06	1.95925e+06	1.95852e+06	1.95333e+06	1.95864e+06	1.95717e+06	1.95497e+06	1.96005e+06	1.95782e+06	1.95534e+06	1.96022e+06	1.95517e+06	1.9513e+06	1.95384e+06	1.95294e+06	1.94843e+06
HK7K2DSX3_3	reverse	A->A	20735	36102	46127	56060	65804	75157	85339	95848	106096	116899	127481	137236	147730	157104	167488	176577	186225	196425	204239	211076	219893	230396	238778	249408	259019	267516	278361	287897	298561	309327	319193	328206	337461	349032	357760	366481	375935	384819	396816	405342	415256	426131	435269	444182	454213	463230	471655	482197	491613	500468
HK7K2DSX3_3	reverse	A->C	4099	6897	7308	7275	7413	7659	7641	7722	7793	7807	7873	7848	8273	8003	8090	8190	8278	8322	6753	4686	4019	3784	3510	3602	3583	3410	3581	3705	3687	3786	3729	3738	3821	3887	3795	3934	3891	3965	4102	4117	3972	4211	4335	4196	4242	4313	4386	4490	4480	4451
HK7K2DSX3_3	reverse	A->G	4222	7147	7046	7398	7708	7941	8080	8120	8318	8562	8431	8499	8548	8481	8599	8944	8652	8794	7055	5250	4678	4472	4249	4368	4363	4339	4355	4698	4454	4622	4654	4823	4769	4910	4827	4984	5169	5094	5292	5286	5320	5309	5352	5437	5724	5637	5894	5857	5887	5873
HK7K2DSX3_3	reverse	A->T	4981	8964	8926	9221	9364	9413	9671	9450	9554	9474	9675	9801	9748	9560	9906	10083	10287	10115	8078	5266	4519	4347	3999	3917	4037	4013	4036	4118	4021	4017	4162	4150	4246	4259	4355	4360	4335	4428	4390	4482	4613	4663	4603	4575	4780	4780	4761	4848	5079	5071
HK7K2DSX3_3	reverse	C->A	4372	7495	7404	7535	7631	7607	7518	7595	7707	8013	7957	8029	8141	8169	8191	8337	8487	8427	6635	4671	4008	3770	3720	3623	3501	3724	3424	3745	3690	3754	3686	3801	3915	3840	3967	4058	4027	4148	4103	4214	4186	4084	4311	4296	4402	4586	4525	4529	4520	4589
HK7K2DSX3_3	reverse	C->C	16980	29407	38035	46168	55424	62633	72157	80271	88008	96353	105024	113252	121758	129838	138822	147388	156206	164579	170172	176084	182958	189979	199880	207323	215701	224779	232434	240461	249453	255791	264571	272965	279679	288179	298039	305462	313218	322238	328230	337198	345438	352087	359781	369541	375838	385157	393186	399900	407704	417334
HK7K2DSX3_3	reverse	C->G	3790	6284	6450	6664	6354	6995	6867	6938	6953	6948	7100	7163	7145	7290	7234	7371	7576	7443	5991	4113	3633	3185	3194	3209	3228	3182	3141	3152	3264	3184	3436	3341	3304	3442	3325	3447	3398	3402	3481	3616	3651	3682	3661	3704	3725	3722	3887	3901	3841	3887
HK7K2DSX3_3	reverse	C->T	4118	7193	7414	7427	7829	7774	7702	8050	8062	8035	8382	8244	8506	8671	8798	8664	8848	9013	7344	5195	4587	4551	4259	4445	4355	4359	4335	4401	4339	4483	4563	4751	4639	4628	4851	5002	4986	5105	5083	5142	5185	5218	5335	5420	5474	5623	5618	5736	5715	5801
HK7K2DSX3_3	reverse	G->A	4203	7541	7735	7567	7823	7767	8109	8098	8103	8210	8412	8376	8303	8614	8613	8700	8979	8960	7251	5279	4603	4359	4346	4258	4319	4364	4420	4453	4623	4571	4503	4512	4579	4738	4850	4966	5077	4994	5248	5252	5263	5347	5444	5612	5496	5610	5588	5645	5950	5854
HK7K2DSX3_3	reverse	G->C	3792	6140	6671	6497	6638	6682	6753	6899	6952	7102	7062	7092	7182	7367	7303	7402	7233	7392	6016	4192	3645	3341	3267	3331	3106	3238	3300	3127	3186	3370	3309	3233	3487	3429	3410	3623	3517	3494	3585	3633	3579	3694	3704	3786	3758	3805	3883	3939	3764	4104
HK7K2DSX3_3	reverse	G->G	16677	29205	37479	46999	54897	64364	71844	81300	88807	97388	104861	114052	122472	132161	139044	148419	156710	165664	171629	177867	185332	192017	201090	208931	216721	225842	232611	242960	249794	257026	265932	273708	281930	290172	297857	306859	315266	324056	331274	339865	347722	353986	362962	370645	378574	386983	394249	402110	411509	418363
HK7K2DSX3_3	reverse	G->T	3967	7106	7365	7406	7437	7602	7665	7771	7600	7851	7804	7855	7746	7998	8190	8183	8455	8286	6690	4534	3850	3708	3559	3496	3469	3557	3571	3643	3665	3707	3666	3779	3863	3823	3970	3870	3899	4220	3961	4072	4071	4173	4293	4153	4158	4179	4181	4343	4385	4314
HK7K2DSX3_3	reverse	T->A	5201	9017	9057	9476	9283	9112	9444	9524	9555	9586	9906	9858	9899	10019	10140	10183	10047	10247	8081	5566	4617	4536	4194	4121	4198	4281	4129	4132	4178	4301	4330	4325	4493	4488	4490	4523	4650	4645	4674	4690	4635	4830	4944	4985	4935	4853	5075	5139	5141	5214
HK7K2DSX3_3	reverse	T->C	4121	7095	7249	7480	7646	7885	7718	8157	8384	8216	8444	8327	8648	8665	8989	8679	8582	8876	7582	5250	4652	4368	4361	4361	4404	4317	4393	4496	4538	4577	4591	4720	4775	4777	4794	5107	5069	5109	5213	5197	5324	5310	5506	5491	5541	5531	5691	5653	5815	5882
HK7K2DSX3_3	reverse	T->G	4189	7001	7083	7188	7307	7615	7924	7679	7892	7802	7793	7941	8062	8096	8063	8115	8274	8252	6664	4481	4004	3767	3672	3621	3477	3504	3586	3731	3623	3766	3801	3833	3938	3855	3905	3819	3881	3885	4114	4136	4207	4097	4097	4213	4193	4387	4317	4410	4497	4585
HK7K2DSX3_3	reverse	T->T	20013	35342	45809	55595	65770	76053	85615	95018	106482	116220	126644	137775	147038	157221	167355	177066	187078	196369	205962	211205	220660	231494	240447	249853	260079	269183	280310	288052	297735	308902	317475	328086	339262	347262	356944	366489	376984	385637	395294	404395	413748	425123	433601	442788	453393	461595	472394	481792	489917	499517
