HK7K2DSX3_3	forward	A->A	2.04124e+06	2.05418e+06	2.074e+06	2.04942e+06	2.04915e+06	2.05204e+06	2.0676e+06	2.05364e+06	2.07529e+06	2.06551e+06	2.06814e+06	2.0713e+06	2.07064e+06	2.05838e+06	2.06696e+06	2.0599e+06	2.05408e+06	2.06315e+06	2.06191e+06	2.05107e+06	2.06636e+06	2.05895e+06	2.05554e+06	2.05855e+06	2.05484e+06	2.04904e+06	2.05327e+06	2.05136e+06	2.04712e+06	2.05383e+06	2.05432e+06	2.0527e+06	2.05739e+06	2.0533e+06	2.049e+06	2.05186e+06	2.04941e+06	2.04288e+06	2.05219e+06	2.04884e+06	2.04263e+06	2.0508e+06	2.04736e+06	2.04107e+06	2.05016e+06	2.04346e+06	2.03951e+06	2.04476e+06	2.04052e+06	2.04056e+06
HK7K2DSX3_3	forward	A->C	12206	21462	21488	21673	21984	22818	22572	22724	22710	22217	22580	22639	22772	22599	22722	22985	22446	22984	20354	17823	16857	16431	16254	16363	16258	15940	16304	16388	15981	16038	16172	15957	15669	15836	15603	15665	15891	15659	15651	15379	15188	15548	15511	15293	15458	15376	15174	15421	15399	15229
HK7K2DSX3_3	forward	A->G	18558	27291	27786	26836	27357	28835	28114	28025	28602	28423	28513	28361	28674	28659	28148	28473	28623	28736	26624	23688	22843	22476	22351	22102	22352	22059	21856	21770	21764	21440	21437	21672	21401	21022	21092	21241	21020	21294	20994	21075	20945	21017	21060	20776	21021	20884	20718	20679	20580	20880
HK7K2DSX3_3	forward	A->T	16408	28497	27901	27927	27057	27848	27862	27663	27935	27494	28295	28106	27894	28170	27357	28082	28187	27665	24846	21282	20005	19971	19472	19553	19051	18648	18959	19123	18773	18795	18747	18712	18818	18629	18527	18348	18171	18151	18453	18164	17953	17820	18103	17877	17620	17951	17514	17680	17885	17622
HK7K2DSX3_3	forward	C->A	13503	23761	23294	23135	23546	24246	24105	23544	23557	24130	23749	23726	24172	23913	24140	23794	23945	24036	22199	19270	18057	18015	18108	17533	17867	17880	17882	17550	17277	17572	17659	17347	17463	17139	17391	16865	17597	17335	16829	17221	17008	17240	16936	16734	16911	17022	16936	16821	16549	16564
HK7K2DSX3_3	forward	C->C	1.65596e+06	1.68465e+06	1.67028e+06	1.67551e+06	1.673e+06	1.67434e+06	1.6663e+06	1.67122e+06	1.64997e+06	1.65336e+06	1.64503e+06	1.64101e+06	1.63836e+06	1.64748e+06	1.64181e+06	1.65158e+06	1.65591e+06	1.64826e+06	1.64429e+06	1.64592e+06	1.63256e+06	1.63597e+06	1.63449e+06	1.63103e+06	1.63079e+06	1.63484e+06	1.63267e+06	1.63495e+06	1.6338e+06	1.62948e+06	1.62954e+06	1.6265e+06	1.62108e+06	1.62813e+06	1.6273e+06	1.62573e+06	1.62799e+06	1.63276e+06	1.62483e+06	1.62727e+06	1.62964e+06	1.62144e+06	1.62281e+06	1.6233e+06	1.61538e+06	1.62162e+06	1.62491e+06	1.61945e+06	1.62606e+06	1.6207e+06
HK7K2DSX3_3	forward	C->G	11105	18902	19051	18881	19064	18943	18868	19217	18784	19115	18978	19159	19007	19113	18824	18841	19134	19193	17446	15062	14364	13900	13733	13622	13619	13349	13695	13260	13181	13279	12946	12870	13029	12814	12637	12950	12816	12994	12791	12736	12492	12577	12378	12489	12345	12748	12351	12502	12479	12260
HK7K2DSX3_3	forward	C->T	18961	28610	27614	27545	27553	28661	28303	28963	28296	28321	28707	28622	28675	28955	28658	28444	28743	28626	26390	23763	22984	22242	22382	21737	21872	22124	21747	21537	21751	21435	21316	21503	21229	21440	21265	21106	20965	21346	20988	20859	20880	21002	20659	20819	20669	20869	20520	20620	20249	20200
HK7K2DSX3_3	forward	G->A	18492	27815	27731	27652	27626	28769	28465	28045	28248	28114	28111	28418	28275	28483	28240	28285	28339	28759	26510	23570	22574	22197	21910	21699	21806	21565	21241	21373	21234	21671	21225	21500	21461	21221	20977	21251	20941	21019	20943	21021	20883	20818	20765	20441	20547	20260	20225	20242	20164	20147
HK7K2DSX3_3	forward	G->C	10408	18610	18469	18581	18186	19574	18736	19425	19239	19375	19241	19199	19146	19655	19437	19289	19222	19106	17250	15095	14407	13898	13756	13523	13519	13343	13399	13315	13324	13142	13060	13136	13198	12897	12871	13219	12613	12824	12674	12702	12859	12777	12776	12819	12746	12527	12580	12444	12402	12483
HK7K2DSX3_3	forward	G->G	1.62637e+06	1.65289e+06	1.65148e+06	1.65493e+06	1.67361e+06	1.65757e+06	1.64514e+06	1.64165e+06	1.63234e+06	1.62302e+06	1.63072e+06	1.62268e+06	1.62776e+06	1.63688e+06	1.63514e+06	1.6359e+06	1.64549e+06	1.63461e+06	1.63125e+06	1.63281e+06	1.62088e+06	1.61921e+06	1.63093e+06	1.62425e+06	1.62468e+06	1.63445e+06	1.62505e+06	1.62321e+06	1.63062e+06	1.62151e+06	1.62061e+06	1.6253e+06	1.62077e+06	1.61934e+06	1.62933e+06	1.6233e+06	1.62211e+06	1.62992e+06	1.6205e+06	1.62011e+06	1.625e+06	1.61842e+06	1.61787e+06	1.62444e+06	1.61818e+06	1.61696e+06	1.62299e+06	1.61551e+06	1.61179e+06	1.62009e+06
HK7K2DSX3_3	forward	G->T	13903	23430	23159	23245	23323	23588	23825	23385	23693	23804	23430	23442	23691	23989	23737	23357	23405	23409	21244	18747	17847	17298	17085	17055	17001	17101	16962	17039	16877	17049	16560	16635	17209	16716	16767	16559	16364	16553	16643	16406	16050	16597	16267	16107	16503	16131	16230	15859	16066	15798
HK7K2DSX3_3	forward	T->A	15929	28436	28464	27989	27856	29339	28506	28105	28112	28258	28509	28467	28129	28813	28805	28429	28636	29048	26214	22353	20897	20725	20325	20217	20309	19844	20326	20089	19663	19556	19435	19472	19525	19583	19273	19559	19520	19118	19055	19296	19130	19091	18951	18805	18879	19005	18656	18746	18702	18073
HK7K2DSX3_3	forward	T->C	18499	27682	27009	27073	27100	28535	28402	28238	28426	28597	28889	28220	28548	28788	28936	28935	28806	28604	26775	24162	22971	22454	22244	21850	21853	21657	21611	21946	21747	21718	21641	21464	21166	21455	21291	21319	21121	20784	21189	21123	21105	20974	20663	20552	20700	20640	20634	20585	20206	20526
HK7K2DSX3_3	forward	T->G	12661	22071	21971	21913	21998	22892	22621	22596	22707	22641	22315	23122	22751	23236	23100	23377	23372	23516	21513	18317	17444	17284	16761	16982	16788	16707	16602	16598	16488	16150	15807	16117	16030	15882	15749	16108	15871	15856	16006	16190	15702	15847	15900	15903	15902	15961	15650	15702	15343	15816
HK7K2DSX3_3	forward	T->T	2.03147e+06	2.02435e+06	2.02313e+06	2.03924e+06	2.02273e+06	2.02245e+06	2.03051e+06	2.04299e+06	2.05089e+06	2.06584e+06	2.06249e+06	2.07067e+06	2.0683e+06	2.05911e+06	2.05954e+06	2.05555e+06	2.04659e+06	2.05467e+06	2.05168e+06	2.04385e+06	2.04978e+06	2.05261e+06	2.04332e+06	2.04927e+06	2.05014e+06	2.04199e+06	2.04693e+06	2.0473e+06	2.04571e+06	2.05108e+06	2.05167e+06	2.04952e+06	2.05353e+06	2.0512e+06	2.04498e+06	2.04642e+06	2.04639e+06	2.03774e+06	2.04414e+06	2.04283e+06	2.04133e+06	2.04414e+06	2.04541e+06	2.04347e+06	2.04516e+06	2.04403e+06	2.03845e+06	2.04318e+06	2.04284e+06	2.03717e+06
HK7K2DSX3_3	reverse	A->A	26907	45983	59023	72096	84739	95360	108088	121737	134707	147936	160860	174424	186051	198771	210615	222638	233664	247245	256902	264017	276157	287979	298972	311033	322803	334323	347184	358268	370503	383802	396275	406861	420764	431582	442110	454110	466669	476225	489742	500185	511340	522980	535292	547545	558427	569662	578812	591830	603648	612728
HK7K2DSX3_3	reverse	A->C	5103	8697	9015	9093	9398	9518	9613	9710	9907	9599	9649	10175	10126	10345	10186	10641	10284	10533	8607	5808	5150	4841	4600	4702	4516	4782	4609	4782	4742	4785	4628	4761	4933	4892	5017	5029	5164	5008	5161	5222	5146	5214	5121	5261	5440	5395	5490	5528	5642	5515
HK7K2DSX3_3	reverse	A->G	5556	9003	8900	9430	9188	9832	9983	10120	10240	10547	10651	10485	10804	10879	11136	11174	11191	11316	9027	6668	5948	5688	5727	5472	5501	5515	5529	5913	5802	5880	5989	5902	6184	6279	6230	6312	6376	6454	6594	6659	6788	6872	6722	6918	6982	7097	7244	7255	7330	7297
HK7K2DSX3_3	reverse	A->T	6462	11538	12055	12022	11985	12058	12249	12532	12461	12353	12670	12567	12764	12722	12923	13292	13180	13382	10751	7268	6106	5846	5401	5576	5443	5488	5509	5489	5482	5416	5590	5720	5662	5774	5777	5850	5888	6031	5911	5910	6117	6024	6121	6132	6272	6460	6417	6354	6564	6481
HK7K2DSX3_3	reverse	C->A	5632	9191	9368	9456	9520	9381	9879	9713	9964	10024	10040	10137	10449	10299	10447	10376	10518	10550	8523	6041	5179	4976	4749	4813	4864	4860	4853	4946	5050	5019	5054	5089	5075	5177	5366	5352	5297	5306	5484	5441	5412	5509	5716	5794	5801	5768	5912	5898	6024	6075
HK7K2DSX3_3	reverse	C->C	21119	36195	47303	57625	68387	78118	88380	99175	108496	117298	127726	137536	149089	158699	169982	178942	191059	199501	207830	214956	223312	231482	241738	251062	261699	272293	280714	289994	300404	308670	318068	329100	336941	346386	357120	366572	375284	386389	394077	402944	412772	422629	429368	440475	448009	456061	466871	474391	482802	493736
HK7K2DSX3_3	reverse	C->G	4628	7694	7751	7834	7874	8384	8256	8528	8473	8588	8655	8785	8706	8791	8922	9320	9159	9201	7282	5164	4472	4291	4039	3985	3918	3969	3949	4014	4049	4062	4185	4191	4485	4332	4254	4354	4228	4389	4416	4438	4357	4615	4405	4672	4654	4637	4667	4711	4823	4984
HK7K2DSX3_3	reverse	C->T	5070	9262	9347	9561	9616	10042	10229	10299	10050	10225	10317	10430	10628	10844	10821	10882	11303	11318	9460	6676	5783	5613	5515	5364	5598	5523	5405	5646	5695	5865	5850	6069	6080	6039	6254	6364	6412	6291	6442	6469	6618	6829	6848	6770	6761	7131	7267	7096	7211	7400
HK7K2DSX3_3	reverse	G->A	5648	9485	9451	9375	9888	10017	9975	10527	10225	10389	10801	10808	10894	11231	10913	11077	11180	11165	9155	6788	5933	5643	5581	5361	5448	5684	5697	5709	5891	5874	5809	6030	6032	6020	6202	6380	6282	6597	6459	6676	6711	6692	7024	7054	6876	7070	7209	7343	7336	7229
HK7K2DSX3_3	reverse	G->C	4549	7502	8057	8249	8236	8186	8215	8345	8465	8616	8791	8746	8781	8664	8715	8910	8979	9069	7372	5108	4478	4194	4116	4178	4115	3999	4153	3954	3959	4188	4126	4168	4375	4345	4250	4451	4374	4444	4340	4565	4434	4569	4455	4658	4804	4673	4607	4749	4757	4995
HK7K2DSX3_3	reverse	G->G	21142	36628	46331	57635	67773	79492	88926	99818	109078	120565	129310	139556	149375	160400	170900	181711	191627	201524	209293	216603	223416	234089	244058	253313	262301	272892	282113	292932	302684	310607	319977	329425	338447	350125	358875	367935	377357	388089	396341	405512	416185	422485	432934	441463	449119	460720	471143	477265	488583	496241
HK7K2DSX3_3	reverse	G->T	5140	8969	9133	9192	9530	9628	9723	9688	9478	9964	10111	10022	10496	10044	10229	10354	10517	10564	8657	5945	5096	4844	4858	4605	4688	4750	4738	4749	4826	4866	5067	5020	4898	5011	5174	5116	5284	5527	5195	5373	5676	5444	5626	5493	5609	5614	5607	5735	5676	5770
HK7K2DSX3_3	reverse	T->A	6941	11984	12024	12232	12209	12111	12461	12375	12686	12405	12827	12725	12957	13099	13057	13281	13371	13467	10599	7190	6168	5928	5675	5715	5513	5473	5566	5552	5654	5729	5826	5965	5881	5827	6026	5919	6014	6000	6297	6259	6196	6270	6500	6535	6318	6456	6392	6677	6821	6801
HK7K2DSX3_3	reverse	T->C	5084	8984	9362	9277	9702	10072	9952	9961	10615	10550	10552	10664	10901	11275	10677	10914	11051	11521	9333	6688	5918	5601	5602	5555	5699	5545	5807	5776	5808	5956	5846	5981	6042	6080	6144	6341	6405	6410	6497	6455	6625	6743	6928	6939	7120	7137	7167	7310	7237	7454
HK7K2DSX3_3	reverse	T->G	5392	8842	9206	9123	9320	9712	9974	9775	9821	9731	9934	10026	9952	10163	10379	10551	10500	10556	8216	5795	5220	4913	4595	4713	4593	4542	4653	4836	4766	4970	4997	4786	4994	4957	5004	4967	4925	5073	5081	5335	5275	5260	5279	5406	5425	5505	5329	5531	5608	5648
HK7K2DSX3_3	reverse	T->T	26593	46445	59668	71848	83839	96637	110098	121082	135339	147578	160610	173265	185020	197040	209812	222076	235028	247459	257591	264864	277709	288811	300618	312834	324557	335021	348025	360079	370803	384187	396365	407766	419671	430858	442874	454850	466621	476365	488701	501230	510874	524218	535829	544465	559277	568555	578884	592206	600510	612760
