HK7K2DSX3_3	forward	A->A	1.67628e+06	1.67556e+06	1.69204e+06	1.67537e+06	1.67886e+06	1.67933e+06	1.694e+06	1.68306e+06	1.70451e+06	1.69328e+06	1.69758e+06	1.69879e+06	1.70091e+06	1.68646e+06	1.69666e+06	1.68761e+06	1.68631e+06	1.69472e+06	1.69431e+06	1.68686e+06	1.69413e+06	1.69132e+06	1.68915e+06	1.68876e+06	1.68605e+06	1.68058e+06	1.68723e+06	1.68296e+06	1.68024e+06	1.68767e+06	1.68838e+06	1.68424e+06	1.69086e+06	1.68554e+06	1.68087e+06	1.68438e+06	1.68201e+06	1.67657e+06	1.6843e+06	1.68025e+06	1.67958e+06	1.68188e+06	1.68424e+06	1.6785e+06	1.6809e+06	1.6763e+06	1.67468e+06	1.67774e+06	1.67581e+06	1.67253e+06
HK7K2DSX3_3	forward	A->C	9224	15893	15625	15608	15395	16444	16374	16261	16600	16372	16330	16566	16561	16630	16741	16967	16756	16398	15284	14001	13462	13269	12990	13052	12762	13025	13022	13204	12838	13023	13182	12870	12682	12836	12618	12966	12806	12424	13033	12798	12827	12539	12577	12611	12695	12789	12269	12841	12540	12702
HK7K2DSX3_3	forward	A->G	14639	20340	20565	19894	20302	21266	21382	20496	21354	20915	21361	20990	21414	21481	21518	21626	21583	21239	20176	18648	17931	17835	17819	17697	17915	17917	17558	17409	17445	17510	17384	17046	17430	17056	16834	17178	17211	17301	16863	16993	16943	16605	17190	16848	16685	16888	16977	16552	16480	17253
HK7K2DSX3_3	forward	A->T	11666	19773	19431	18974	18822	19470	19580	19057	19109	18968	19592	18893	18865	19354	19068	19216	19281	19343	17437	15738	14850	14683	14863	14439	14548	14317	14417	14547	14466	14365	14310	14282	14126	14145	14232	13897	14146	14096	14090	14441	13806	13608	13803	13691	13899	13843	13604	13681	13591	13433
HK7K2DSX3_3	forward	C->A	9471	16777	16756	16551	16675	17525	17306	16806	17137	17097	17074	17146	17255	17250	17250	17364	17405	17311	16357	14842	14154	14322	13986	13949	14215	13693	13830	14005	13551	13612	13820	13560	13572	13616	13945	13453	13675	13654	13902	13634	13491	13553	13549	13205	13531	13169	13408	13284	13107	13237
HK7K2DSX3_3	forward	C->C	1.4003e+06	1.42182e+06	1.4104e+06	1.41831e+06	1.41194e+06	1.41349e+06	1.40521e+06	1.41275e+06	1.39359e+06	1.39665e+06	1.38574e+06	1.38552e+06	1.38126e+06	1.39062e+06	1.38501e+06	1.39253e+06	1.3935e+06	1.38971e+06	1.38796e+06	1.38752e+06	1.38093e+06	1.37984e+06	1.3762e+06	1.37558e+06	1.3773e+06	1.38229e+06	1.37862e+06	1.38314e+06	1.38118e+06	1.37704e+06	1.3752e+06	1.37557e+06	1.3691e+06	1.37487e+06	1.3788e+06	1.37477e+06	1.3779e+06	1.3799e+06	1.37489e+06	1.37815e+06	1.37748e+06	1.37472e+06	1.37327e+06	1.37443e+06	1.36928e+06	1.37459e+06	1.37526e+06	1.37008e+06	1.3747e+06	1.37471e+06
HK7K2DSX3_3	forward	C->G	8852	13736	14378	13354	14035	14090	14033	14038	13956	14199	13965	13962	14058	14275	13991	13923	14031	13922	13652	11485	11339	10843	11045	11329	10820	11102	10941	10933	10863	11115	10434	10664	10729	10649	10189	10734	10292	10497	10575	10414	10341	10570	10278	10247	10453	10210	10122	10283	10515	10259
HK7K2DSX3_3	forward	C->T	14226	21060	20766	20273	20587	21180	21012	21017	20989	21413	21616	21039	21305	21275	21079	21182	21635	21213	19806	18509	18043	17822	17550	17360	17246	17500	17242	17305	17278	17250	17083	16908	17081	16893	16719	16943	16888	16600	16972	16882	16572	16896	16777	16748	16760	16896	16789	16786	16554	16295
HK7K2DSX3_3	forward	G->A	14009	20114	20419	20170	20250	21185	21082	20732	20641	20786	20814	20957	20997	21004	20854	20897	21022	21173	19842	18696	17735	17709	17810	17506	17495	17388	17185	17083	17208	17226	16944	17492	16999	16780	17351	17072	17034	17169	16456	16881	16788	16590	16882	16770	16501	16494	16158	16122	16401	16344
HK7K2DSX3_3	forward	G->C	7890	13820	13285	13895	13805	14574	13704	14187	13915	14140	13921	14241	14419	14211	14734	13994	14421	14416	13083	12001	11466	11320	11110	11227	11198	10696	11279	10927	10868	10522	10781	10828	10502	10852	10763	10642	10528	10678	10504	10466	10507	10558	10424	10413	10357	10750	10687	10238	10159	10626
HK7K2DSX3_3	forward	G->G	1.3746e+06	1.39254e+06	1.39447e+06	1.3924e+06	1.40902e+06	1.3952e+06	1.3897e+06	1.38452e+06	1.37568e+06	1.36999e+06	1.37618e+06	1.36793e+06	1.372e+06	1.38032e+06	1.37696e+06	1.37856e+06	1.38578e+06	1.37604e+06	1.37358e+06	1.37505e+06	1.36911e+06	1.36642e+06	1.37662e+06	1.37541e+06	1.37532e+06	1.37912e+06	1.37162e+06	1.37318e+06	1.37731e+06	1.37087e+06	1.36927e+06	1.37383e+06	1.36858e+06	1.36877e+06	1.37679e+06	1.37278e+06	1.37168e+06	1.3785e+06	1.37103e+06	1.36927e+06	1.3719e+06	1.36807e+06	1.36616e+06	1.37233e+06	1.37087e+06	1.36792e+06	1.37331e+06	1.36911e+06	1.36741e+06	1.36941e+06
HK7K2DSX3_3	forward	G->T	10087	16916	16517	16598	16507	17138	16569	17210	17004	16651	16869	17320	16934	17187	16833	16935	16869	16655	15582	14439	14007	13645	13434	13428	13493	13267	13208	13316	13221	13108	13007	12997	13495	13216	13134	12933	12832	12945	13407	13037	13017	13222	12900	12853	12627	12794	12812	13119	12950	12356
HK7K2DSX3_3	forward	T->A	11348	19736	19528	19321	19268	20561	19324	19527	19882	20000	19634	19990	19719	20233	20206	19629	19930	20421	18834	16755	15901	15717	15894	15463	15520	15311	15544	15458	15284	15344	15215	15051	14896	15345	14957	15171	15096	14818	14714	15011	14989	15269	14770	14290	14791	14848	14579	14568	14573	14718
HK7K2DSX3_3	forward	T->C	14079	20348	19921	20436	20045	21244	21264	21057	20838	21428	21242	21229	21204	21175	21306	21319	20976	21584	20297	18503	17803	18033	17558	17560	17522	17514	17428	17708	17205	17310	17519	17289	17253	17278	17085	17302	16958	16753	17160	16816	16905	16711	16855	16707	16757	16990	16834	16914	16526	16390
HK7K2DSX3_3	forward	T->G	9281	15910	15890	15903	16467	16543	16566	16363	16593	16873	16538	16773	16678	16713	16802	16879	16923	16891	15879	14028	14086	13883	13629	13627	13576	13193	13599	13299	13072	13097	12748	13023	12772	12816	12888	13163	12793	12894	13066	13131	13223	13179	12973	12960	13050	13104	12737	12976	12855	13110
HK7K2DSX3_3	forward	T->T	1.66381e+06	1.66873e+06	1.66323e+06	1.67504e+06	1.65978e+06	1.6621e+06	1.66382e+06	1.67348e+06	1.67824e+06	1.6908e+06	1.69068e+06	1.69734e+06	1.69458e+06	1.6896e+06	1.68815e+06	1.68828e+06	1.68005e+06	1.68509e+06	1.68318e+06	1.68064e+06	1.68391e+06	1.68805e+06	1.68242e+06	1.68357e+06	1.68303e+06	1.68009e+06	1.68264e+06	1.6797e+06	1.68113e+06	1.68308e+06	1.68554e+06	1.68417e+06	1.6887e+06	1.68636e+06	1.67792e+06	1.67972e+06	1.6796e+06	1.67484e+06	1.67698e+06	1.67794e+06	1.67603e+06	1.67871e+06	1.67816e+06	1.67653e+06	1.67807e+06	1.67745e+06	1.67287e+06	1.67667e+06	1.67444e+06	1.67304e+06
HK7K2DSX3_3	reverse	A->A	12715	22553	28479	34412	40563	45427	51395	57939	64538	70044	76515	82954	88939	94770	100825	106703	112547	119084	123229	127684	133269	138914	144426	150547	156982	162585	168667	174927	181750	186962	193649	199786	205958	212536	217434	223615	230359	236224	242796	248356	255051	261712	268802	273802	279968	286631	292254	298981	304967	310970
HK7K2DSX3_3	reverse	A->C	2532	4424	4794	4722	5048	4823	5008	5133	5306	5214	5339	5195	5353	5350	5306	5395	5459	5611	4530	2967	2560	2468	2351	2278	2258	2338	2240	2286	2210	2480	2378	2412	2444	2405	2415	2626	2458	2567	2556	2580	2686	2579	2584	2727	2971	2837	2797	2957	2889	2973
HK7K2DSX3_3	reverse	A->G	2813	4752	4849	4947	5003	5419	5187	5322	5221	5402	5490	5576	5754	5716	5817	5870	5733	5960	4724	3380	2958	2911	2788	2820	2677	2809	2825	3048	2906	2883	3032	2951	3180	3126	3146	3087	3184	3260	3440	3295	3575	3480	3536	3516	3756	3624	3785	3756	3795	3947
HK7K2DSX3_3	reverse	A->T	3295	6023	5926	6057	6176	6147	6253	6172	6280	6398	6315	6429	6387	6640	6631	6596	6874	6926	5455	3543	2959	2759	2656	2556	2659	2565	2530	2612	2491	2638	2704	2814	2730	2680	2794	2874	2959	2884	2891	2941	2952	3138	3280	3019	2991	3148	3237	3053	3256	3137
HK7K2DSX3_3	reverse	C->A	2804	4771	4959	5089	4963	5010	5143	5181	5119	5201	5395	5448	5425	5406	5454	5522	5493	5479	4298	3078	2699	2506	2315	2315	2337	2354	2282	2410	2393	2436	2425	2415	2507	2598	2605	2586	2668	2627	2755	2836	2779	2736	2854	2851	2924	3026	2919	3019	2956	2958
HK7K2DSX3_3	reverse	C->C	10453	18148	23456	28229	33839	38337	43286	48095	53520	58328	62784	67335	72998	77799	83516	87710	93657	98336	102221	104677	109524	114504	119551	124938	129616	134889	140561	145115	150797	155469	160078	165186	170322	175562	181100	185599	190526	196431	200475	205809	210742	215734	220555	227132	231245	236854	242572	247738	252005	257523
HK7K2DSX3_3	reverse	C->G	2457	4147	4033	4435	4272	4433	4494	4539	4467	4544	4569	4745	4765	4659	4898	4742	4912	4782	3771	2621	2192	2181	2128	1981	2020	1977	2050	1918	2147	2122	2269	2175	2148	2197	2096	2245	2107	2240	2275	2259	2293	2310	2323	2410	2422	2516	2488	2382	2679	2662
HK7K2DSX3_3	reverse	C->T	2699	4618	4984	4830	5146	5127	5263	5268	5292	5330	5396	5596	5638	5565	5694	5615	5805	6071	4849	3401	2844	2838	2704	2792	2759	2800	2786	2866	2857	2891	2844	3049	2938	2949	3195	3126	3191	3259	3105	3223	3360	3379	3534	3436	3632	3571	3635	3759	3818	3685
HK7K2DSX3_3	reverse	G->A	2787	5052	5071	4902	5155	5298	5290	5373	5406	5523	5641	5614	5743	5776	5700	5780	5920	5774	4693	3480	2984	2744	2874	2614	2651	2744	2869	2782	2960	2916	2858	3009	3023	3009	3151	3217	3226	3095	3288	3396	3317	3415	3439	3446	3499	3597	3791	3685	3835	3750
HK7K2DSX3_3	reverse	G->C	2552	4013	4348	4336	4429	4329	4464	4492	4505	4664	4526	4696	4606	4682	4863	4803	4723	4749	4262	2509	2207	2065	2115	2092	2094	2013	2175	2058	2040	2083	2120	2149	2272	2169	2200	2337	2274	2405	2382	2352	2304	2347	2347	2552	2483	2365	2544	2443	2612	2738
HK7K2DSX3_3	reverse	G->G	10330	17905	22765	28262	32927	38381	43386	48613	53077	58443	63475	68351	73485	78497	83365	89189	94220	98771	102970	106379	110230	114736	120374	124941	129987	135722	140650	145397	150448	155526	160505	165679	170300	175836	181362	186245	191291	197156	201925	206908	212552	217137	221795	228034	232622	237389	243549	248787	253996	259185
HK7K2DSX3_3	reverse	G->T	2533	4664	4914	5033	5049	5173	5244	5169	5177	5154	5209	5194	5186	5339	5310	5415	5494	5418	4537	2996	2564	2325	2316	2285	2308	2249	2368	2343	2328	2335	2376	2468	2311	2430	2559	2542	2671	2895	2646	2659	2594	2734	2774	2603	2864	2773	2777	2815	2821	2847
HK7K2DSX3_3	reverse	T->A	3524	6209	6183	6173	6198	6349	6251	6329	6207	6424	6452	6431	6434	6731	6662	6706	6763	6796	5450	3480	3004	2741	2638	2667	2610	2622	2646	2734	2886	2850	2668	2815	2779	2763	2788	2905	2911	3023	2919	2987	2998	3082	3194	3252	3270	3280	3207	3412	3219	3447
HK7K2DSX3_3	reverse	T->C	2682	4720	4776	4861	4917	5039	5319	5296	5383	5498	5475	5511	5625	5940	5623	5826	5725	5843	4913	3470	2942	2758	2807	2786	2790	2778	2924	2873	2904	2867	2995	2901	3100	3024	3157	3138	3187	3265	3150	3364	3313	3278	3495	3409	3519	3638	3661	3718	3828	3983
HK7K2DSX3_3	reverse	T->G	2934	4705	4694	4817	4811	5099	5138	5103	5270	5278	5224	5420	5354	5358	5452	5468	5463	5507	4194	2984	2526	2509	2329	2305	2165	2374	2217	2312	2221	2481	2422	2387	2542	2518	2449	2431	2481	2599	2646	2607	2720	2679	2646	2697	2663	2774	2797	2899	2971	2946
HK7K2DSX3_3	reverse	T->T	12295	22198	28462	34440	39707	46373	52321	58414	64254	70299	76859	83112	88530	94720	100996	107435	112954	119671	124076	127455	133172	138922	144480	150743	157290	163161	168831	175086	180228	187400	193602	199574	206154	211998	218010	224485	230794	235623	243289	249782	255342	262095	267838	273124	280538	286800	292064	297778	304785	310840
