HK7K2DSX3_3	forward	A->A	1.76762e+06	1.76871e+06	1.77644e+06	1.7544e+06	1.76585e+06	1.76382e+06	1.77827e+06	1.77139e+06	1.79225e+06	1.7842e+06	1.79237e+06	1.78807e+06	1.78697e+06	1.77788e+06	1.78163e+06	1.7716e+06	1.77494e+06	1.78008e+06	1.77843e+06	1.7749e+06	1.78511e+06	1.77566e+06	1.77616e+06	1.77266e+06	1.76794e+06	1.76547e+06	1.77168e+06	1.76616e+06	1.76847e+06	1.77366e+06	1.77328e+06	1.77296e+06	1.77496e+06	1.76824e+06	1.76357e+06	1.76681e+06	1.76592e+06	1.76383e+06	1.76533e+06	1.76327e+06	1.76612e+06	1.76977e+06	1.76449e+06	1.76025e+06	1.76305e+06	1.75746e+06	1.75745e+06	1.7594e+06	1.75972e+06	1.75718e+06
HK7K2DSX3_3	forward	A->C	10210	17390	17342	17411	17160	18354	17543	17933	18247	17949	17887	18143	17903	18204	18215	18587	18015	18204	16401	14499	14458	13613	13806	13748	13357	13297	13532	13562	13459	13320	13271	13073	13079	13175	12944	13274	13241	12862	13492	13266	13031	13023	12664	12781	13051	12991	12734	12817	12663	13121
HK7K2DSX3_3	forward	A->G	15595	22019	22236	22044	22232	23172	23218	22772	22819	22970	23311	23009	22939	23036	23201	23314	23178	23340	21642	19651	19064	18853	18672	18885	18624	18657	18286	18090	18252	17904	18140	18248	18319	17832	18051	18399	17851	17958	17923	17752	17709	17470	17669	17761	17670	17671	17776	17573	17506	17612
HK7K2DSX3_3	forward	A->T	13336	22145	22110	21659	21790	21936	21571	22226	22029	21756	21875	22274	21570	21566	21799	21685	22010	21549	19557	17116	16367	16153	15784	15560	15554	15282	15349	15403	15196	15274	15080	14983	15129	15126	14985	15050	14855	14857	14774	14756	14816	14672	14633	14375	14609	14596	14420	14654	14416	14237
HK7K2DSX3_3	forward	C->A	10705	18272	18365	18285	18131	19134	18736	18419	18524	18739	18725	18759	18632	18643	18876	18796	18771	19033	17314	15577	14529	14587	14419	13774	14410	14284	14283	14172	13876	14274	14026	13760	13958	14064	13979	13572	13993	13818	13939	13827	13725	13591	13391	13386	13722	13584	13228	13467	13121	13048
HK7K2DSX3_3	forward	C->C	1.44242e+06	1.46299e+06	1.45151e+06	1.47112e+06	1.45797e+06	1.46385e+06	1.45485e+06	1.45642e+06	1.43778e+06	1.44122e+06	1.42506e+06	1.42901e+06	1.42977e+06	1.43594e+06	1.4317e+06	1.44584e+06	1.43963e+06	1.43754e+06	1.4349e+06	1.42738e+06	1.42499e+06	1.42708e+06	1.41835e+06	1.42278e+06	1.42549e+06	1.42753e+06	1.4251e+06	1.43296e+06	1.425e+06	1.42262e+06	1.42199e+06	1.4145e+06	1.41468e+06	1.42223e+06	1.42171e+06	1.42148e+06	1.42939e+06	1.42682e+06	1.42248e+06	1.42447e+06	1.42254e+06	1.41727e+06	1.41985e+06	1.41772e+06	1.41612e+06	1.42297e+06	1.42068e+06	1.4197e+06	1.42308e+06	1.41894e+06
HK7K2DSX3_3	forward	C->G	9282	15065	15458	14774	15144	15300	15190	15362	15375	15299	15172	15321	15331	15338	15284	15274	15749	15296	14190	12059	11713	11544	11407	11385	11532	11227	11488	11064	10864	10988	11258	10912	10973	10878	10647	11040	10530	10722	10648	10795	10581	10765	10752	10641	10837	10409	10451	10576	10550	10598
HK7K2DSX3_3	forward	C->T	15600	23133	22731	22379	22594	23323	23219	23141	23336	23365	23905	23431	23378	23599	23169	23337	23409	23393	21756	19690	19185	18652	18590	18502	18247	18273	18542	18136	18247	18096	17969	17931	18132	17896	17846	17969	18300	17820	17679	17423	17785	17685	17637	17696	17519	17741	17273	17412	17193	16849
HK7K2DSX3_3	forward	G->A	15384	22721	22038	21934	22496	23149	23112	22786	22986	22776	22869	22846	22655	23467	22902	23126	22968	23108	22131	19485	18751	18765	18472	18442	18224	18202	18132	18210	18060	18196	18048	18106	17455	17608	18145	17602	17969	18092	17598	17490	17697	17785	17582	17216	17191	17185	17438	17112	17132	17380
HK7K2DSX3_3	forward	G->C	8452	15022	14838	15034	15165	15542	15423	15162	14721	15181	15329	15346	15420	15750	15623	15323	15467	15396	14201	12511	11762	11668	11527	11553	11447	10917	11196	11168	11195	11033	11106	11036	11049	10868	10754	10902	10923	10962	10799	11158	10954	10819	10773	10838	10565	10863	10730	10670	10678	10592
HK7K2DSX3_3	forward	G->G	1.40845e+06	1.42594e+06	1.42888e+06	1.42565e+06	1.4355e+06	1.42484e+06	1.42125e+06	1.42036e+06	1.40932e+06	1.40579e+06	1.41357e+06	1.40529e+06	1.41375e+06	1.42019e+06	1.42052e+06	1.42015e+06	1.42258e+06	1.41611e+06	1.41248e+06	1.41373e+06	1.40625e+06	1.40838e+06	1.41806e+06	1.41345e+06	1.41618e+06	1.42085e+06	1.41249e+06	1.41269e+06	1.41591e+06	1.40891e+06	1.40913e+06	1.41648e+06	1.41072e+06	1.41344e+06	1.42209e+06	1.41428e+06	1.4129e+06	1.41785e+06	1.4106e+06	1.41193e+06	1.41256e+06	1.40968e+06	1.41294e+06	1.41756e+06	1.412e+06	1.41261e+06	1.4144e+06	1.40893e+06	1.40736e+06	1.413e+06
HK7K2DSX3_3	forward	G->T	10951	18685	18181	17920	18011	18710	18402	18194	18080	18407	18373	18295	18551	18926	18556	18660	17891	18225	16582	14876	14030	14059	13913	13970	13666	13567	13476	13368	13225	13610	13527	13340	13547	13434	13168	13245	13351	13222	13324	13220	13167	13283	12854	12788	12951	13002	12681	12914	12832	12626
HK7K2DSX3_3	forward	T->A	12835	22313	21826	21705	21980	22758	22188	22033	22343	22252	21985	22648	22154	22422	22744	22139	22611	22574	20641	17960	16905	16896	16665	16724	16562	16227	16454	16279	15909	16294	15671	15634	16060	16002	15683	15955	15672	15728	15569	15585	15519	15801	15885	15103	15440	15694	15246	15238	15696	14944
HK7K2DSX3_3	forward	T->C	15309	22213	21887	22389	22048	23260	23379	23047	23346	23104	23234	23171	23356	23455	22999	23210	23294	23318	21643	19760	19262	18968	18546	18324	18138	18226	18570	18441	18412	18168	18298	18442	18047	18167	17834	17946	17625	17688	18005	17648	17626	17611	17756	17551	17797	17528	17606	17221	17693	17161
HK7K2DSX3_3	forward	T->G	10410	17773	17770	17817	17663	18394	17670	18095	18148	18254	18164	18115	18337	18478	18406	18503	18650	18524	17316	15090	14378	14039	13746	13874	13811	13731	13847	13879	13463	13370	13577	13502	13380	13086	12808	13492	12923	13292	13292	13255	13198	13355	13441	13329	13344	13295	12834	13102	12676	13250
HK7K2DSX3_3	forward	T->T	1.75602e+06	1.7651e+06	1.76803e+06	1.77403e+06	1.76437e+06	1.76206e+06	1.76317e+06	1.76946e+06	1.77702e+06	1.78462e+06	1.78347e+06	1.79115e+06	1.7836e+06	1.77702e+06	1.7779e+06	1.77348e+06	1.77349e+06	1.77662e+06	1.77559e+06	1.77455e+06	1.77077e+06	1.77357e+06	1.77106e+06	1.773e+06	1.77125e+06	1.76736e+06	1.76899e+06	1.76644e+06	1.76946e+06	1.7718e+06	1.77216e+06	1.77236e+06	1.77488e+06	1.77022e+06	1.76638e+06	1.7675e+06	1.76103e+06	1.75911e+06	1.76719e+06	1.76492e+06	1.7619e+06	1.7645e+06	1.76271e+06	1.76388e+06	1.765e+06	1.76111e+06	1.7616e+06	1.76355e+06	1.75964e+06	1.75903e+06
HK7K2DSX3_3	reverse	A->A	19166	33650	43332	52180	61383	69275	77995	89250	98451	108073	117014	127666	136577	145089	154116	162993	171470	181725	188797	195523	202882	212097	221045	230361	239790	247357	257054	266497	276117	284308	293645	302181	312473	321343	329282	338875	347196	355226	366702	374532	383356	392886	402241	411729	420270	428359	437090	445718	454417	463292
HK7K2DSX3_3	reverse	A->C	3527	6256	6451	6755	6583	6850	6665	6889	6983	7296	7276	7164	7267	7454	7410	7276	7352	7419	6161	4098	3642	3452	3215	3269	3334	3302	3264	3407	3246	3413	3348	3345	3550	3471	3517	3639	3571	3803	3666	3780	3712	3861	3827	3906	4100	4127	3902	4222	4057	4117
HK7K2DSX3_3	reverse	A->G	3798	6276	6267	6699	6606	7022	7087	7273	7333	7445	7538	7511	7521	7820	7962	7880	7873	7981	6508	4626	4307	4083	3907	4080	3870	4027	4092	4181	4236	4193	4360	4586	4539	4651	4410	4516	4614	4730	5094	4830	5064	4993	5048	5281	5501	5354	5321	5409	5518	5550
HK7K2DSX3_3	reverse	A->T	4711	8219	8393	8413	8517	8586	8828	8761	8682	8870	8949	9187	9088	9001	9443	9284	9521	9586	7606	5215	4307	4156	3919	4027	3905	4064	3826	3890	3902	4074	4061	4145	3952	4008	4227	4245	4296	4193	4340	4337	4489	4494	4492	4448	4573	4585	4688	4588	4990	4756
HK7K2DSX3_3	reverse	C->A	3823	6620	6727	6796	6882	6867	6955	6902	7098	7128	7344	7245	7402	7545	7602	7760	7463	7393	5956	4313	3623	3532	3468	3387	3360	3332	3368	3352	3421	3437	3462	3536	3620	3711	3747	3755	3731	3752	3852	3862	3952	3980	4074	4046	4021	4165	4183	4350	4371	4366
HK7K2DSX3_3	reverse	C->C	14983	25961	33757	41042	49262	55914	64066	71077	77643	85379	92982	100154	108169	115399	123372	130466	139017	145489	151480	156762	163005	169549	177479	183995	192167	200555	207057	214001	221733	228335	235439	244150	251133	257860	266774	273315	280678	288539	293755	301744	308077	316362	322311	330076	336802	345417	352632	358532	364918	374023
HK7K2DSX3_3	reverse	C->G	3347	5379	5560	5607	5641	5867	6125	5954	5964	5957	6295	6240	6197	6338	6312	6351	6454	6338	5274	3657	3197	3025	2950	2852	2857	2875	2909	2894	2953	2927	3031	2993	3149	3135	3082	3241	3115	3083	3242	3318	3289	3410	3346	3407	3427	3451	3504	3530	3703	3618
HK7K2DSX3_3	reverse	C->T	3540	6739	6801	6805	7172	7150	7172	7336	7498	7389	7382	7471	7682	7862	7840	7883	7898	8287	6877	4823	4267	4168	3983	4119	4085	4050	4062	4119	4171	4159	4343	4466	4309	4301	4577	4513	4615	5014	4723	4907	4901	4957	5191	4975	5008	5236	5286	5306	5459	5415
HK7K2DSX3_3	reverse	G->A	4004	6804	6741	6780	6974	7217	7194	7215	7352	7471	7759	7923	7815	8119	7983	8090	8100	8346	6663	4906	4375	4224	4099	4040	3871	4075	4145	4111	4300	4315	4224	4392	4492	4469	4671	4824	4832	4903	4838	4790	4932	4993	5093	5152	5300	5323	5354	5554	5344	5492
HK7K2DSX3_3	reverse	G->C	3223	5404	5672	5642	5769	5717	5953	5834	6204	6151	6055	6122	6304	6241	6408	6344	6731	6346	5336	3542	3141	2906	2998	2955	2885	2886	2980	2897	2904	2927	3004	2921	3143	3099	3042	3226	3289	3272	3205	3331	3256	3340	3319	3453	3384	3495	3558	3567	3577	3849
HK7K2DSX3_3	reverse	G->G	15154	25646	32997	41878	49111	57382	64699	71724	79140	87202	93917	101132	109878	117805	124470	133025	140511	146932	153567	158051	165532	172169	179164	187023	193646	200919	209066	217175	223494	230465	237981	244088	249973	260612	266763	274047	281958	289656	297114	304640	312094	317410	325756	332572	338722	347019	353740	362296	369636	375565
HK7K2DSX3_3	reverse	G->T	3636	6488	6634	6848	6860	7160	6955	7113	6895	7197	7129	7121	7227	7307	7364	7470	7484	7502	6089	4316	3607	3382	3370	3129	3324	3373	3283	3415	3307	3463	3476	3559	3497	3555	3806	3670	3746	4054	3797	3682	3848	3864	3840	3900	4120	3967	4017	4017	4036	4097
HK7K2DSX3_3	reverse	T->A	4892	8446	8582	8562	8754	8685	8655	9059	8966	8842	8940	9358	9092	9169	9308	9102	9576	9447	7502	5079	4346	4192	3998	3958	3884	3906	3896	3931	3967	4134	4021	4123	4216	4271	4257	4388	4450	4183	4459	4428	4507	4528	4678	4685	4691	4841	4911	4876	4882	4849
HK7K2DSX3_3	reverse	T->C	3647	6101	6786	6567	6760	6996	7105	7098	7372	7199	7460	7400	7649	7753	7728	7875	7739	8187	6587	4759	4236	4013	4103	3964	4054	4219	4096	4154	4090	4261	4346	4210	4492	4499	4665	4652	4632	4741	4793	4784	4855	4976	5160	5020	5146	5193	5583	5335	5304	5729
HK7K2DSX3_3	reverse	T->G	3832	6113	6428	6421	6538	7102	6841	7031	7177	7033	7083	7159	7144	7243	7412	7571	7670	7635	5886	3948	3676	3509	3439	3441	3287	3211	3262	3397	3323	3466	3486	3458	3468	3637	3506	3572	3584	3726	3720	3876	3871	3709	3867	3849	4012	3958	4110	3986	4157	4199
HK7K2DSX3_3	reverse	T->T	18423	33336	42394	51413	60526	70053	80121	88239	98126	107296	117716	127016	135227	144824	154049	163430	172269	182635	188906	194673	203736	212892	221139	230366	239059	248427	257850	265690	274831	285205	294141	303614	313437	320282	329955	338899	348063	356691	365220	374485	384128	393550	401494	409646	419855	426707	435867	444951	454037	462186
