HK7K2DSX3_3	forward	A->A	437331	453887	454632	454625	455491	454704	455405	453782	454785	456179	457934	455725	454181	454649	455436	455376	455990	454924	451270	441115	438853	439312	436765	437147	436908	436050	436266	435575	436424	435861	436452	435976	434799	435026	434518	434270	434232	432458	432114	431635	431504	431515	431655	431312	430167	430978	429172	429866	427978	428094
HK7K2DSX3_3	forward	A->C	8719	18669	18722	19160	18856	19467	19084	19593	18989	19496	19241	19370	19196	19342	19125	19280	19368	19006	15404	10515	9274	8753	8329	7918	7874	7686	7711	7691	7685	7450	7450	7604	7387	7182	7129	7186	6973	6936	7056	6821	6770	6659	6612	6638	6548	6586	6287	6392	6203	6215
HK7K2DSX3_3	forward	A->G	10001	19998	20196	19904	19903	20576	20493	20920	20414	20637	20343	20465	21035	20882	20485	20429	20374	20591	17038	11918	10231	9735	9422	9256	9319	9064	9054	8962	8856	8725	8554	8500	8699	8551	8318	8308	8224	8203	8044	8041	8138	8012	7911	7922	7953	7975	7764	7630	7751	7770
HK7K2DSX3_3	forward	A->T	11462	25004	24599	24987	24506	24369	23955	24390	24013	23754	24411	24222	24082	24231	24597	24871	24417	24648	19355	13712	11731	11212	10753	10372	10252	9632	10007	9777	9943	9636	9480	9308	9368	9105	9236	9025	8909	9050	8879	8880	8591	8733	8779	8518	8631	8321	8307	8258	8113	8079
HK7K2DSX3_3	forward	C->A	8241	18431	18448	18044	18500	18561	18469	18372	18288	18523	18155	18294	18242	18350	18575	18561	18550	18687	15569	10930	9193	8893	8473	8193	8257	8084	8096	8008	7830	7947	7815	7970	7485	7592	7640	7616	7659	7625	7435	7069	7359	7192	7203	7030	7202	6969	7090	7034	7010	6702
HK7K2DSX3_3	forward	C->C	325202	337837	337118	337725	337438	341412	338644	336909	335379	336866	334692	336329	334875	333581	335661	338633	335823	336235	331666	326015	324717	324110	323089	322933	322758	322078	322395	322817	320823	321734	321528	319999	319405	318383	319472	318210	319832	317494	318099	317723	316848	316348	315240	314217	313754	313476	313743	312400	312493	310860
HK7K2DSX3_3	forward	C->G	6676	14453	14535	14627	14600	14542	15002	14655	14820	15084	14860	14732	15194	14701	14548	14828	14900	14756	12222	8205	6964	6481	6176	6171	6169	6039	6134	5704	5816	5661	5685	5400	5780	5562	5332	5397	5263	5222	5367	5054	5117	5209	5246	5011	5002	5003	4885	4696	4970	4848
HK7K2DSX3_3	forward	C->T	11501	22180	21492	20953	21511	21564	22094	21162	21559	21117	21397	20940	21018	21560	20956	20919	21006	21306	17621	13573	12198	11310	11122	10665	10490	10776	10617	10231	10488	10319	10316	10115	10199	10291	10080	9817	9840	9846	9721	9493	9498	9439	9606	9391	9254	9454	9285	9018	9066	8856
HK7K2DSX3_3	forward	G->A	9605	19668	19714	19387	18997	19820	19496	19402	19805	19381	19747	19651	19615	19521	19635	19651	19767	19752	16009	11675	10672	10053	9638	9568	9414	9119	9126	9106	9026	9012	8972	9043	8979	8791	8987	8673	8992	8834	8590	8826	8794	8535	8296	8460	8244	8383	8405	8479	8326	8156
HK7K2DSX3_3	forward	G->C	6853	14825	14611	14572	14718	14773	15050	14724	14941	15063	15003	15239	14950	14938	14662	15186	14614	14585	11856	8191	7038	6818	6308	6168	6068	6015	5902	5874	5819	5761	5705	5631	5445	5604	5556	5501	5406	5369	5434	5300	5248	5168	5265	5145	5051	5086	5108	4944	4954	4851
HK7K2DSX3_3	forward	G->G	314892	325740	328551	329260	329453	326861	326926	327982	327281	323421	324363	323298	326267	329999	327099	325164	326772	326356	322039	317236	314139	314284	314170	312898	314342	313874	313382	314102	313710	312542	311356	311430	311475	312365	312210	312091	310447	312102	310898	309546	310320	309565	308241	309192	309802	309060	308624	308690	307937	308354
HK7K2DSX3_3	forward	G->T	10394	20902	20085	19760	19998	20240	20137	19804	20028	20091	20304	20092	20237	20338	20190	20230	19960	20182	16320	11839	10619	10270	9999	9637	9573	9371	9282	8882	8985	8781	8783	9119	8777	8657	8524	8439	8423	8314	8490	8324	8216	8002	8103	8053	7886	7687	7809	7761	7664	7528
HK7K2DSX3_3	forward	T->A	10981	24644	24322	24811	24673	24388	24636	24210	24524	24075	23948	24139	24005	24046	24491	24453	24479	24561	19894	13934	11831	11093	10754	10747	10325	10210	9960	10206	9558	9672	9692	9444	9484	9385	9072	9257	9104	9009	8902	8980	8817	8755	8611	8761	8503	8548	8474	8415	8289	8232
HK7K2DSX3_3	forward	T->C	9807	20634	20250	20381	20047	21152	20961	21149	20745	20597	20765	20769	20722	20637	20849	20573	20850	20210	17016	11961	10815	10059	9587	9519	9309	9126	9135	8965	8677	8893	8889	8538	8468	8569	8506	8536	8299	8431	8244	8381	8135	8192	7960	7967	7920	7579	7832	7769	7439	7501
HK7K2DSX3_3	forward	T->G	8546	18726	19112	18732	19113	19013	19215	19561	19162	19586	19323	19530	19397	19465	19097	19360	19453	19026	16184	10998	9336	8599	8359	8153	7811	7921	7512	7781	7536	7547	7322	7341	7260	7326	7132	7042	6914	7142	7036	6953	6714	6942	6717	6514	6697	6644	6422	6482	6293	6516
HK7K2DSX3_3	forward	T->T	441526	456330	455737	454813	453839	450065	451793	454812	456561	457318	456622	458133	457728	454455	455226	452981	454049	455475	449537	443645	441470	437556	439217	438934	436395	437738	436053	435012	435916	435987	436044	437056	437922	436119	434669	434623	433255	433453	432976	434059	432666	432269	432613	431711	430874	429536	429786	428515	429191	428414
HK7K2DSX3_3	reverse	A->A	39178	63520	75875	87436	99251	106459	118801	128692	140580	148746	158303	168061	176663	183402	192103	200756	207447	216905	218374	218280	224024	227319	235413	240032	245857	252861	256655	261852	267233	272867	277743	284504	290234	293387	297298	301722	305476	310370	313362	318500	321295	324503	329565	332888	334746	337236	340680	342809	346765	349565
HK7K2DSX3_3	reverse	A->C	9319	15051	15827	15348	16231	16128	16160	16390	16600	16778	16702	17040	16613	16942	16961	16996	16960	16874	13690	9228	7668	6789	6488	6446	6120	6108	6232	5953	6061	6056	6005	5887	6041	5946	5796	5867	6005	5957	5826	6084	5822	6195	5833	5785	5868	5680	5658	5788	5722	5721
HK7K2DSX3_3	reverse	A->G	9076	15259	15532	16140	15880	17240	17343	17050	17165	17047	17340	17546	17588	17549	17651	17719	18231	17671	14166	9448	8204	7700	7336	7461	6803	6994	6966	6813	6664	7018	6975	6945	6877	7283	6800	6775	6871	6830	7065	7004	6784	6787	6795	6764	6818	6681	6714	6627	6578	6454
HK7K2DSX3_3	reverse	A->T	11419	19573	19836	20903	20699	20286	20619	20331	20887	20490	20540	20818	20862	21202	21384	21595	21751	21703	17096	11357	9114	8766	8043	8065	7907	7982	7709	7871	7798	7755	7871	7706	7613	7420	7572	7751	7650	7426	7534	7522	7530	7424	7296	7222	7312	7454	7468	7425	7234	7178
HK7K2DSX3_3	reverse	C->A	8680	15156	15266	15103	15416	15815	15441	15495	15727	16137	16327	16535	16357	16744	16621	16572	16642	16837	13387	9345	7992	7621	7595	7096	7003	6998	7046	7135	6689	6872	6909	7128	6996	6899	6927	6900	6750	6959	7045	6862	6947	6955	6956	6924	6813	6915	6787	6907	6860	6890
HK7K2DSX3_3	reverse	C->C	28372	43421	53486	62617	70102	77368	85683	95424	101459	107276	113783	119387	128249	136733	140794	144927	152474	157108	160024	158839	161998	166897	170857	175652	180328	184694	188888	192783	197079	199791	203517	206288	209990	214449	217681	220862	222099	226763	229598	231626	234122	236922	238233	241244	244596	247131	248451	250916	252836	255027
HK7K2DSX3_3	reverse	C->G	7127	11802	12052	12214	11946	12598	12830	12672	12752	13210	13164	13064	13240	13160	13136	13432	13010	12973	10249	6835	5693	5338	4906	4828	4767	4763	4721	4784	4848	4656	4696	4697	4677	4660	4562	4541	4534	4510	4714	4687	4635	4599	4490	4587	4463	4509	4445	4435	4314	4408
HK7K2DSX3_3	reverse	C->T	8550	14649	15034	14989	15075	15557	15505	15825	15899	15617	16567	16204	16610	16288	16811	16702	16995	17106	13672	9441	7864	7607	7105	7071	7099	6796	6861	7038	6886	6876	7133	7037	7024	7137	7134	7092	7145	7286	7230	7326	7231	7132	7133	7224	7162	7405	7458	7199	7403	7247
HK7K2DSX3_3	reverse	G->A	8626	15056	15067	15305	15935	16232	16519	16308	16720	16711	16700	16773	16844	17340	17114	17227	17434	17347	14044	10207	9052	8044	8338	7831	7655	7762	7916	7769	7999	7898	7716	7663	7796	7921	8086	7784	7937	7811	7834	7780	7731	7792	7945	7697	7773	7739	7979	7986	7900	7838
HK7K2DSX3_3	reverse	G->C	7230	11532	12112	12433	12403	12419	12880	12986	12715	12953	12874	13025	13097	12974	13274	13281	13169	13355	10771	7018	5849	5323	5049	4914	4990	4878	4804	4758	4725	4801	4698	4503	4939	4695	4529	4707	4641	4574	4609	4549	4616	4663	4540	4530	4433	4448	4440	4386	4387	4583
HK7K2DSX3_3	reverse	G->G	28509	44903	53919	63110	71455	82924	88279	95626	102399	110372	116713	124256	130787	135487	144075	151649	155491	161444	162995	163275	166554	171469	175858	180791	184831	188245	193802	197726	200547	205721	209441	212017	214499	217789	222134	224599	229209	231270	234251	236390	239385	242136	243213	244827	247762	249234	251772	253680	255411	257215
HK7K2DSX3_3	reverse	G->T	8427	14496	15113	14773	15471	15723	15421	15655	15626	15804	15734	15548	15761	16032	16031	16117	16221	16711	13135	8900	7283	6897	6416	6219	6463	6171	6168	6138	6252	6085	6244	6520	6062	6336	6310	6369	6305	6622	6187	6096	6121	6013	6219	6159	6302	6227	6164	6144	6107	6022
HK7K2DSX3_3	reverse	T->A	12109	19905	20281	20504	20554	20291	20549	20931	20695	20749	21035	20885	21077	21173	21360	21537	21396	21622	16684	11351	9395	8899	8388	8187	8103	7915	7998	7770	7952	7718	7651	7934	7837	7561	7477	7478	7617	7502	7520	7553	7611	7495	7783	7552	7644	7701	7526	7494	7417	7388
HK7K2DSX3_3	reverse	T->C	9494	15205	15500	15823	15970	16522	16773	17090	17235	17073	17223	17233	17945	17960	17571	17429	17743	17929	14226	9408	7845	7482	7243	7105	7034	7125	6956	6901	6811	6656	6753	6751	7268	6876	6694	6804	6825	6860	6842	6665	6907	6746	6740	6643	6855	6802	6875	6735	6790	6883
HK7K2DSX3_3	reverse	T->G	10335	14971	15507	15769	15867	16644	16577	16847	16523	17809	16644	17369	17043	16844	17106	17441	17058	16979	13334	8776	7679	6979	6569	6438	6319	6168	6298	6456	6171	6401	6302	6102	6223	5939	5928	6108	5800	5933	6065	5960	5865	5747	5882	5853	5825	5679	5817	5703	5742	5419
HK7K2DSX3_3	reverse	T->T	38789	62074	73903	85676	97364	107067	118111	127271	136976	147957	158274	167395	174331	184479	192181	200037	209600	216759	219189	217255	221809	228702	233530	240115	246792	251880	257220	263306	269949	274350	279347	284302	288356	293905	298600	302846	307736	309662	313800	317604	321768	325294	329227	333266	335213	339359	341766	344742	346517	348958
