HK7K2DSX3_3	forward	A->A	1.48822e+06	1.54841e+06	1.5497e+06	1.54598e+06	1.55708e+06	1.54984e+06	1.55282e+06	1.54649e+06	1.54602e+06	1.54959e+06	1.5563e+06	1.55443e+06	1.55077e+06	1.55594e+06	1.54963e+06	1.54804e+06	1.55674e+06	1.54815e+06	1.54411e+06	1.51077e+06	1.50626e+06	1.50269e+06	1.49604e+06	1.49756e+06	1.49878e+06	1.49652e+06	1.4955e+06	1.49363e+06	1.50707e+06	1.49417e+06	1.49324e+06	1.49055e+06	1.49307e+06	1.48889e+06	1.49144e+06	1.49495e+06	1.48897e+06	1.48652e+06	1.48956e+06	1.48413e+06	1.48514e+06	1.48364e+06	1.48373e+06	1.4851e+06	1.48359e+06	1.48634e+06	1.47925e+06	1.48167e+06	1.4773e+06	1.4776e+06
HK7K2DSX3_3	forward	A->C	28183	57178	56753	58740	57353	61032	59120	59136	59298	59721	58404	58960	58953	59291	60692	58797	58147	59331	46690	30961	27025	24646	24233	23784	23138	22863	23054	23000	23433	23269	22593	22631	22048	22024	21718	22034	21517	21707	21490	21386	21174	21204	20742	20615	20475	20793	20255	20575	20362	19983
HK7K2DSX3_3	forward	A->G	33477	61603	61715	62436	62279	63011	64425	63924	64040	63653	63950	63531	63738	64682	63439	63074	63324	63762	52400	36075	31242	29900	28978	28680	28961	28512	28424	27504	27526	27679	27077	26732	28709	26474	26245	26800	26018	26185	25890	26343	25903	26491	26477	25669	24924	25509	25228	25187	24957	25915
HK7K2DSX3_3	forward	A->T	35403	72721	72427	71699	71527	71568	71076	70994	71172	72003	72428	71903	70590	71443	71323	70465	71916	71343	56666	38909	33843	32555	31126	30615	30280	29543	29741	29354	29760	29015	28787	27907	28777	28302	27800	28072	27268	27419	26826	27020	26740	26957	27078	26178	26253	26676	25967	26299	25867	25974
HK7K2DSX3_3	forward	C->A	25494	56033	55408	54487	54792	55419	53995	55451	55876	54485	54548	55072	54865	55663	54980	55095	55890	56306	46143	32318	28577	27155	25527	25023	25228	24925	24546	24181	24008	24413	24395	24276	23806	24037	24251	24008	24236	24101	24035	23234	23471	23091	23224	22561	23719	23018	23203	22352	22449	22653
HK7K2DSX3_3	forward	C->C	1.12979e+06	1.17234e+06	1.17117e+06	1.17819e+06	1.1687e+06	1.18045e+06	1.1779e+06	1.17733e+06	1.16599e+06	1.17343e+06	1.15726e+06	1.16519e+06	1.16608e+06	1.16172e+06	1.16582e+06	1.18077e+06	1.17221e+06	1.17092e+06	1.14927e+06	1.13341e+06	1.12512e+06	1.13106e+06	1.12729e+06	1.12662e+06	1.12037e+06	1.12404e+06	1.12604e+06	1.13143e+06	1.11849e+06	1.12044e+06	1.12632e+06	1.11958e+06	1.11498e+06	1.11691e+06	1.11822e+06	1.10958e+06	1.12029e+06	1.11626e+06	1.10763e+06	1.10653e+06	1.10789e+06	1.1063e+06	1.10386e+06	1.10175e+06	1.10203e+06	1.09688e+06	1.09623e+06	1.09455e+06	1.09111e+06	1.0905e+06
HK7K2DSX3_3	forward	C->G	23827	47907	48115	47961	47783	48726	49854	49440	48343	49793	48861	48421	49939	49887	48897	49376	48818	48029	40911	25863	21583	20006	19136	19394	18330	18974	18310	18090	17794	17834	17599	17441	18381	17383	17553	17200	17079	17076	16730	16489	16548	16913	16608	16490	16829	16106	16292	16376	16498	16505
HK7K2DSX3_3	forward	C->T	37441	66568	65890	64223	63652	66883	68196	65488	64421	64722	65744	65724	64809	65057	64914	64166	64736	66132	54421	41329	37392	35240	35529	34306	33942	33996	33519	32992	33810	32588	32626	33378	32677	33250	33066	32202	32001	31899	31989	31212	31539	30966	31209	30886	30783	30582	30512	29840	29898	30136
HK7K2DSX3_3	forward	G->A	30464	59358	58126	57531	58198	59652	60572	59299	61028	58183	59571	59515	59142	59583	59542	59825	60211	60360	48891	36499	32387	31658	30230	29638	29722	29219	28979	29191	28604	29161	28645	29109	28354	28949	28305	28130	28560	28074	28268	27840	28254	27696	27985	27867	27603	27621	28335	27965	27747	27480
HK7K2DSX3_3	forward	G->C	23900	47769	47938	48471	48311	49976	49262	49004	49585	49546	49563	49943	50489	48599	49322	49669	49341	49171	39287	25448	21642	20764	19612	19361	18735	18529	18497	18375	17973	18232	18145	17687	17902	18061	17287	17427	17406	17401	17386	17376	17057	17546	16957	17100	16636	16622	16194	16448	16685	15766
HK7K2DSX3_3	forward	G->G	1.09669e+06	1.13014e+06	1.14128e+06	1.14017e+06	1.14712e+06	1.1417e+06	1.13596e+06	1.1335e+06	1.13191e+06	1.12769e+06	1.13054e+06	1.12415e+06	1.13252e+06	1.13597e+06	1.1355e+06	1.13317e+06	1.1332e+06	1.13456e+06	1.11788e+06	1.10292e+06	1.09066e+06	1.08762e+06	1.08798e+06	1.0944e+06	1.09284e+06	1.08987e+06	1.08842e+06	1.09152e+06	1.08807e+06	1.09259e+06	1.08907e+06	1.08562e+06	1.08767e+06	1.09129e+06	1.09114e+06	1.08905e+06	1.08664e+06	1.08585e+06	1.08773e+06	1.08719e+06	1.08607e+06	1.08604e+06	1.07914e+06	1.08481e+06	1.0867e+06	1.0848e+06	1.08653e+06	1.08259e+06	1.08389e+06	1.08246e+06
HK7K2DSX3_3	forward	G->T	33407	62905	61205	61168	59540	63001	60945	60150	61436	60546	60895	61163	59636	60376	60506	60736	59770	61270	49542	36704	32090	30876	30460	29727	29712	29063	28760	28336	28423	28234	28235	27781	27684	27215	27219	26911	26571	27268	26994	26395	26098	26213	25899	25604	25538	25570	24946	24987	24879	24831
HK7K2DSX3_3	forward	T->A	33924	71781	72570	71390	71605	71285	70255	71114	71264	70692	71243	71357	69672	71612	70913	71361	72451	73535	58206	39944	34489	33001	31364	31082	30433	30039	30203	30011	28854	29045	28781	28861	28231	28418	27948	28326	27962	28125	28025	28074	27304	27009	27023	27739	27325	27325	26981	26201	27220	25397
HK7K2DSX3_3	forward	T->C	32779	63179	62943	62698	61944	65218	64345	64324	63329	64061	66621	64327	64560	64359	64148	66232	63499	63154	52990	36464	32881	30701	29311	28781	28283	28191	27825	27848	27728	27603	27100	27209	26523	26914	26633	26639	26083	26491	26667	27063	26157	25863	25469	25925	25133	25458	25712	25345	24522	24656
HK7K2DSX3_3	forward	T->G	27453	58221	57721	57491	58982	58478	59948	60641	58768	59116	58258	58694	59429	59281	59216	59233	59649	58724	48379	32519	27041	25950	24457	24540	24116	23698	24097	23025	22750	22380	22504	22379	22650	22332	21764	21984	21450	22052	21758	21570	21690	21388	21283	21364	20749	21287	21294	20932	21040	20310
HK7K2DSX3_3	forward	T->T	1.51294e+06	1.56924e+06	1.56261e+06	1.56246e+06	1.5555e+06	1.5384e+06	1.54473e+06	1.5581e+06	1.57163e+06	1.566e+06	1.56868e+06	1.57037e+06	1.56678e+06	1.55888e+06	1.56268e+06	1.55136e+06	1.55107e+06	1.5559e+06	1.53694e+06	1.51893e+06	1.5184e+06	1.50721e+06	1.51283e+06	1.50084e+06	1.50477e+06	1.50411e+06	1.5013e+06	1.49451e+06	1.49521e+06	1.49894e+06	1.4976e+06	1.50794e+06	1.50397e+06	1.49963e+06	1.49393e+06	1.49566e+06	1.4914e+06	1.49225e+06	1.49211e+06	1.49591e+06	1.49136e+06	1.49001e+06	1.49258e+06	1.4854e+06	1.48018e+06	1.47814e+06	1.47914e+06	1.47627e+06	1.47629e+06	1.47468e+06
HK7K2DSX3_3	reverse	A->A	111782	188092	223790	259228	296608	312563	346765	381714	420782	445636	472746	502020	527699	551354	583920	600895	620316	650982	658197	659728	680039	690112	717249	725400	753099	773593	790004	802683	822922	841158	855524	882960	896431	910539	922725	942146	956718	970520	982822	1.00295e+06	1.01368e+06	1.02727e+06	1.046e+06	1.05305e+06	1.05923e+06	1.07178e+06	1.0808e+06	1.09242e+06	1.10674e+06	1.11706e+06
HK7K2DSX3_3	reverse	A->C	26879	45265	46030	45752	48415	48178	49100	48778	48855	49354	49094	49095	50114	51301	49771	50537	50231	49763	39440	25474	19982	17954	17011	17207	17154	17183	17077	16655	16467	16662	16622	16458	17097	17015	16560	16651	16950	17170	17057	16833	17425	17623	17040	17377	17181	17215	17337	17940	17480	17298
HK7K2DSX3_3	reverse	A->G	26470	45233	46019	47945	46586	50560	50654	50136	50240	50730	52518	51689	52101	52894	52379	53521	52697	52393	41418	26131	22155	21140	19625	20666	18718	19190	19032	19227	19120	19356	19659	19251	19655	20433	19796	19582	19450	20189	20440	20639	20515	20117	19819	20497	20611	20862	20511	20303	20645	20251
HK7K2DSX3_3	reverse	A->T	31433	54782	56366	56397	57246	57281	57290	57069	58802	58271	58513	57891	57736	59892	59447	59739	60673	61587	47496	29840	24277	23316	21713	21802	21196	21203	20776	20901	20837	21066	22010	21603	21045	20681	20647	21182	21772	21210	21805	21733	21605	20964	20887	21394	21411	21418	21580	21303	22293	21611
HK7K2DSX3_3	reverse	C->A	25142	42547	43133	43530	43229	46454	44803	45240	45503	45437	46288	47285	46042	46946	47221	47829	48061	49130	37903	25700	21941	20881	21052	20163	20344	19392	19620	19644	19845	19614	19766	19802	20121	19916	19764	20253	20087	20866	21199	20749	20829	20584	21008	20568	20825	20928	21215	21158	21101	21290
HK7K2DSX3_3	reverse	C->C	84271	131485	163869	185431	211511	232971	258212	285774	304287	326254	347109	363082	389325	410503	428493	444011	467045	481688	486661	489182	496914	508432	522465	542416	557398	569007	586352	599910	609732	625556	637093	647369	663604	676465	689897	697290	706696	719459	733110	741861	752926	763975	765115	780404	792483	798000	811565	816540	826548	832957
HK7K2DSX3_3	reverse	C->G	23843	38107	38510	39616	39691	41571	41221	41355	41498	42101	41812	42320	42924	41635	42844	42721	42638	42358	32683	19599	16180	14872	13744	13884	13367	13365	13667	13505	13150	13591	13462	13544	13708	14071	13534	13930	13554	13745	13812	14245	13577	13712	13359	14159	13767	13700	13920	13661	14063	13729
HK7K2DSX3_3	reverse	C->T	23396	41681	42230	42059	43519	44057	44084	45271	45223	44732	45461	46397	46795	47571	47442	47168	48660	48921	39141	25809	21158	21537	19558	19541	19658	19499	19700	19669	20049	19951	20149	20537	20255	20914	21145	21174	21305	21394	21509	20976	21805	21617	21857	21932	21814	23105	23910	22735	23147	22850
HK7K2DSX3_3	reverse	G->A	24149	42643	43648	43315	45292	46177	49423	46973	47267	47254	49981	49266	49537	48902	50252	49192	50067	51056	39919	28073	24815	22352	23478	22151	21802	22343	23387	22154	23055	23081	23009	22908	22849	24233	23842	23403	23911	23738	24225	23973	24127	24099	24619	24109	24695	24159	24156	24804	24486	24877
HK7K2DSX3_3	reverse	G->C	23585	38156	38743	39493	39759	40417	41839	42017	41303	42134	42002	41483	42829	42650	42342	42977	42372	42019	33510	20689	16176	14705	13755	14015	13671	13752	13658	13645	13246	13496	13635	13436	15096	13527	13658	13751	13868	13683	13879	13732	14258	14280	13585	14346	13874	13822	14117	14187	14373	14542
HK7K2DSX3_3	reverse	G->G	86338	137938	162585	193429	211651	248590	271719	291023	310169	339974	351469	375761	398268	413005	438470	466772	480765	498891	497145	496875	507527	528398	541015	560329	567461	586255	601099	624877	627116	643185	662638	669866	679661	692674	707188	712347	732872	741447	745497	756921	765126	776465	783113	791519	801723	806917	816084	823409	828520	836828
HK7K2DSX3_3	reverse	G->T	23469	42393	43932	43043	43092	43272	42216	43707	44353	43802	44686	44563	44572	45229	45149	46874	46922	47214	36191	24039	19534	18922	17426	16913	17294	17114	17009	17231	17804	17860	17779	17987	17767	17563	18152	18487	18316	19106	19190	18160	18032	18034	18145	18224	19613	18506	19037	18657	18381	18598
HK7K2DSX3_3	reverse	T->A	32418	56216	56553	56444	55928	57156	57303	58839	58840	58475	59282	58718	58530	59834	59908	59263	61031	60302	45783	29421	24432	23225	22228	21389	21712	21277	21320	21371	22355	21104	21378	21512	22565	21667	21545	21538	21182	21819	21679	21641	21965	21814	22943	21628	21975	22875	22100	22650	22279	22406
HK7K2DSX3_3	reverse	T->C	27288	44272	45575	48194	47634	47770	49867	50099	51346	49636	50997	50755	51807	51539	52002	51576	51820	53408	41022	26185	21245	20007	20029	19077	20036	19873	19274	19042	18991	19594	19130	19172	22151	20654	19449	19895	19384	19449	19868	19900	20446	20934	21135	20260	20371	20470	20503	20063	20694	22023
HK7K2DSX3_3	reverse	T->G	28611	44119	46173	47721	46466	48401	48972	48895	49014	50455	48842	51859	50002	50309	51389	52204	50287	51878	39202	23627	20457	17954	17108	17251	16594	16758	17037	17704	17237	18262	17487	17742	17348	17055	17155	17288	17053	17676	17345	17606	16796	16802	16954	17368	16773	17478	17345	17231	17150	16933
HK7K2DSX3_3	reverse	T->T	110443	186479	219208	252078	287910	315587	343864	373567	401753	430445	467546	497689	520516	551286	568384	595513	627200	646123	660847	647787	663573	686428	703323	725276	746623	764484	782151	799332	831278	842303	859646	875131	888396	907588	925653	945745	954994	967852	985137	994997	1.01126e+06	1.02206e+06	1.03771e+06	1.05099e+06	1.06252e+06	1.07875e+06	1.08466e+06	1.09828e+06	1.10434e+06	1.11627e+06
