HK7K2DSX3_3	forward	A->A	1.27589e+06	1.32108e+06	1.32148e+06	1.32086e+06	1.32491e+06	1.32241e+06	1.32739e+06	1.32307e+06	1.32602e+06	1.32728e+06	1.33131e+06	1.32728e+06	1.32364e+06	1.32415e+06	1.3244e+06	1.32109e+06	1.32677e+06	1.32167e+06	1.31151e+06	1.29286e+06	1.28661e+06	1.28352e+06	1.27922e+06	1.27833e+06	1.27765e+06	1.27794e+06	1.2759e+06	1.27386e+06	1.27804e+06	1.27564e+06	1.27613e+06	1.27389e+06	1.27301e+06	1.27317e+06	1.27112e+06	1.2741e+06	1.26788e+06	1.2693e+06	1.26582e+06	1.26274e+06	1.26604e+06	1.26578e+06	1.2625e+06	1.26459e+06	1.26394e+06	1.26076e+06	1.25774e+06	1.25912e+06	1.25561e+06	1.25519e+06
HK7K2DSX3_3	forward	A->C	20977	46160	46005	46991	46164	47614	47176	47663	47884	48081	47661	47735	46913	47049	48305	47197	46501	47034	38937	28651	25077	24014	22967	22769	22560	21721	21686	21989	21308	21513	21203	20582	20706	20754	20467	20768	19925	20135	19701	19825	19291	19691	19150	18963	18876	18967	18843	18686	18322	18089
HK7K2DSX3_3	forward	A->G	24123	49866	49591	49437	49382	50618	50495	51457	51024	52138	50694	51381	51229	51033	50991	50980	50602	50311	43201	32122	28797	27322	26548	26698	26096	25864	25834	25250	24904	25026	24744	24018	24680	24364	23839	24212	23752	23281	23106	23364	23311	22972	23216	22840	22546	22428	22193	21959	21960	21743
HK7K2DSX3_3	forward	A->T	28790	64630	63734	63131	62675	63107	63652	63006	63194	62274	63763	62535	62439	63320	63126	63375	63160	63273	52271	38300	33256	31334	30763	30001	29335	28721	28876	28389	28456	27830	27503	27540	27369	26774	26537	26707	26263	26419	25883	25699	25748	25715	25626	25713	24954	25423	24925	24341	24611	24106
HK7K2DSX3_3	forward	C->A	20404	46331	46631	46683	46687	46816	47165	46778	47174	47004	47092	46547	47764	47860	46614	47157	48439	47661	40067	29770	25786	25391	24433	23853	23367	23154	23025	22749	22235	22237	22633	22109	21948	21704	22006	21761	21548	21687	21656	21045	20944	20481	20682	20734	20775	20504	20355	20212	20144	19979
HK7K2DSX3_3	forward	C->C	913748	943673	944174	947089	943684	950793	947070	946381	939437	941664	936142	940460	937650	937931	938792	946989	941485	940728	932474	921180	914636	913856	911599	911010	910328	910162	910228	913299	907017	906488	907391	903774	901341	901661	902314	898729	902011	899184	896433	898087	896202	892982	892299	890114	887458	886727	886742	887098	883807	882235
HK7K2DSX3_3	forward	C->G	15550	35654	36363	34808	35773	36124	35649	36052	35445	36127	35810	35763	36014	37084	35573	35876	36168	35859	30033	21541	18992	18099	17177	17212	16883	16822	16890	16106	15843	15884	15870	15342	16066	15255	15186	15281	15175	14897	14968	14691	14736	14568	14275	14597	14428	14260	13850	13952	13626	13723
HK7K2DSX3_3	forward	C->T	29434	55546	54940	54632	53502	53959	54762	53839	53844	53357	54431	54049	53095	54218	54337	53166	53310	53984	45599	35293	32165	30523	30476	29609	29143	29286	28772	28034	28584	28462	27817	27737	27199	27520	27356	27437	26913	27124	26866	26485	26140	26096	26242	25502	25627	25271	25416	25352	24849	25131
HK7K2DSX3_3	forward	G->A	24377	50747	49889	48845	49085	50601	50162	49967	50821	50078	50034	50646	50039	50279	50507	50132	50388	51089	43627	32780	29410	28328	27641	26800	26680	25965	25707	25686	25525	25598	25167	25488	25537	24919	24697	24973	24581	24699	24275	24254	24354	23887	23812	24023	23758	23746	23833	23526	23427	23136
HK7K2DSX3_3	forward	G->C	16176	35122	34709	35229	34976	36450	36312	35414	35507	35810	36315	36354	37299	36048	35964	36175	35860	36233	29747	21386	19301	18299	17413	17391	16919	16861	16635	16501	16373	16334	16204	16086	15893	15523	15506	15313	15075	15168	15154	14892	14697	14934	14595	14541	14392	14097	14221	14312	13911	14092
HK7K2DSX3_3	forward	G->G	888392	914642	921476	921999	923759	921559	920017	918460	916656	913565	911715	912501	918131	920320	920354	918230	917287	918745	910292	896714	890058	888822	889512	890025	890843	888003	890396	889207	886038	887582	883427	884163	884848	883593	885403	883823	883298	880980	882868	882016	879194	879237	876297	876703	875909	876241	874932	873784	872249	873772
HK7K2DSX3_3	forward	G->T	26065	52070	50703	50459	50952	50966	50985	50475	50085	51139	50944	50832	50555	50387	50079	50503	50255	49943	42193	32179	29011	27557	27135	26130	26803	25903	25294	24884	25022	25049	24796	24432	23960	23871	23575	23694	23186	23376	23194	23151	22780	22804	22522	22024	21966	21615	21744	21562	21325	21208
HK7K2DSX3_3	forward	T->A	28468	64197	64411	63247	64098	64297	63485	63276	63433	62908	63124	63136	62419	62695	63093	62833	63604	63184	52369	38166	34323	32799	30890	30121	29745	29130	29222	28715	28392	27955	27990	27878	27650	27625	27074	27138	27269	26646	26691	26531	26235	25736	25635	25315	25703	25649	25214	24661	25258	24673
HK7K2DSX3_3	forward	T->C	24371	50093	49731	50157	50153	51450	51094	51373	52502	51606	52297	51343	51007	50622	50478	50972	51949	50629	41949	32144	29209	28082	26891	26967	26025	26059	26098	25763	25429	25252	25268	24463	24538	24585	24160	23905	24076	23961	23672	23660	23210	23270	23172	22812	22615	22616	22657	22083	22143	22121
HK7K2DSX3_3	forward	T->G	20467	46298	47203	45597	46713	47085	46286	48223	47284	47467	47247	47011	48056	47238	47109	47354	46301	47799	40527	28767	25465	24387	23117	22907	22719	22261	22007	22136	21324	21329	20966	20841	21100	20552	20334	20033	20114	20064	19962	20073	19454	19481	19407	18976	19201	18952	18952	18636	18762	18593
HK7K2DSX3_3	forward	T->T	1.2708e+06	1.31572e+06	1.31094e+06	1.31227e+06	1.30868e+06	1.29705e+06	1.29883e+06	1.30492e+06	1.30969e+06	1.30928e+06	1.3107e+06	1.31154e+06	1.31241e+06	1.30806e+06	1.30832e+06	1.30574e+06	1.30543e+06	1.309e+06	1.29316e+06	1.27693e+06	1.27644e+06	1.27128e+06	1.27191e+06	1.26839e+06	1.26596e+06	1.26696e+06	1.26215e+06	1.26115e+06	1.26488e+06	1.26283e+06	1.26414e+06	1.26875e+06	1.2674e+06	1.26552e+06	1.2621e+06	1.25793e+06	1.25935e+06	1.25783e+06	1.2587e+06	1.25677e+06	1.25504e+06	1.25412e+06	1.25665e+06	1.2529e+06	1.25236e+06	1.25126e+06	1.251e+06	1.24689e+06	1.24899e+06	1.24446e+06
HK7K2DSX3_3	reverse	A->A	112329	177970	210303	244766	278623	299956	332217	361836	392069	419543	445981	471911	496847	520117	543929	568511	586243	611462	619859	622913	639376	654331	674315	688505	705646	724373	737322	754084	771392	784513	799952	819164	831725	843618	855377	867178	880541	893964	906043	918088	928339	938054	951146	959336	968404	979214	987234	993811	1.00529e+06	1.0115e+06
HK7K2DSX3_3	reverse	A->C	22585	35603	37164	36226	38250	38717	38347	39649	39719	40564	40174	39837	41120	40515	40314	41516	39986	40882	33456	23783	20342	18991	17918	17954	17511	17302	17261	17069	16884	17467	16887	16952	17112	16976	16928	16990	17109	16835	16832	16846	16959	17131	16584	16371	16864	16281	16573	16675	16528	16486
HK7K2DSX3_3	reverse	A->G	22084	35107	36164	38146	37468	39543	39890	40096	40960	41574	42009	41928	41215	41468	41809	42478	42498	43029	34142	24726	22052	20831	19566	20313	19191	19472	19598	19375	19089	19474	19745	19361	19655	19609	18939	19366	19239	19768	19722	19701	19611	19532	19520	19254	19385	19685	19681	19165	19157	19459
HK7K2DSX3_3	reverse	A->T	30039	48779	50672	51683	51957	52065	51818	52661	52957	52539	53268	53408	53166	53511	54043	54628	55005	54604	44175	30761	25998	25286	23670	23089	22880	22910	22251	22363	22285	21813	22529	22363	21822	22125	21950	22256	22273	21867	22071	21975	21603	22020	21725	21673	21858	21822	21313	21893	22060	21192
HK7K2DSX3_3	reverse	C->A	22737	36942	37862	38106	37999	38827	39153	39018	39173	40026	40077	40318	40825	40755	40884	41589	41883	41280	33851	24761	21614	20682	20425	19800	20097	19269	19460	19312	19275	19528	19357	19124	19610	19429	19604	19443	19182	19367	19772	19546	19183	19332	19494	19290	19032	19321	19425	19123	19530	19257
HK7K2DSX3_3	reverse	C->C	76534	116389	143950	166735	188890	209644	231604	257334	275263	292954	311388	329484	353132	371045	387483	402219	418253	433903	442220	443120	454057	465366	478198	491809	505914	515766	529075	539339	548849	560572	569902	579890	590550	599824	609319	618279	627449	634434	644411	652182	657956	666901	670644	679346	685993	692153	699934	704018	709850	716680
HK7K2DSX3_3	reverse	C->G	17432	27242	27850	28049	28316	30654	30336	29600	29585	30452	30853	30767	31163	30888	31357	31176	31661	32006	24995	17688	14984	14144	13552	13428	13317	13136	13220	12835	12898	13020	12990	12980	12891	13192	12860	12923	12617	12793	12909	12717	12590	12899	12415	12572	12775	12488	12640	12552	12382	12523
HK7K2DSX3_3	reverse	C->T	21388	35887	36557	36813	38433	39169	38528	39029	39841	39610	40298	40484	40924	41004	41579	42312	42470	42813	35788	25304	22119	21047	20501	20050	19580	19743	19749	19689	19508	19456	19752	19817	19730	19688	19957	20276	20207	20475	20174	20293	20251	19888	20490	20676	20282	20744	20787	20236	20899	20333
HK7K2DSX3_3	reverse	G->A	23157	37249	38149	37919	39128	39476	40893	40933	41323	40698	42468	41973	41366	42980	42785	42727	43740	44121	35340	26435	23777	21922	22154	20832	20806	21228	21621	20780	21647	21540	21024	21226	21134	21832	21613	21435	21659	21519	21618	21626	21781	21323	21893	21292	21775	21526	21378	21712	21520	21676
HK7K2DSX3_3	reverse	G->C	17378	27573	28570	28468	28997	29553	30700	30325	30540	29990	30504	30106	31004	30974	31184	30879	30851	31185	25663	17784	15208	14078	13387	13663	13738	13461	13156	13051	12845	13214	13032	12780	13876	12824	12738	13170	13013	12970	12780	12877	12910	12977	12673	13016	12625	12743	12653	12509	12553	12977
HK7K2DSX3_3	reverse	G->G	74802	116560	142916	167567	190137	218574	238115	258501	278716	298903	316147	338485	356141	372509	391275	412095	427322	442488	448947	452806	462229	476565	488201	502872	512851	526460	539471	553248	561160	572215	584374	590931	601424	610139	621597	627586	640497	647246	653793	662730	670532	676130	683124	688725	695195	700601	708794	715211	718255	723282
HK7K2DSX3_3	reverse	G->T	20910	36075	36879	37165	37389	37297	38513	38635	38630	39090	38847	38739	39983	40203	40330	39807	40759	41093	32956	23489	20020	19053	18495	18019	17944	17658	17752	17601	17965	17878	18110	17881	17536	17499	17778	17522	17720	18380	18235	17427	17501	17433	17370	17417	17980	17890	17731	17792	17899	17250
HK7K2DSX3_3	reverse	T->A	30667	50099	50526	50927	51111	51922	52587	52813	53089	53096	53647	53329	53890	55166	54859	54316	55087	55653	44088	30711	26425	24835	23858	23399	23273	23046	22934	22737	22966	22437	22444	22368	22766	22399	22166	21935	21904	22143	21960	22272	22365	22144	22582	22226	21919	22707	22020	22178	22294	22202
HK7K2DSX3_3	reverse	T->C	22480	35816	37633	37541	37668	39315	40315	40324	41087	41345	41747	41832	42053	41552	42738	41773	42485	42700	34783	24813	21743	20411	20224	19833	19761	19789	19325	19387	19010	19291	19454	19406	20191	19655	19499	19688	19222	19080	19102	19856	19772	19559	19579	19615	19425	19395	19439	19310	19184	19841
HK7K2DSX3_3	reverse	T->G	24339	36191	36358	37057	36683	38910	39478	39401	39801	40543	39944	41215	39586	40148	41383	41123	40724	41146	32934	23249	20078	18762	18023	17813	17365	16924	17036	17567	17458	17888	17580	16957	17252	17199	17040	17301	17044	17067	16657	16976	16740	16669	16816	17051	16799	16318	16799	16711	16745	16290
HK7K2DSX3_3	reverse	T->T	108936	173115	208177	243408	275359	303846	335096	362697	391181	421062	449799	476729	499132	526507	548714	570288	599636	618117	630537	628156	642886	660972	677411	694702	712877	728830	745248	761195	779745	794365	807941	822979	834769	852524	866052	881687	889517	901785	912890	921567	935353	947092	956873	968672	978080	986649	992543	1.00376e+06	1.00956e+06	1.01929e+06
