	21.0	22.0	23.0	24.0	25.0	26.0	27.0	28.0	29.0	30.0	31.0	32.0	33.0	34.0	35.0	36.0	37.0
Sne-ATaw_001-Ex1-lcwgs.clmp.r1	3.0	56.0	1287.0	19119.0	70336.0	115224.0	168742.0	236082.0	326138.0	426551.0	546989.0	682355.0	905027.0	1346053.0	2937862.0	15972298.0	4804815.0
	20.0	21.0	22.0	23.0	24.0	25.0	26.0	27.0	28.0	29.0	30.0	31.0	32.0	33.0	34.0	35.0	36.0	37.0
Sne-ATaw_001-Ex1-lcwgs.clmp.r2	1.0	11.0	197.0	6303.0	60703.0	153609.0	193971.0	233290.0	278743.0	344086.0	423748.0	545735.0	728590.0	1083253.0	1889193.0	4371419.0	13585762.0	4660323.0
	21.0	22.0	23.0	24.0	25.0	26.0	27.0	28.0	29.0	30.0	31.0	32.0	33.0	34.0	35.0	36.0	37.0
Sne-ATaw_002-Ex1-lcwgs.clmp.r1	3.0	15.0	1208.0	23667.0	76809.0	116816.0	163166.0	219939.0	294025.0	387304.0	506857.0	650374.0	863043.0	1282411.0	2639107.0	14403396.0	2663078.0
	20.0	21.0	22.0	23.0	24.0	25.0	26.0	27.0	28.0	29.0	30.0	31.0	32.0	33.0	34.0	35.0	36.0	37.0
Sne-ATaw_002-Ex1-lcwgs.clmp.r2	3.0	6.0	94.0	5289.0	64011.0	152051.0	187312.0	229626.0	287846.0	372775.0	487008.0	650201.0	911148.0	1414202.0	2510977.0	5289580.0	10414528.0	1314561.0
	20.0	21.0	22.0	23.0	24.0	25.0	26.0	27.0	28.0	29.0	30.0	31.0	32.0	33.0	34.0	35.0	36.0	37.0
Sne-ATaw_003-Ex1-lcwgs.clmp.r1	1.0	11.0	41.0	2788.0	53434.0	176976.0	269011.0	376139.0	508878.0	687389.0	900165.0	1173361.0	1501988.0	1995140.0	2974663.0	6176192.0	31852229.0	4686593.0
	20.0	21.0	22.0	23.0	24.0	25.0	26.0	27.0	28.0	29.0	30.0	31.0	32.0	33.0	34.0	35.0	36.0	37.0
Sne-ATaw_003-Ex1-lcwgs.clmp.r2	4.0	9.0	201.0	12591.0	150228.0	356813.0	444168.0	548362.0	687855.0	894552.0	1166226.0	1560136.0	2175492.0	3343960.0	5848470.0	12011955.0	21965938.0	2168039.0
	21.0	22.0	23.0	24.0	25.0	26.0	27.0	28.0	29.0	30.0	31.0	32.0	33.0	34.0	35.0	36.0	37.0
Sne-ATaw_004-Ex1-lcwgs.clmp.r1	2.0	46.0	1205.0	17045.0	60932.0	97999.0	142959.0	200342.0	277131.0	358825.0	451774.0	556613.0	729596.0	1077321.0	2370513.0	12902431.0	3868508.0
	21.0	22.0	23.0	24.0	25.0	26.0	27.0	28.0	29.0	30.0	31.0	32.0	33.0	34.0	35.0	36.0	37.0
Sne-ATaw_004-Ex1-lcwgs.clmp.r2	9.0	189.0	5348.0	48673.0	123209.0	157006.0	190368.0	227613.0	278010.0	338075.0	428008.0	564443.0	832868.0	1430489.0	3294424.0	10976137.0	4218373.0
	21.0	22.0	23.0	24.0	25.0	26.0	27.0	28.0	29.0	30.0	31.0	32.0	33.0	34.0	35.0	36.0	37.0
Sne-ATaw_005-Ex1-lcwgs.clmp.r1	1.0	48.0	1573.0	22111.0	78401.0	124252.0	175981.0	239810.0	324333.0	417580.0	521508.0	641551.0	841713.0	1259015.0	2784493.0	14324813.0	3943997.0
	21.0	22.0	23.0	24.0	25.0	26.0	27.0	28.0	29.0	30.0	31.0	32.0	33.0	34.0	35.0	36.0	37.0
Sne-ATaw_005-Ex1-lcwgs.clmp.r2	2.0	237.0	7113.0	63695.0	159313.0	201199.0	240571.0	284662.0	344769.0	415150.0	526987.0	697096.0	1031942.0	1770913.0	3907609.0	11780093.0	4269829.0
	21.0	22.0	23.0	24.0	25.0	26.0	27.0	28.0	29.0	30.0	31.0	32.0	33.0	34.0	35.0	36.0	37.0
Sne-ATaw_006-Ex1-lcwgs.clmp.r1	8.0	53.0	1800.0	24814.0	83267.0	128843.0	182347.0	245440.0	330037.0	415851.0	506079.0	596192.0	741493.0	1041304.0	2157210.0	12240307.0	4180577.0
	21.0	22.0	23.0	24.0	25.0	26.0	27.0	28.0	29.0	30.0	31.0	32.0	33.0	34.0	35.0	36.0	37.0
Sne-ATaw_006-Ex1-lcwgs.clmp.r2	16.0	204.0	7178.0	65027.0	159072.0	201378.0	241613.0	285451.0	345558.0	410648.0	504521.0	641155.0	904212.0	1478860.0	3241475.0	10470198.0	3919056.0
	20.0	21.0	22.0	23.0	24.0	25.0	26.0	27.0	28.0	29.0	30.0	31.0	32.0	33.0	34.0	35.0	36.0	37.0
Sne-ATaw_007-Ex1-lcwgs.clmp.r1	1.0	4.0	12.0	699.0	13947.0	45963.0	70531.0	100279.0	136795.0	186156.0	247511.0	326414.0	419411.0	555957.0	830239.0	1732724.0	9121500.0	1723179.0
	21.0	22.0	23.0	24.0	25.0	26.0	27.0	28.0	29.0	30.0	31.0	32.0	33.0	34.0	35.0	36.0	37.0
Sne-ATaw_007-Ex1-lcwgs.clmp.r2	1.0	54.0	2832.0	34975.0	85399.0	106813.0	133455.0	168256.0	220249.0	288450.0	383097.0	528686.0	811940.0	1437474.0	3130979.0	7046836.0	1131826.0
	21.0	22.0	23.0	24.0	25.0	26.0	27.0	28.0	29.0	30.0	31.0	32.0	33.0	34.0	35.0	36.0	37.0
Sne-ATaw_008-Ex1-lcwgs.clmp.r1	3.0	45.0	1132.0	14246.0	48127.0	77914.0	114485.0	161169.0	223804.0	291473.0	370043.0	455337.0	595078.0	883114.0	1958019.0	11254134.0	3651828.0
	21.0	22.0	23.0	24.0	25.0	26.0	27.0	28.0	29.0	30.0	31.0	32.0	33.0	34.0	35.0	36.0	37.0
Sne-ATaw_008-Ex1-lcwgs.clmp.r2	5.0	138.0	4146.0	38784.0	95399.0	121093.0	147051.0	177161.0	218587.0	263727.0	333568.0	438395.0	652478.0	1147520.0	2769790.0	9777854.0	3914255.0
	21.0	22.0	23.0	24.0	25.0	26.0	27.0	28.0	29.0	30.0	31.0	32.0	33.0	34.0	35.0	36.0	37.0
Sne-ATaw_009-Ex1-lcwgs.clmp.r1	3.0	55.0	1475.0	19457.0	69831.0	115242.0	170498.0	240381.0	332545.0	429943.0	535772.0	656816.0	856266.0	1281179.0	2957879.0	15355339.0	3505989.0
	21.0	22.0	23.0	24.0	25.0	26.0	27.0	28.0	29.0	30.0	31.0	32.0	33.0	34.0	35.0	36.0	37.0
Sne-ATaw_009-Ex1-lcwgs.clmp.r2	7.0	266.0	7286.0	64480.0	159951.0	203991.0	245506.0	290290.0	351373.0	423093.0	534855.0	707780.0	1040243.0	1772865.0	3988909.0	12563680.0	4174095.0
	21.0	22.0	23.0	24.0	25.0	26.0	27.0	28.0	29.0	30.0	31.0	32.0	33.0	34.0	35.0	36.0	37.0
Sne-ATaw_010-Ex1-lcwgs.clmp.r1	3.0	31.0	1306.0	20536.0	70069.0	112084.0	162358.0	226568.0	312832.0	407675.0	525138.0	657510.0	871315.0	1314560.0	3034761.0	15935971.0	3198901.0
	21.0	22.0	23.0	24.0	25.0	26.0	27.0	28.0	29.0	30.0	31.0	32.0	33.0	34.0	35.0	36.0	37.0
Sne-ATaw_010-Ex1-lcwgs.clmp.r2	9.0	170.0	5969.0	59973.0	143594.0	182306.0	222045.0	270780.0	341507.0	427005.0	555097.0	757518.0	1155924.0	2046235.0	4563698.0	12508977.0	3610811.0
	20.0	21.0	22.0	23.0	24.0	25.0	26.0	27.0	28.0	29.0	30.0	31.0	32.0	33.0	34.0	35.0	36.0	37.0
Sne-ATaw_011-Ex1-lcwgs.clmp.r1	1.0	4.0	53.0	1505.0	20722.0	78072.0	128116.0	187500.0	263694.0	363432.0	463298.0	577354.0	702808.0	922927.0	1398141.0	3320236.0	15231928.0	3330054.0
	21.0	22.0	23.0	24.0	25.0	26.0	27.0	28.0	29.0	30.0	31.0	32.0	33.0	34.0	35.0	36.0	37.0
Sne-ATaw_011-Ex1-lcwgs.clmp.r2	8.0	185.0	6338.0	57172.0	152802.0	197158.0	236007.0	277207.0	334946.0	402001.0	511235.0	676366.0	994186.0	1684452.0	3748598.0	12463158.0	5248026.0
	21.0	22.0	23.0	24.0	25.0	26.0	27.0	28.0	29.0	30.0	31.0	32.0	33.0	34.0	35.0	36.0	37.0
Sne-ATaw_012-Ex1-lcwgs.clmp.r1	2.0	37.0	1215.0	19109.0	66162.0	103891.0	149240.0	206027.0	281320.0	368935.0	475714.0	598115.0	799713.0	1214155.0	2783422.0	13824072.0	2895315.0
	20.0	21.0	22.0	23.0	24.0	25.0	26.0	27.0	28.0	29.0	30.0	31.0	32.0	33.0	34.0	35.0	36.0	37.0
Sne-ATaw_012-Ex1-lcwgs.clmp.r2	2.0	2.0	160.0	5404.0	53496.0	130121.0	163179.0	197001.0	239410.0	301331.0	379194.0	494671.0	672038.0	1018730.0	1791507.0	4015312.0	10885246.0	3439640.0
	21.0	22.0	23.0	24.0	25.0	26.0	27.0	28.0	29.0	30.0	31.0	32.0	33.0	34.0	35.0	36.0	37.0
Sne-ATaw_013-Ex1-lcwgs.clmp.r1	3.0	48.0	1636.0	21550.0	73255.0	114901.0	164885.0	227827.0	313735.0	408055.0	521097.0	650345.0	865413.0	1314837.0	3075855.0	14346070.0	3589395.0
	20.0	21.0	22.0	23.0	24.0	25.0	26.0	27.0	28.0	29.0	30.0	31.0	32.0	33.0	34.0	35.0	36.0	37.0
Sne-ATaw_013-Ex1-lcwgs.clmp.r2	2.0	5.0	201.0	6600.0	60718.0	146745.0	182802.0	216355.0	256081.0	316779.0	392049.0	507446.0	677881.0	1017404.0	1747679.0	3848592.0	11368850.0	4942718.0
	21.0	22.0	23.0	24.0	25.0	26.0	27.0	28.0	29.0	30.0	31.0	32.0	33.0	34.0	35.0	36.0	37.0
Sne-ATaw_014-Ex1-lcwgs.clmp.r1	4.0	49.0	1445.0	19391.0	72832.0	119748.0	175945.0	247088.0	338149.0	429345.0	529662.0	636970.0	817295.0	1208066.0	2756751.0	13129226.0	2748250.0
	21.0	22.0	23.0	24.0	25.0	26.0	27.0	28.0	29.0	30.0	31.0	32.0	33.0	34.0	35.0	36.0	37.0
Sne-ATaw_014-Ex1-lcwgs.clmp.r2	7.0	226.0	6223.0	57258.0	148899.0	194279.0	235927.0	281396.0	341100.0	411587.0	518981.0	683086.0	990423.0	1636855.0	3495052.0	10541083.0	3687834.0
	21.0	22.0	23.0	24.0	25.0	26.0	27.0	28.0	29.0	30.0	31.0	32.0	33.0	34.0	35.0	36.0	37.0
Sne-ATaw_015-Ex1-lcwgs.clmp.r1	1.0	37.0	1128.0	15403.0	49004.0	75322.0	107061.0	145965.0	198564.0	254242.0	316669.0	381552.0	480436.0	676438.0	1409213.0	6864772.0	1570315.0
	21.0	22.0	23.0	24.0	25.0	26.0	27.0	28.0	29.0	30.0	31.0	32.0	33.0	34.0	35.0	36.0	37.0
Sne-ATaw_015-Ex1-lcwgs.clmp.r2	7.0	123.0	3562.0	34897.0	84580.0	107942.0	134094.0	165448.0	205941.0	254079.0	322852.0	420782.0	597504.0	960339.0	1979089.0	5548338.0	1726545.0
	21.0	22.0	23.0	24.0	25.0	26.0	27.0	28.0	29.0	30.0	31.0	32.0	33.0	34.0	35.0	36.0	37.0
Sne-ATaw_016-Ex1-lcwgs.clmp.r1	3.0	40.0	1254.0	18019.0	60338.0	94705.0	136528.0	188040.0	258143.0	329003.0	412079.0	504106.0	660578.0	992748.0	2304389.0	10628083.0	2554830.0
	20.0	21.0	22.0	23.0	24.0	25.0	26.0	27.0	28.0	29.0	30.0	31.0	32.0	33.0	34.0	35.0	36.0	37.0
Sne-ATaw_016-Ex1-lcwgs.clmp.r2	1.0	10.0	171.0	5116.0	45449.0	113572.0	143212.0	171958.0	203848.0	247940.0	298117.0	374736.0	487335.0	707709.0	1194275.0	2684780.0	8772117.0	3692540.0
	21.0	22.0	23.0	24.0	25.0	26.0	27.0	28.0	29.0	30.0	31.0	32.0	33.0	34.0	35.0	36.0	37.0
Sne-ATaw_017-Ex1-lcwgs.clmp.r1	1.0	43.0	1317.0	19259.0	69272.0	114231.0	171283.0	244738.0	342767.0	449158.0	572896.0	714180.0	942124.0	1418788.0	3158619.0	18073815.0	4922785.0
	20.0	21.0	22.0	23.0	24.0	25.0	26.0	27.0	28.0	29.0	30.0	31.0	32.0	33.0	34.0	35.0	36.0	37.0
Sne-ATaw_017-Ex1-lcwgs.clmp.r2	2.0	7.0	227.0	7137.0	66665.0	165688.0	210034.0	255945.0	310683.0	384475.0	472892.0	611339.0	825165.0	1248874.0	2214952.0	5076542.0	14915141.0	4449508.0
	21.0	22.0	23.0	24.0	25.0	26.0	27.0	28.0	29.0	30.0	31.0	32.0	33.0	34.0	35.0	36.0	37.0
Sne-ATaw_018-Ex1-lcwgs.clmp.r1	4.0	82.0	1925.0	29276.0	106799.0	173213.0	249691.0	347192.0	476397.0	615230.0	776105.0	964033.0	1276455.0	1932164.0	4363907.0	22781208.0	5774282.0
	21.0	22.0	23.0	24.0	25.0	26.0	27.0	28.0	29.0	30.0	31.0	32.0	33.0	34.0	35.0	36.0	37.0
Sne-ATaw_018-Ex1-lcwgs.clmp.r2	9.0	320.0	9590.0	91870.0	236061.0	303912.0	366014.0	434778.0	527595.0	642962.0	823110.0	1109668.0	1670935.0	2901656.0	6361895.0	18267880.0	6119708.0
	21.0	22.0	23.0	24.0	25.0	26.0	27.0	28.0	29.0	30.0	31.0	32.0	33.0	34.0	35.0	36.0	37.0
Sne-ATaw_019-Ex1-lcwgs.clmp.r1	3.0	20.0	809.0	14186.0	45882.0	70762.0	98518.0	136202.0	186119.0	247627.0	328772.0	429276.0	587642.0	905636.0	1965694.0	10325209.0	1840789.0
	20.0	21.0	22.0	23.0	24.0	25.0	26.0	27.0	28.0	29.0	30.0	31.0	32.0	33.0	34.0	35.0	36.0	37.0
Sne-ATaw_019-Ex1-lcwgs.clmp.r2	3.0	2.0	70.0	3655.0	42294.0	98332.0	123076.0	153043.0	191970.0	249867.0	325836.0	440265.0	630816.0	1006004.0	1821711.0	3780647.0	7155988.0	1159567.0
	21.0	22.0	23.0	24.0	25.0	26.0	27.0	28.0	29.0	30.0	31.0	32.0	33.0	34.0	35.0	36.0	37.0
Sne-ATaw_020-Ex1-lcwgs.clmp.r1	5.0	43.0	1237.0	17762.0	65696.0	107822.0	158386.0	223240.0	310197.0	403476.0	510571.0	631398.0	828614.0	1236767.0	2727117.0	14702904.0	3668922.0
	21.0	22.0	23.0	24.0	25.0	26.0	27.0	28.0	29.0	30.0	31.0	32.0	33.0	34.0	35.0	36.0	37.0
Sne-ATaw_020-Ex1-lcwgs.clmp.r2	6.0	198.0	6134.0	56450.0	145652.0	187574.0	229688.0	278283.0	341498.0	418957.0	539118.0	723389.0	1074675.0	1857032.0	4106388.0	11992255.0	3636860.0
	21.0	22.0	23.0	24.0	25.0	26.0	27.0	28.0	29.0	30.0	31.0	32.0	33.0	34.0	35.0	36.0	37.0
Sne-ATaw_021-Ex1-lcwgs.clmp.r1	2.0	37.0	1253.0	18644.0	66397.0	106779.0	155409.0	218517.0	302653.0	397320.0	507796.0	633675.0	842800.0	1272108.0	2843609.0	15065004.0	4273214.0
	21.0	22.0	23.0	24.0	25.0	26.0	27.0	28.0	29.0	30.0	31.0	32.0	33.0	34.0	35.0	36.0	37.0
Sne-ATaw_021-Ex1-lcwgs.clmp.r2	3.0	170.0	6015.0	56364.0	141983.0	179590.0	218184.0	263082.0	328595.0	406343.0	526809.0	716053.0	1091212.0	1915886.0	4242955.0	12208666.0	4403307.0
	21.0	22.0	23.0	24.0	25.0	26.0	27.0	28.0	29.0	30.0	31.0	32.0	33.0	34.0	35.0	36.0	37.0
Sne-ATaw_022-Ex1-lcwgs.clmp.r1	3.0	44.0	1024.0	14543.0	59409.0	100058.0	147754.0	208996.0	290487.0	375754.0	475245.0	581204.0	762477.0	1128119.0	2479512.0	13975489.0	4779123.0
	21.0	22.0	23.0	24.0	25.0	26.0	27.0	28.0	29.0	30.0	31.0	32.0	33.0	34.0	35.0	36.0	37.0
Sne-ATaw_022-Ex1-lcwgs.clmp.r2	4.0	187.0	5014.0	48477.0	132540.0	170265.0	201190.0	235348.0	281962.0	339497.0	426818.0	558003.0	811244.0	1372636.0	3243590.0	12446367.0	5106099.0
	21.0	22.0	23.0	24.0	25.0	26.0	27.0	28.0	29.0	30.0	31.0	32.0	33.0	34.0	35.0	36.0	37.0
Sne-ATaw_023-Ex1-lcwgs.clmp.r1	4.0	34.0	1349.0	20304.0	75134.0	120300.0	172990.0	240585.0	330166.0	423411.0	528923.0	644130.0	833610.0	1220256.0	2618432.0	13363911.0	3226164.0
	19.0	20.0	21.0	22.0	23.0	24.0	25.0	26.0	27.0	28.0	29.0	30.0	31.0	32.0	33.0	34.0	35.0	36.0	37.0
Sne-ATaw_023-Ex1-lcwgs.clmp.r2	1.0	1.0	2.0	198.0	5781.0	56548.0	149087.0	194168.0	236576.0	284889.0	349248.0	423936.0	533728.0	699865.0	1011944.0	1683909.0	3685783.0	11198047.0	3305992.0
	21.0	22.0	23.0	24.0	25.0	26.0	27.0	28.0	29.0	30.0	31.0	32.0	33.0	34.0	35.0	36.0	37.0
Sne-ATaw_024-Ex1-lcwgs.clmp.r1	3.0	54.0	1399.0	17620.0	57567.0	92432.0	134449.0	188609.0	260578.0	337512.0	425366.0	522854.0	685433.0	1018186.0	2244514.0	12594186.0	3976958.0
	21.0	22.0	23.0	24.0	25.0	26.0	27.0	28.0	29.0	30.0	31.0	32.0	33.0	34.0	35.0	36.0	37.0
Sne-ATaw_024-Ex1-lcwgs.clmp.r2	2.0	171.0	5145.0	46652.0	115308.0	147114.0	178855.0	215803.0	264679.0	320084.0	401185.0	525665.0	774098.0	1350506.0	3180377.0	10842953.0	4189123.0
	21.0	22.0	23.0	24.0	25.0	26.0	27.0	28.0	29.0	30.0	31.0	32.0	33.0	34.0	35.0	36.0	37.0
Sne-ATaw_025-Ex1-lcwgs.clmp.r1	3.0	56.0	1060.0	13838.0	51816.0	88398.0	137035.0	198627.0	281425.0	367447.0	465110.0	572513.0	756515.0	1137493.0	2590782.0	14869979.0	5211134.0
	21.0	22.0	23.0	24.0	25.0	26.0	27.0	28.0	29.0	30.0	31.0	32.0	33.0	34.0	35.0	36.0	37.0
Sne-ATaw_025-Ex1-lcwgs.clmp.r2	2.0	183.0	5000.0	42712.0	110898.0	144149.0	176636.0	211434.0	254069.0	305640.0	387668.0	514310.0	771323.0	1370188.0	3397347.0	13208386.0	5843286.0
	21.0	22.0	23.0	24.0	25.0	26.0	27.0	28.0	29.0	30.0	31.0	32.0	33.0	34.0	35.0	36.0	37.0
Sne-ATaw_026-Ex1-lcwgs.clmp.r1	4.0	43.0	1234.0	19428.0	76428.0	129007.0	195699.0	281070.0	392742.0	507564.0	639368.0	788388.0	1035106.0	1556599.0	3483558.0	18284879.0	3831812.0
	20.0	21.0	22.0	23.0	24.0	25.0	26.0	27.0	28.0	29.0	30.0	31.0	32.0	33.0	34.0	35.0	36.0	37.0
Sne-ATaw_026-Ex1-lcwgs.clmp.r2	1.0	6.0	158.0	4915.0	49135.0	137974.0	188889.0	236626.0	292451.0	364068.0	452194.0	585172.0	791461.0	1187021.0	2071084.0	4774937.0	15560336.0	4526501.0
	20.0	21.0	22.0	23.0	24.0	25.0	26.0	27.0	28.0	29.0	30.0	31.0	32.0	33.0	34.0	35.0	36.0	37.0
Sne-ATaw_027-Ex1-lcwgs.clmp.r1	1.0	4.0	47.0	856.0	12120.0	47637.0	78772.0	116583.0	166801.0	233483.0	301745.0	381321.0	471971.0	629693.0	951830.0	2143013.0	10497379.0	2989068.0
	21.0	22.0	23.0	24.0	25.0	26.0	27.0	28.0	29.0	30.0	31.0	32.0	33.0	34.0	35.0	36.0	37.0
Sne-ATaw_027-Ex1-lcwgs.clmp.r2	4.0	171.0	4560.0	39449.0	102087.0	132273.0	156693.0	178981.0	208005.0	244571.0	307796.0	407709.0	607642.0	1051719.0	2458096.0	9058215.0	4064353.0
	21.0	22.0	23.0	24.0	25.0	26.0	27.0	28.0	29.0	30.0	31.0	32.0	33.0	34.0	35.0	36.0	37.0
Sne-CTaw_004-Ex1-lcwgs.clmp.r1	1.0	49.0	1407.0	21931.0	81697.0	131642.0	192289.0	272719.0	382769.0	510719.0	665716.0	865505.0	1211344.0	1955577.0	4414106.0	18511794.0	1939957.0
	21.0	22.0	23.0	24.0	25.0	26.0	27.0	28.0	29.0	30.0	31.0	32.0	33.0	34.0	35.0	36.0	37.0
Sne-CTaw_004-Ex1-lcwgs.clmp.r2	7.0	233.0	7421.0	77318.0	203128.0	260966.0	318447.0	387446.0	479761.0	597378.0	779960.0	1077566.0	1667005.0	2962835.0	6326641.0	14247495.0	1765615.0
	21.0	22.0	23.0	24.0	25.0	26.0	27.0	28.0	29.0	30.0	31.0	32.0	33.0	34.0	35.0	36.0	37.0
Sne-CTaw_005-Ex1-lcwgs.clmp.r1	2.0	23.0	501.0	8263.0	32905.0	55227.0	83942.0	123093.0	175836.0	235140.0	305270.0	395203.0	547179.0	879708.0	2070040.0	9809377.0	999543.0
	21.0	22.0	23.0	24.0	25.0	26.0	27.0	28.0	29.0	30.0	31.0	32.0	33.0	34.0	35.0	36.0	37.0
Sne-CTaw_005-Ex1-lcwgs.clmp.r2	2.0	87.0	2492.0	26387.0	74481.0	101297.0	128964.0	160709.0	201178.0	250983.0	331108.0	463052.0	731065.0	1364465.0	3191442.0	7742974.0	950566.0
	21.0	22.0	23.0	24.0	25.0	26.0	27.0	28.0	29.0	30.0	31.0	32.0	33.0	34.0	35.0	36.0	37.0
Sne-CTaw_006-Ex1-lcwgs.clmp.r1	15.0	155.0	4602.0	78132.0	305249.0	496409.0	720091.0	997989.0	1350375.0	1702770.0	2052623.0	2389221.0	2840728.0	3652217.0	6269766.0	28832046.0	5203637.0
	20.0	21.0	22.0	23.0	24.0	25.0	26.0	27.0	28.0	29.0	30.0	31.0	32.0	33.0	34.0	35.0	36.0	37.0
Sne-CTaw_006-Ex1-lcwgs.clmp.r2	2.0	22.0	559.0	18662.0	208389.0	603762.0	803131.0	982977.0	1189546.0	1454843.0	1761702.0	2180337.0	2743118.0	3617729.0	5279955.0	9893843.0	23117012.0	3040436.0
	22.0	23.0	24.0	25.0	26.0	27.0	28.0	29.0	30.0	31.0	32.0	33.0	34.0	35.0	36.0	37.0
Sne-CTaw_008-Ex1-lcwgs.clmp.r1	6.0	148.0	2309.0	8920.0	15162.0	22712.0	33181.0	46995.0	62614.0	81243.0	104603.0	144976.0	228756.0	524333.0	2509401.0	374253.0
	21.0	22.0	23.0	24.0	25.0	26.0	27.0	28.0	29.0	30.0	31.0	32.0	33.0	34.0	35.0	36.0	37.0
Sne-CTaw_008-Ex1-lcwgs.clmp.r2	1.0	20.0	808.0	7688.0	20923.0	27432.0	34642.0	42042.0	52746.0	65949.0	85334.0	118879.0	183411.0	330277.0	741988.0	2024228.0	423244.0
	21.0	22.0	23.0	24.0	25.0	26.0	27.0	28.0	29.0	30.0	31.0	32.0	33.0	34.0	35.0	36.0	37.0
Sne-CTaw_009-Ex1-lcwgs.clmp.r1	9.0	48.0	1458.0	25270.0	98386.0	164239.0	245107.0	353895.0	500206.0	665376.0	862689.0	1119277.0	1565290.0	2538905.0	5774112.0	24591155.0	2521345.0
	20.0	21.0	22.0	23.0	24.0	25.0	26.0	27.0	28.0	29.0	30.0	31.0	32.0	33.0	34.0	35.0	36.0	37.0
Sne-CTaw_009-Ex1-lcwgs.clmp.r2	1.0	7.0	273.0	8922.0	92030.0	241903.0	316316.0	391757.0	479850.0	597903.0	748034.0	984166.0	1366926.0	2126946.0	3809859.0	8169291.0	19029632.0	2662951.0
	21.0	22.0	23.0	24.0	25.0	26.0	27.0	28.0	29.0	30.0	31.0	32.0	33.0	34.0	35.0	36.0	37.0
Sne-CTaw_010-Ex1-lcwgs.clmp.r1	3.0	44.0	1137.0	18509.0	72408.0	122171.0	185315.0	270933.0	388114.0	521726.0	680507.0	889125.0	1249144.0	2054704.0	4846969.0	21728565.0	1969616.0
	21.0	22.0	23.0	24.0	25.0	26.0	27.0	28.0	29.0	30.0	31.0	32.0	33.0	34.0	35.0	36.0	37.0
Sne-CTaw_010-Ex1-lcwgs.clmp.r2	8.0	209.0	6721.0	68715.0	186997.0	252321.0	319029.0	395568.0	497991.0	629063.0	840381.0	1194437.0	1899617.0	3469760.0	7351250.0	15854089.0	2032834.0
	22.0	23.0	24.0	25.0	26.0	27.0	28.0	29.0	30.0	31.0	32.0	33.0	34.0	35.0	36.0	37.0
Sne-CTaw_011-Ex1-lcwgs.clmp.r1	6.0	88.0	1454.0	5568.0	9518.0	14301.0	20258.0	29312.0	39635.0	52148.0	68712.0	97555.0	157058.0	360030.0	1534516.0	209929.0
	22.0	23.0	24.0	25.0	26.0	27.0	28.0	29.0	30.0	31.0	32.0	33.0	34.0	35.0	36.0	37.0
Sne-CTaw_011-Ex1-lcwgs.clmp.r2	10.0	417.0	4706.0	12313.0	15806.0	19162.0	24013.0	30144.0	37990.0	50739.0	71141.0	111365.0	206022.0	477656.0	1285080.0	253524.0
	22.0	23.0	24.0	25.0	26.0	27.0	28.0	29.0	30.0	31.0	32.0	33.0	34.0	35.0	36.0	37.0
Sne-CTaw_012-Ex1-lcwgs.clmp.r1	1.0	48.0	644.0	2164.0	3533.0	5480.0	8012.0	11464.0	15434.0	20277.0	26319.0	36395.0	57486.0	129342.0	554251.0	167375.0
	22.0	23.0	24.0	25.0	26.0	27.0	28.0	29.0	30.0	31.0	32.0	33.0	34.0	35.0	36.0	37.0
Sne-CTaw_012-Ex1-lcwgs.clmp.r2	7.0	176.0	1824.0	4201.0	5438.0	6762.0	8179.0	10507.0	13242.0	17314.0	24208.0	37499.0	67257.0	152770.0	467369.0	221472.0
	21.0	22.0	23.0	24.0	25.0	26.0	27.0	28.0	29.0	30.0	31.0	32.0	33.0	34.0	35.0	36.0	37.0
Sne-CTaw_015-Ex1-lcwgs.clmp.r1	8.0	188.0	3990.0	61136.0	235428.0	388843.0	570191.0	811446.0	1124695.0	1465658.0	1850732.0	2301476.0	3038313.0	4602563.0	10334324.0	54627440.0	5934787.0
	21.0	22.0	23.0	24.0	25.0	26.0	27.0	28.0	29.0	30.0	31.0	32.0	33.0	34.0	35.0	36.0	37.0
Sne-CTaw_015-Ex1-lcwgs.clmp.r2	15.0	738.0	22643.0	224509.0	602298.0	795008.0	989803.0	1209295.0	1490143.0	1842290.0	2375431.0	3228444.0	4882632.0	8498459.0	17717476.0	38825736.0	4646298.0
	21.0	22.0	23.0	24.0	25.0	26.0	27.0	28.0	29.0	30.0	31.0	32.0	33.0	34.0	35.0	36.0	37.0
Sne-CTaw_016-Ex1-lcwgs.clmp.r1	3.0	37.0	979.0	15138.0	57679.0	95825.0	142452.0	206050.0	291402.0	389275.0	502035.0	644888.0	885317.0	1406150.0	3252143.0	15333919.0	1592232.0
	20.0	21.0	22.0	23.0	24.0	25.0	26.0	27.0	28.0	29.0	30.0	31.0	32.0	33.0	34.0	35.0	36.0	37.0
Sne-CTaw_016-Ex1-lcwgs.clmp.r2	1.0	3.0	188.0	5690.0	57509.0	153930.0	204224.0	253385.0	310898.0	387113.0	482992.0	636789.0	890181.0	1389740.0	2480954.0	5192477.0	11120385.0	1249065.0
	19.0	20.0	21.0	22.0	23.0	24.0	25.0	26.0	27.0	28.0	29.0	30.0	31.0	32.0	33.0	34.0	35.0	36.0	37.0
Sne-CTaw_020-Ex1-lcwgs.clmp.r1	1.0	0.0	4.0	84.0	2017.0	33115.0	124775.0	206030.0	307526.0	443840.0	621272.0	815601.0	1037984.0	1304607.0	1760117.0	2733921.0	6137903.0	27969594.0	2676191.0
	21.0	22.0	23.0	24.0	25.0	26.0	27.0	28.0	29.0	30.0	31.0	32.0	33.0	34.0	35.0	36.0	37.0
Sne-CTaw_020-Ex1-lcwgs.clmp.r2	5.0	194.0	7468.0	84616.0	241887.0	328812.0	417118.0	517553.0	642779.0	800290.0	1036404.0	1409882.0	2128733.0	3768720.0	8616375.0	22872285.0	3301461.0
	21.0	22.0	23.0	24.0	25.0	26.0	27.0	28.0	29.0	30.0	31.0	32.0	33.0	34.0	35.0	36.0	37.0
Sne-CTaw_032-Ex1-lcwgs.clmp.r1	5.0	91.0	2489.0	38412.0	150935.0	258923.0	402564.0	596232.0	856530.0	1141366.0	1464353.0	1866763.0	2564904.0	4100997.0	9554431.0	44953255.0	4628563.0
	20.0	21.0	22.0	23.0	24.0	25.0	26.0	27.0	28.0	29.0	30.0	31.0	32.0	33.0	34.0	35.0	36.0	37.0
Sne-CTaw_032-Ex1-lcwgs.clmp.r2	1.0	6.0	333.0	12473.0	126715.0	338325.0	457646.0	578516.0	716923.0	892256.0	1102824.0	1444140.0	2002546.0	3132370.0	5819301.0	13830011.0	36416377.0	5710050.0
	22.0	23.0	24.0	25.0	26.0	27.0	28.0	29.0	30.0	31.0	32.0	33.0	34.0	35.0	36.0	37.0
Sne-CTaw_035-Ex1-lcwgs.clmp.r1	19.0	425.0	6355.0	25456.0	44571.0	70720.0	106370.0	155368.0	209507.0	273936.0	357075.0	506469.0	845651.0	2002350.0	8386634.0	845496.0
	22.0	23.0	24.0	25.0	26.0	27.0	28.0	29.0	30.0	31.0	32.0	33.0	34.0	35.0	36.0	37.0
Sne-CTaw_035-Ex1-lcwgs.clmp.r2	63.0	2608.0	25549.0	66764.0	90640.0	115589.0	143424.0	179715.0	227225.0	301731.0	434095.0	702663.0	1297441.0	2783584.0	6376067.0	1089244.0
	22.0	23.0	24.0	25.0	26.0	27.0	28.0	29.0	30.0	31.0	32.0	33.0	34.0	35.0	36.0	37.0
Sne-CTaw_036-Ex1-lcwgs.clmp.r1	21.0	549.0	9087.0	34896.0	60151.0	91717.0	134529.0	192311.0	257555.0	334633.0	431363.0	598084.0	965685.0	2232576.0	10601643.0	996330.0
	21.0	22.0	23.0	24.0	25.0	26.0	27.0	28.0	29.0	30.0	31.0	32.0	33.0	34.0	35.0	36.0	37.0
Sne-CTaw_036-Ex1-lcwgs.clmp.r2	4.0	95.0	3147.0	31599.0	86019.0	115192.0	145841.0	179889.0	225768.0	284512.0	377194.0	530733.0	838545.0	1550684.0	3481940.0	8146367.0	943601.0
	22.0	23.0	24.0	25.0	26.0	27.0	28.0	29.0	30.0	31.0	32.0	33.0	34.0	35.0	36.0	37.0
Sne-CTaw_037-Ex1-lcwgs.clmp.r1	1.0	44.0	660.0	2049.0	3258.0	4998.0	7130.0	9993.0	13869.0	18934.0	25055.0	35922.0	56528.0	121290.0	473367.0	71026.0
	22.0	23.0	24.0	25.0	26.0	27.0	28.0	29.0	30.0	31.0	32.0	33.0	34.0	35.0	36.0	37.0
Sne-CTaw_037-Ex1-lcwgs.clmp.r2	6.0	190.0	1908.0	4651.0	5824.0	7116.0	8561.0	10814.0	14469.0	19837.0	28720.0	46431.0	83276.0	168576.0	364742.0	79003.0
	21.0	22.0	23.0	24.0	25.0	26.0	27.0	28.0	29.0	30.0	31.0	32.0	33.0	34.0	35.0	36.0	37.0
Sne-CTaw_038-Ex1-lcwgs.clmp.r1	1.0	14.0	548.0	9678.0	37672.0	64915.0	98767.0	145742.0	209300.0	284795.0	376553.0	499780.0	713128.0	1187608.0	2817633.0	12828210.0	1222226.0
	20.0	21.0	22.0	23.0	24.0	25.0	26.0	27.0	28.0	29.0	30.0	31.0	32.0	33.0	34.0	35.0	36.0	37.0
Sne-CTaw_038-Ex1-lcwgs.clmp.r2	1.0	2.0	96.0	3790.0	39253.0	105524.0	139451.0	175025.0	217421.0	275789.0	353726.0	481132.0	704161.0	1156031.0	2147154.0	4453609.0	9074566.0	1169839.0
	22.0	23.0	24.0	25.0	26.0	27.0	28.0	29.0	30.0	31.0	32.0	33.0	34.0	35.0	36.0	37.0
Sne-CTaw_039-Ex1-lcwgs.clmp.r1	4.0	129.0	1775.0	6197.0	10368.0	15681.0	22692.0	33077.0	44284.0	58699.0	76791.0	107499.0	169753.0	374216.0	1381494.0	167202.0
	22.0	23.0	24.0	25.0	26.0	27.0	28.0	29.0	30.0	31.0	32.0	33.0	34.0	35.0	36.0	37.0
Sne-CTaw_039-Ex1-lcwgs.clmp.r2	21.0	615.0	5663.0	14149.0	17744.0	22243.0	27382.0	34434.0	43777.0	59382.0	84500.0	133665.0	235735.0	479527.0	1059258.0	251766.0
	22.0	23.0	24.0	25.0	26.0	27.0	28.0	29.0	30.0	31.0	32.0	33.0	34.0	35.0	36.0	37.0
Sne-CTaw_040-Ex1-lcwgs.clmp.r1	6.0	168.0	2711.0	10177.0	17488.0	26309.0	39509.0	56798.0	76883.0	102806.0	134499.0	191491.0	314000.0	736527.0	3208626.0	522989.0
	22.0	23.0	24.0	25.0	26.0	27.0	28.0	29.0	30.0	31.0	32.0	33.0	34.0	35.0	36.0	37.0
Sne-CTaw_040-Ex1-lcwgs.clmp.r2	25.0	939.0	9517.0	24705.0	32695.0	40792.0	51568.0	64573.0	82487.0	111101.0	158117.0	252280.0	459502.0	987567.0	2520575.0	644544.0
	21.0	22.0	23.0	24.0	25.0	26.0	27.0	28.0	29.0	30.0	31.0	32.0	33.0	34.0	35.0	36.0	37.0
Sne-CTaw_041-Ex1-lcwgs.clmp.r1	1.0	2.0	58.0	1099.0	4122.0	6773.0	10686.0	15643.0	22810.0	30765.0	40921.0	54522.0	76558.0	120275.0	257526.0	1004604.0	139349.0
	21.0	22.0	23.0	24.0	25.0	26.0	27.0	28.0	29.0	30.0	31.0	32.0	33.0	34.0	35.0	36.0	37.0
Sne-CTaw_041-Ex1-lcwgs.clmp.r2	1.0	10.0	342.0	3114.0	8133.0	10685.0	13326.0	16754.0	21354.0	27162.0	36089.0	51488.0	82634.0	150921.0	339682.0	847384.0	176635.0
	20.0	21.0	22.0	23.0	24.0	25.0	26.0	27.0	28.0	29.0	30.0	31.0	32.0	33.0	34.0	35.0	36.0	37.0
Sne-CTaw_043-Ex1-lcwgs.clmp.r1	1.0	2.0	27.0	883.0	13876.0	54486.0	94071.0	145572.0	214874.0	304184.0	404664.0	524609.0	674927.0	935061.0	1503475.0	3509173.0	16546440.0	2010971.0
	21.0	22.0	23.0	24.0	25.0	26.0	27.0	28.0	29.0	30.0	31.0	32.0	33.0	34.0	35.0	36.0	37.0
Sne-CTaw_043-Ex1-lcwgs.clmp.r2	5.0	108.0	4037.0	40199.0	110940.0	150950.0	189985.0	236049.0	296599.0	374083.0	497387.0	701609.0	1115299.0	2089207.0	4957742.0	13535697.0	2637400.0
	21.0	22.0	23.0	24.0	25.0	26.0	27.0	28.0	29.0	30.0	31.0	32.0	33.0	34.0	35.0	36.0	37.0
Sne-CTaw_044-Ex1-lcwgs.clmp.r1	3.0	41.0	937.0	15376.0	61513.0	106404.0	166494.0	247375.0	355242.0	476578.0	618990.0	797867.0	1112515.0	1806929.0	4250852.0	20032811.0	2552328.0
	21.0	22.0	23.0	24.0	25.0	26.0	27.0	28.0	29.0	30.0	31.0	32.0	33.0	34.0	35.0	36.0	37.0
Sne-CTaw_044-Ex1-lcwgs.clmp.r2	5.0	215.0	6158.0	58610.0	155099.0	206459.0	257900.0	316633.0	392850.0	485921.0	636305.0	888165.0	1393421.0	2573830.0	6006192.0	16287473.0	2937019.0
	21.0	22.0	23.0	24.0	25.0	26.0	27.0	28.0	29.0	30.0	31.0	32.0	33.0	34.0	35.0	36.0	37.0
Sne-CTaw_047-Ex1-lcwgs.clmp.r1	1.0	16.0	291.0	4960.0	20599.0	35211.0	55490.0	83294.0	121213.0	165629.0	217842.0	286499.0	402812.0	661336.0	1603794.0	7452341.0	673579.0
	21.0	22.0	23.0	24.0	25.0	26.0	27.0	28.0	29.0	30.0	31.0	32.0	33.0	34.0	35.0	36.0	37.0
Sne-CTaw_047-Ex1-lcwgs.clmp.r2	2.0	53.0	1928.0	21477.0	58942.0	80266.0	101684.0	128674.0	164345.0	209368.0	284434.0	413597.0	670445.0	1225760.0	2520345.0	5178780.0	724807.0
	22.0	23.0	24.0	25.0	26.0	27.0	28.0	29.0	30.0	31.0	32.0	33.0	34.0	35.0	36.0	37.0
Sne-CTaw_048-Ex1-lcwgs.clmp.r1	11.0	361.0	6098.0	23559.0	40545.0	61538.0	90244.0	129822.0	173278.0	227036.0	296020.0	414428.0	668869.0	1548688.0	7089659.0	617647.0
	21.0	22.0	23.0	24.0	25.0	26.0	27.0	28.0	29.0	30.0	31.0	32.0	33.0	34.0	35.0	36.0	37.0
Sne-CTaw_048-Ex1-lcwgs.clmp.r2	2.0	65.0	2113.0	22643.0	60112.0	79946.0	99853.0	124043.0	156441.0	197714.0	265238.0	381304.0	614513.0	1131695.0	2417202.0	5193522.0	641397.0
	20.0	21.0	22.0	23.0	24.0	25.0	26.0	27.0	28.0	29.0	30.0	31.0	32.0	33.0	34.0	35.0	36.0	37.0
Sne-CTaw_049-Ex1-lcwgs.clmp.r1	1.0	5.0	46.0	1041.0	16928.0	67805.0	116607.0	179083.0	264215.0	378802.0	512590.0	667664.0	861681.0	1188322.0	1910471.0	4572994.0	24157623.0	3049008.0
	20.0	21.0	22.0	23.0	24.0	25.0	26.0	27.0	28.0	29.0	30.0	31.0	32.0	33.0	34.0	35.0	36.0	37.0
Sne-CTaw_049-Ex1-lcwgs.clmp.r2	1.0	7.0	222.0	7074.0	69853.0	188889.0	252231.0	317433.0	392875.0	491370.0	619115.0	821994.0	1169988.0	1886357.0	3519320.0	7759502.0	17773470.0	2675185.0
	22.0	23.0	24.0	25.0	26.0	27.0	28.0	29.0	30.0	31.0	32.0	33.0	34.0	35.0	36.0	37.0
Sne-CTaw_050-Ex1-lcwgs.clmp.r1	33.0	851.0	13307.0	49310.0	83330.0	125693.0	184784.0	264738.0	357747.0	472115.0	627686.0	907708.0	1530837.0	3607643.0	13937732.0	1262588.0
	21.0	22.0	23.0	24.0	25.0	26.0	27.0	28.0	29.0	30.0	31.0	32.0	33.0	34.0	35.0	36.0	37.0
Sne-CTaw_050-Ex1-lcwgs.clmp.r2	1.0	143.0	4692.0	46094.0	119429.0	155967.0	194025.0	238907.0	302164.0	382554.0	519453.0	754745.0	1235709.0	2282238.0	4793655.0	10470363.0	1925963.0
	22.0	23.0	24.0	25.0	26.0	27.0	28.0	29.0	30.0	31.0	32.0	33.0	34.0	35.0	36.0	37.0
Sne-CTaw_051-Ex1-lcwgs.clmp.r1	5.0	152.0	2162.0	7992.0	13488.0	20552.0	29570.0	43151.0	57906.0	75916.0	98739.0	138744.0	223854.0	521911.0	2039428.0	253183.0
	22.0	23.0	24.0	25.0	26.0	27.0	28.0	29.0	30.0	31.0	32.0	33.0	34.0	35.0	36.0	37.0
Sne-CTaw_051-Ex1-lcwgs.clmp.r2	25.0	745.0	6792.0	17381.0	22338.0	27865.0	34075.0	43206.0	54431.0	72451.0	102624.0	162920.0	291819.0	632615.0	1634287.0	423179.0
	21.0	22.0	23.0	24.0	25.0	26.0	27.0	28.0	29.0	30.0	31.0	32.0	33.0	34.0	35.0	36.0	37.0
Sne-CTaw_052-Ex1-lcwgs.clmp.r1	1.0	28.0	673.0	10293.0	38396.0	65626.0	101787.0	150171.0	216977.0	292320.0	385909.0	509678.0	731021.0	1220620.0	2842387.0	11980499.0	1703639.0
	21.0	22.0	23.0	24.0	25.0	26.0	27.0	28.0	29.0	30.0	31.0	32.0	33.0	34.0	35.0	36.0	37.0
Sne-CTaw_052-Ex1-lcwgs.clmp.r2	1.0	112.0	3939.0	37305.0	96237.0	126242.0	158253.0	195153.0	244716.0	309707.0	415953.0	594189.0	962509.0	1768719.0	3829940.0	9435076.0	2071974.0
	22.0	23.0	24.0	25.0	26.0	27.0	28.0	29.0	30.0	31.0	32.0	33.0	34.0	35.0	36.0	37.0
Sne-CTaw_053-Ex1-lcwgs.clmp.r1	6.0	242.0	3864.0	15638.0	26843.0	41684.0	61908.0	88921.0	120740.0	159883.0	211119.0	298047.0	497940.0	1185536.0	5065521.0	529986.0
	21.0	22.0	23.0	24.0	25.0	26.0	27.0	28.0	29.0	30.0	31.0	32.0	33.0	34.0	35.0	36.0	37.0
Sne-CTaw_053-Ex1-lcwgs.clmp.r2	1.0	31.0	1019.0	11799.0	32887.0	44713.0	57095.0	72053.0	91471.0	116747.0	157308.0	224923.0	360121.0	679806.0	1589666.0	4185718.0	682520.0
	22.0	23.0	24.0	25.0	26.0	27.0	28.0	29.0	30.0	31.0	32.0	33.0	34.0	35.0	36.0	37.0
Sne-CTaw_054-Ex1-lcwgs.clmp.r1	10.0	230.0	3980.0	15662.0	26084.0	40471.0	60504.0	86744.0	117720.0	154951.0	206177.0	297713.0	499097.0	1159331.0	4624507.0	532282.0
	21.0	22.0	23.0	24.0	25.0	26.0	27.0	28.0	29.0	30.0	31.0	32.0	33.0	34.0	35.0	36.0	37.0
Sne-CTaw_054-Ex1-lcwgs.clmp.r2	2.0	50.0	1212.0	11886.0	32338.0	42606.0	53040.0	65340.0	82405.0	103124.0	139281.0	198616.0	322725.0	614355.0	1454560.0	3957372.0	746551.0
	23.0	24.0	25.0	26.0	27.0	28.0	29.0	30.0	31.0	32.0	33.0	34.0	35.0	36.0	37.0
Sne-CTaw_055-Ex1-lcwgs.clmp.r1	43.0	905.0	3433.0	5765.0	8988.0	13280.0	18866.0	25358.0	33918.0	45734.0	64385.0	101960.0	233316.0	970228.0	99554.0
	22.0	23.0	24.0	25.0	26.0	27.0	28.0	29.0	30.0	31.0	32.0	33.0	34.0	35.0	36.0	37.0
Sne-CTaw_055-Ex1-lcwgs.clmp.r2	8.0	194.0	2429.0	6628.0	9261.0	11497.0	14402.0	18291.0	23495.0	31970.0	45708.0	73622.0	136824.0	315808.0	803943.0	131653.0
	21.0	22.0	23.0	24.0	25.0	26.0	27.0	28.0	29.0	30.0	31.0	32.0	33.0	34.0	35.0	36.0	37.0
Sne-CTaw_056-Ex1-lcwgs.clmp.r1	2.0	24.0	528.0	8870.0	34687.0	58798.0	91519.0	136347.0	197375.0	266303.0	352392.0	466989.0	672135.0	1120565.0	2550963.0	10148392.0	1087487.0
	21.0	22.0	23.0	24.0	25.0	26.0	27.0	28.0	29.0	30.0	31.0	32.0	33.0	34.0	35.0	36.0	37.0
Sne-CTaw_056-Ex1-lcwgs.clmp.r2	3.0	111.0	3445.0	34056.0	88199.0	114229.0	141964.0	174387.0	217535.0	273671.0	364351.0	518266.0	832273.0	1533971.0	3368388.0	8118498.0	1410029.0
	21.0	22.0	23.0	24.0	25.0	26.0	27.0	28.0	29.0	30.0	31.0	32.0	33.0	34.0	35.0	36.0	37.0
Sne-CTaw_057-Ex1-lcwgs.clmp.r1	1.0	5.0	132.0	2317.0	8672.0	15311.0	24140.0	35580.0	51637.0	69063.0	90874.0	118839.0	164455.0	262222.0	601200.0	2770618.0	356797.0
	22.0	23.0	24.0	25.0	26.0	27.0	28.0	29.0	30.0	31.0	32.0	33.0	34.0	35.0	36.0	37.0
Sne-CTaw_057-Ex1-lcwgs.clmp.r2	32.0	931.0	8678.0	22766.0	30326.0	37690.0	47071.0	58692.0	73551.0	96312.0	133979.0	210322.0	384502.0	864628.0	2213880.0	388503.0
	22.0	23.0	24.0	25.0	26.0	27.0	28.0	29.0	30.0	31.0	32.0	33.0	34.0	35.0	36.0	37.0
Sne-CTaw_058-Ex1-lcwgs.clmp.r1	2.0	53.0	815.0	3058.0	5354.0	8414.0	12484.0	18489.0	25310.0	33711.0	44853.0	64083.0	104368.0	236133.0	948968.0	138717.0
	22.0	23.0	24.0	25.0	26.0	27.0	28.0	29.0	30.0	31.0	32.0	33.0	34.0	35.0	36.0	37.0
Sne-CTaw_058-Ex1-lcwgs.clmp.r2	12.0	323.0	3098.0	7724.0	10316.0	12768.0	15873.0	20460.0	26149.0	35425.0	51808.0	84641.0	154301.0	318283.0	712761.0	190870.0
	23.0	24.0	25.0	26.0	27.0	28.0	29.0	30.0	31.0	32.0	33.0	34.0	35.0	36.0	37.0
Sne-CTaw_060-Ex1-lcwgs.clmp.r1	33.0	408.0	1442.0	2453.0	3576.0	5300.0	7332.0	9931.0	13176.0	17549.0	24903.0	40442.0	87346.0	328035.0	33062.0
	22.0	23.0	24.0	25.0	26.0	27.0	28.0	29.0	30.0	31.0	32.0	33.0	34.0	35.0	36.0	37.0
Sne-CTaw_060-Ex1-lcwgs.clmp.r2	4.0	174.0	1556.0	3473.0	4067.0	4779.0	5747.0	7227.0	9053.0	12316.0	17858.0	28936.0	54155.0	116346.0	266569.0	42728.0
	21.0	22.0	23.0	24.0	25.0	26.0	27.0	28.0	29.0	30.0	31.0	32.0	33.0	34.0	35.0	36.0	37.0
Sne-CTaw_062-Ex1-lcwgs.clmp.r1	5.0	78.0	1809.0	29236.0	114002.0	195275.0	297763.0	436296.0	622805.0	834210.0	1081767.0	1401182.0	1945235.0	3157580.0	7624409.0	36306674.0	3460957.0
	21.0	22.0	23.0	24.0	25.0	26.0	27.0	28.0	29.0	30.0	31.0	32.0	33.0	34.0	35.0	36.0	37.0
Sne-CTaw_062-Ex1-lcwgs.clmp.r2	11.0	389.0	11990.0	115945.0	309076.0	410140.0	513714.0	631977.0	789842.0	998542.0	1328570.0	1899453.0	3048592.0	5648239.0	12117598.0	25935058.0	3750147.0
	22.0	23.0	24.0	25.0	26.0	27.0	28.0	29.0	30.0	31.0	32.0	33.0	34.0	35.0	36.0	37.0
Sne-CTaw_063-Ex1-lcwgs.clmp.r1	3.0	93.0	1478.0	5496.0	9351.0	14034.0	20950.0	29651.0	40273.0	53327.0	70628.0	98635.0	158042.0	362641.0	1475202.0	179390.0
	22.0	23.0	24.0	25.0	26.0	27.0	28.0	29.0	30.0	31.0	32.0	33.0	34.0	35.0	36.0	37.0
Sne-CTaw_063-Ex1-lcwgs.clmp.r2	16.0	552.0	4873.0	12714.0	16407.0	20405.0	25238.0	31987.0	40754.0	54912.0	78238.0	124313.0	225160.0	481381.0	1145416.0	256828.0
	21.0	22.0	23.0	24.0	25.0	26.0	27.0	28.0	29.0	30.0	31.0	32.0	33.0	34.0	35.0	36.0	37.0
Sne-CTaw_064-Ex1-lcwgs.clmp.r1	1.0	26.0	686.0	11592.0	43972.0	74789.0	114133.0	166756.0	240456.0	325359.0	428442.0	567631.0	815711.0	1345573.0	3059539.0	12784474.0	1347426.0
	22.0	23.0	24.0	25.0	26.0	27.0	28.0	29.0	30.0	31.0	32.0	33.0	34.0	35.0	36.0	37.0
Sne-CTaw_064-Ex1-lcwgs.clmp.r2	156.0	4577.0	46266.0	121580.0	158058.0	195342.0	240058.0	303614.0	387256.0	525208.0	763510.0	1239740.0	2237130.0	4493627.0	9161080.0	1449364.0
	21.0	22.0	23.0	24.0	25.0	26.0	27.0	28.0	29.0	30.0	31.0	32.0	33.0	34.0	35.0	36.0	37.0
Sne-CTaw_065-Ex1-lcwgs.clmp.r1	1.0	9.0	274.0	4827.0	18517.0	31383.0	49209.0	72969.0	106180.0	144417.0	194957.0	262269.0	387732.0	656434.0	1477499.0	5406832.0	590299.0
	21.0	22.0	23.0	24.0	25.0	26.0	27.0	28.0	29.0	30.0	31.0	32.0	33.0	34.0	35.0	36.0	37.0
Sne-CTaw_065-Ex1-lcwgs.clmp.r2	1.0	34.0	1398.0	14906.0	39224.0	51676.0	64380.0	79603.0	100157.0	126397.0	170319.0	244637.0	400702.0	766686.0	1794681.0	4659167.0	889840.0
	21.0	22.0	23.0	24.0	25.0	26.0	27.0	28.0	29.0	30.0	31.0	32.0	33.0	34.0	35.0	36.0	37.0
Sne-CTaw_067-Ex1-lcwgs.clmp.r1	2.0	39.0	984.0	15307.0	59891.0	102523.0	156110.0	228761.0	320369.0	418241.0	529977.0	659568.0	881923.0	1351571.0	3037130.0	14809604.0	1863289.0
	21.0	22.0	23.0	24.0	25.0	26.0	27.0	28.0	29.0	30.0	31.0	32.0	33.0	34.0	35.0	36.0	37.0
Sne-CTaw_067-Ex1-lcwgs.clmp.r2	3.0	109.0	4110.0	41236.0	116558.0	158348.0	199361.0	245401.0	306329.0	384081.0	503737.0	698772.0	1078707.0	1948669.0	4495273.0	11989911.0	2264684.0
	22.0	23.0	24.0	25.0	26.0	27.0	28.0	29.0	30.0	31.0	32.0	33.0	34.0	35.0	36.0	37.0
Sne-CTaw_071-Ex1-lcwgs.clmp.r1	10.0	243.0	3994.0	15878.0	27682.0	43318.0	64305.0	92963.0	126232.0	165770.0	217929.0	307806.0	505928.0	1203911.0	5454718.0	435832.0
	21.0	22.0	23.0	24.0	25.0	26.0	27.0	28.0	29.0	30.0	31.0	32.0	33.0	34.0	35.0	36.0	37.0
Sne-CTaw_071-Ex1-lcwgs.clmp.r2	1.0	48.0	1739.0	17904.0	47414.0	63219.0	80047.0	99060.0	126440.0	161894.0	220518.0	323020.0	527062.0	964529.0	1939853.0	3670496.0	423275.0
	21.0	22.0	23.0	24.0	25.0	26.0	27.0	28.0	29.0	30.0	31.0	32.0	33.0	34.0	35.0	36.0	37.0
Sne-CTaw_072-Ex1-lcwgs.clmp.r1	3.0	26.0	823.0	12787.0	50046.0	86698.0	133904.0	196948.0	282203.0	376342.0	485841.0	618855.0	849013.0	1367465.0	3278828.0	16115425.0	2379028.0
	21.0	22.0	23.0	24.0	25.0	26.0	27.0	28.0	29.0	30.0	31.0	32.0	33.0	34.0	35.0	36.0	37.0
Sne-CTaw_072-Ex1-lcwgs.clmp.r2	7.0	126.0	4435.0	41103.0	110148.0	146685.0	185719.0	228750.0	283744.0	350493.0	455972.0	632661.0	988167.0	1837811.0	4484888.0	13667262.0	2816264.0
	22.0	23.0	24.0	25.0	26.0	27.0	28.0	29.0	30.0	31.0	32.0	33.0	34.0	35.0	36.0	37.0
Sne-CTaw_073-Ex1-lcwgs.clmp.r1	1.0	143.0	2107.0	7565.0	12429.0	18738.0	27216.0	39024.0	52886.0	71634.0	95175.0	136929.0	220229.0	486423.0	1977082.0	229564.0
	21.0	22.0	23.0	24.0	25.0	26.0	27.0	28.0	29.0	30.0	31.0	32.0	33.0	34.0	35.0	36.0	37.0
Sne-CTaw_073-Ex1-lcwgs.clmp.r2	1.0	14.0	690.0	7431.0	18690.0	23511.0	29183.0	35729.0	45676.0	59206.0	80954.0	118643.0	194586.0	354193.0	717939.0	1439404.0	251295.0
	20.0	21.0	22.0	23.0	24.0	25.0	26.0	27.0	28.0	29.0	30.0	31.0	32.0	33.0	34.0	35.0	36.0	37.0
Sne-CTaw_074-Ex1-lcwgs.clmp.r1	1.0	0.0	17.0	285.0	4788.0	18769.0	31423.0	48391.0	70748.0	102533.0	139163.0	183652.0	241394.0	347690.0	591719.0	1419176.0	6512334.0	789095.0
	21.0	22.0	23.0	24.0	25.0	26.0	27.0	28.0	29.0	30.0	31.0	32.0	33.0	34.0	35.0	36.0	37.0
Sne-CTaw_074-Ex1-lcwgs.clmp.r2	2.0	59.0	1887.0	19712.0	53230.0	70242.0	88055.0	108922.0	136168.0	172334.0	231919.0	339010.0	557987.0	1036637.0	2129359.0	4647926.0	907729.0
	22.0	23.0	24.0	25.0	26.0	27.0	28.0	29.0	30.0	31.0	32.0	33.0	34.0	35.0	36.0	37.0
Sne-CTaw_075-Ex1-lcwgs.clmp.r1	2.0	54.0	889.0	3257.0	5393.0	7866.0	11764.0	16579.0	22411.0	30452.0	39882.0	56943.0	91840.0	210491.0	801200.0	93156.0
	22.0	23.0	24.0	25.0	26.0	27.0	28.0	29.0	30.0	31.0	32.0	33.0	34.0	35.0	36.0	37.0
Sne-CTaw_075-Ex1-lcwgs.clmp.r2	7.0	294.0	2651.0	6944.0	8727.0	10957.0	13701.0	17136.0	22217.0	30429.0	43501.0	69168.0	125108.0	264706.0	631140.0	145493.0
	21.0	22.0	23.0	24.0	25.0	26.0	27.0	28.0	29.0	30.0	31.0	32.0	33.0	34.0	35.0	36.0	37.0
Sne-CTaw_076-Ex1-lcwgs.clmp.r1	6.0	74.0	2103.0	31774.0	123589.0	213406.0	329429.0	490037.0	706433.0	948687.0	1229293.0	1577449.0	2202205.0	3593506.0	8345310.0	36974076.0	3783563.0
	20.0	21.0	22.0	23.0	24.0	25.0	26.0	27.0	28.0	29.0	30.0	31.0	32.0	33.0	34.0	35.0	36.0	37.0
Sne-CTaw_076-Ex1-lcwgs.clmp.r2	2.0	8.0	353.0	14015.0	140728.0	368314.0	486271.0	608715.0	748523.0	931127.0	1169626.0	1557281.0	2229131.0	3564604.0	6368630.0	12797254.0	25952541.0	3613817.0
	20.0	21.0	22.0	23.0	24.0	25.0	26.0	27.0	28.0	29.0	30.0	31.0	32.0	33.0	34.0	35.0	36.0	37.0
Sne-CTaw_077-Ex1-lcwgs.clmp.r1	1.0	6.0	67.0	1367.0	23229.0	95338.0	164553.0	251909.0	374108.0	535918.0	716722.0	925612.0	1189671.0	1639468.0	2630011.0	6192497.0	31320921.0	3352482.0
	21.0	22.0	23.0	24.0	25.0	26.0	27.0	28.0	29.0	30.0	31.0	32.0	33.0	34.0	35.0	36.0	37.0
Sne-CTaw_077-Ex1-lcwgs.clmp.r2	12.0	222.0	7684.0	76344.0	217094.0	300477.0	382794.0	479059.0	601942.0	759196.0	1008783.0	1424618.0	2259067.0	4245930.0	9914007.0	24376340.0	3360311.0
	22.0	23.0	24.0	25.0	26.0	27.0	28.0	29.0	30.0	31.0	32.0	33.0	34.0	35.0	36.0	37.0
Sne-CTaw_078-Ex1-lcwgs.clmp.r1	11.0	207.0	3189.0	12691.0	21723.0	33772.0	51091.0	74076.0	99341.0	130533.0	169530.0	241658.0	400333.0	937062.0	3899417.0	513864.0
	21.0	22.0	23.0	24.0	25.0	26.0	27.0	28.0	29.0	30.0	31.0	32.0	33.0	34.0	35.0	36.0	37.0
Sne-CTaw_078-Ex1-lcwgs.clmp.r2	2.0	27.0	918.0	9312.0	25237.0	34132.0	43799.0	54330.0	68005.0	85284.0	111957.0	158355.0	252607.0	472665.0	1128924.0	3364979.0	777965.0
	22.0	23.0	24.0	25.0	26.0	27.0	28.0	29.0	30.0	31.0	32.0	33.0	34.0	35.0	36.0	37.0
Sne-CTaw_081-Ex1-lcwgs.clmp.r1	4.0	139.0	2293.0	9347.0	16077.0	25169.0	37985.0	55482.0	74293.0	97199.0	126919.0	179228.0	292471.0	667516.0	2714970.0	395881.0
	21.0	22.0	23.0	24.0	25.0	26.0	27.0	28.0	29.0	30.0	31.0	32.0	33.0	34.0	35.0	36.0	37.0
Sne-CTaw_081-Ex1-lcwgs.clmp.r2	1.0	25.0	814.0	8610.0	22546.0	29245.0	36584.0	45195.0	56892.0	70907.0	92871.0	129422.0	203919.0	368432.0	821805.0	2268221.0	539484.0
	21.0	22.0	23.0	24.0	25.0	26.0	27.0	28.0	29.0	30.0	31.0	32.0	33.0	34.0	35.0	36.0	37.0
Sne-CTaw_082-Ex1-lcwgs.clmp.r1	3.0	18.0	458.0	8113.0	31782.0	56415.0	91312.0	140186.0	207039.0	282816.0	373875.0	489840.0	700420.0	1176634.0	2885968.0	12950857.0	1725105.0
	21.0	22.0	23.0	24.0	25.0	26.0	27.0	28.0	29.0	30.0	31.0	32.0	33.0	34.0	35.0	36.0	37.0
Sne-CTaw_082-Ex1-lcwgs.clmp.r2	2.0	111.0	3446.0	32262.0	83262.0	110161.0	140768.0	175518.0	219124.0	272559.0	361472.0	513006.0	830191.0	1594464.0	3835180.0	10654711.0	2294604.0
	22.0	23.0	24.0	25.0	26.0	27.0	28.0	29.0	30.0	31.0	32.0	33.0	34.0	35.0	36.0	37.0
Sne-CTaw_084-Ex1-lcwgs.clmp.r1	7.0	206.0	3183.0	12163.0	20613.0	31979.0	46702.0	67576.0	90796.0	118032.0	151650.0	210333.0	339048.0	776504.0	3387079.0	291515.0
	21.0	22.0	23.0	24.0	25.0	26.0	27.0	28.0	29.0	30.0	31.0	32.0	33.0	34.0	35.0	36.0	37.0
Sne-CTaw_084-Ex1-lcwgs.clmp.r2	1.0	41.0	1077.0	10846.0	29624.0	40125.0	51107.0	63354.0	79306.0	99125.0	132050.0	186487.0	297372.0	543849.0	1172332.0	2539377.0	301313.0
	21.0	22.0	23.0	24.0	25.0	26.0	27.0	28.0	29.0	30.0	31.0	32.0	33.0	34.0	35.0	36.0	37.0
Sne-CTaw_087-Ex1-lcwgs.clmp.r1	3.0	31.0	670.0	10858.0	41798.0	71253.0	108503.0	160496.0	230939.0	311910.0	411309.0	543506.0	780979.0	1318641.0	3180007.0	13009715.0	1147220.0
	21.0	22.0	23.0	24.0	25.0	26.0	27.0	28.0	29.0	30.0	31.0	32.0	33.0	34.0	35.0	36.0	37.0
Sne-CTaw_087-Ex1-lcwgs.clmp.r2	2.0	97.0	3996.0	39152.0	102610.0	136100.0	170558.0	212691.0	268515.0	340193.0	462306.0	669089.0	1092697.0	2033339.0	4373673.0	9843211.0	1579609.0
	21.0	22.0	23.0	24.0	25.0	26.0	27.0	28.0	29.0	30.0	31.0	32.0	33.0	34.0	35.0	36.0	37.0
Sne-CTaw_089-Ex1-lcwgs.clmp.r1	1.0	3.0	115.0	1619.0	5852.0	9805.0	14554.0	21135.0	30344.0	40935.0	54434.0	71101.0	98698.0	155571.0	345568.0	1468891.0	211843.0
	22.0	23.0	24.0	25.0	26.0	27.0	28.0	29.0	30.0	31.0	32.0	33.0	34.0	35.0	36.0	37.0
Sne-CTaw_089-Ex1-lcwgs.clmp.r2	19.0	592.0	6319.0	15285.0	19502.0	23982.0	29198.0	36548.0	46850.0	62742.0	89054.0	141986.0	248894.0	498026.0	1074176.0	237296.0
	22.0	23.0	24.0	25.0	26.0	27.0	28.0	29.0	30.0	31.0	32.0	33.0	34.0	35.0	36.0	37.0
Sne-CTaw_093-Ex1-lcwgs.clmp.r1	7.0	335.0	5230.0	20378.0	34628.0	52778.0	77560.0	111208.0	147766.0	191218.0	246163.0	340887.0	546887.0	1264490.0	5910836.0	983170.0
	22.0	23.0	24.0	25.0	26.0	27.0	28.0	29.0	30.0	31.0	32.0	33.0	34.0	35.0	36.0	37.0
Sne-CTaw_093-Ex1-lcwgs.clmp.r2	56.0	1451.0	15737.0	43090.0	58367.0	73668.0	91659.0	115951.0	145509.0	191275.0	264002.0	410050.0	734294.0	1656496.0	4838550.0	1293386.0
	21.0	22.0	23.0	24.0	25.0	26.0	27.0	28.0	29.0	30.0	31.0	32.0	33.0	34.0	35.0	36.0	37.0
Sne-CTaw_094-Ex1-lcwgs.clmp.r1	1.0	23.0	602.0	9709.0	36801.0	62010.0	94676.0	139252.0	198730.0	265977.0	347836.0	448721.0	633696.0	1035773.0	2407049.0	9966642.0	1155370.0
	21.0	22.0	23.0	24.0	25.0	26.0	27.0	28.0	29.0	30.0	31.0	32.0	33.0	34.0	35.0	36.0	37.0
Sne-CTaw_094-Ex1-lcwgs.clmp.r2	2.0	95.0	3231.0	33976.0	87762.0	115684.0	143293.0	176802.0	219549.0	273038.0	356403.0	493565.0	762952.0	1376580.0	3076809.0	8177645.0	1505482.0
	21.0	22.0	23.0	24.0	25.0	26.0	27.0	28.0	29.0	30.0	31.0	32.0	33.0	34.0	35.0	36.0	37.0
Sne-CTaw_095-Ex1-lcwgs.clmp.r1	1.0	12.0	404.0	6078.0	23469.0	39693.0	61654.0	91801.0	132389.0	178739.0	234224.0	304756.0	425497.0	694419.0	1658955.0	7722750.0	873380.0
	21.0	22.0	23.0	24.0	25.0	26.0	27.0	28.0	29.0	30.0	31.0	32.0	33.0	34.0	35.0	36.0	37.0
Sne-CTaw_095-Ex1-lcwgs.clmp.r2	2.0	73.0	2350.0	23359.0	62271.0	83366.0	105731.0	131735.0	165377.0	207588.0	275123.0	388941.0	616203.0	1136695.0	2509292.0	5830466.0	909649.0
	22.0	23.0	24.0	25.0	26.0	27.0	28.0	29.0	30.0	31.0	32.0	33.0	34.0	35.0	36.0	37.0
Sne-CTaw_096-Ex1-lcwgs.clmp.r1	1.0	31.0	543.0	2121.0	3492.0	5210.0	7438.0	10897.0	14744.0	19390.0	25716.0	36482.0	60455.0	136600.0	554210.0	62001.0
	22.0	23.0	24.0	25.0	26.0	27.0	28.0	29.0	30.0	31.0	32.0	33.0	34.0	35.0	36.0	37.0
Sne-CTaw_096-Ex1-lcwgs.clmp.r2	4.0	139.0	1602.0	4263.0	5381.0	6820.0	8449.0	10665.0	13761.0	18631.0	26083.0	41626.0	76007.0	172856.0	468463.0	84581.0

