HK7K2DSX3_3	forward	A->A	1.47263e+06	1.46907e+06	1.4822e+06	1.46453e+06	1.4664e+06	1.465e+06	1.47618e+06	1.46995e+06	1.48644e+06	1.4824e+06	1.4862e+06	1.48585e+06	1.48531e+06	1.4766e+06	1.48038e+06	1.47343e+06	1.47549e+06	1.47791e+06	1.47963e+06	1.47404e+06	1.48246e+06	1.48116e+06	1.47754e+06	1.47844e+06	1.4738e+06	1.46811e+06	1.47604e+06	1.46845e+06	1.46971e+06	1.47593e+06	1.47533e+06	1.47485e+06	1.47673e+06	1.47252e+06	1.47027e+06	1.47073e+06	1.46879e+06	1.46568e+06	1.46881e+06	1.46721e+06	1.46817e+06	1.47227e+06	1.46866e+06	1.46393e+06	1.47017e+06	1.46427e+06	1.4636e+06	1.46553e+06	1.46315e+06	1.46377e+06
HK7K2DSX3_3	forward	A->C	8260	14304	13960	13966	14047	14837	14398	14468	14830	14800	14780	14655	14839	14855	15205	15151	14840	14760	13792	12452	12527	11996	11949	11779	11511	11550	11510	11635	11592	11611	11727	11653	11161	11523	11290	11735	11542	11346	11479	11448	11515	11503	11476	11122	11290	11362	10986	11384	11278	11112
HK7K2DSX3_3	forward	A->G	13128	17787	18112	17692	18023	18851	18527	18586	18754	18764	18701	18905	19008	18825	19144	18801	18937	19257	17881	16624	16112	15819	15934	15823	15962	15958	15730	15403	15435	15534	15397	15220	15621	15392	14989	15374	15156	15547	14955	15059	15224	14958	14851	14832	14941	15079	15351	14868	14689	15096
HK7K2DSX3_3	forward	A->T	10571	17761	17383	17188	16819	17562	17317	17532	17282	17042	17154	17523	17306	17340	17210	17011	17454	17262	16019	14411	13638	13423	13459	13095	13153	13301	13194	13271	13019	13128	13188	12810	13238	12763	12742	12716	12476	12523	12790	12452	12517	12595	12461	12532	12204	12323	12367	12292	12437	11955
HK7K2DSX3_3	forward	C->A	8544	14857	14632	14546	14703	15295	14994	14921	15002	14852	15306	15107	14852	15303	15258	15196	15339	15517	14390	12882	12339	12009	12081	12012	12275	12141	12179	12029	11958	11973	12122	12067	11908	11940	12626	11931	12013	11952	11876	11796	11581	11742	11483	11375	11856	11330	11717	11495	11496	11242
HK7K2DSX3_3	forward	C->C	1.20387e+06	1.22432e+06	1.21054e+06	1.2225e+06	1.21853e+06	1.22332e+06	1.214e+06	1.2169e+06	1.20004e+06	1.20268e+06	1.19156e+06	1.19295e+06	1.18992e+06	1.19623e+06	1.19337e+06	1.20467e+06	1.20072e+06	1.19842e+06	1.1955e+06	1.19464e+06	1.18908e+06	1.18916e+06	1.1887e+06	1.18593e+06	1.18815e+06	1.192e+06	1.18774e+06	1.19444e+06	1.18934e+06	1.1859e+06	1.18814e+06	1.18266e+06	1.18124e+06	1.18804e+06	1.18604e+06	1.18529e+06	1.18907e+06	1.18823e+06	1.18555e+06	1.18974e+06	1.18943e+06	1.18272e+06	1.18274e+06	1.18454e+06	1.17931e+06	1.18306e+06	1.18618e+06	1.18166e+06	1.18563e+06	1.18344e+06
HK7K2DSX3_3	forward	C->G	7901	12066	12550	12160	12342	12278	12694	12595	12737	12817	12450	12695	12524	12524	12642	12847	12857	12470	12257	10607	9987	9854	9758	10021	9901	9963	9800	9687	9570	9750	9592	9686	9335	9557	9257	9596	9323	9330	9235	9393	9266	8999	9247	9232	9302	9389	9049	9411	9204	9126
HK7K2DSX3_3	forward	C->T	12842	18727	18244	18143	18003	18881	18622	18703	18922	18789	19155	19042	18761	18552	18483	18474	18787	18721	17444	16324	16190	15842	15575	15326	15372	15304	15445	15744	15383	15303	15112	15369	15437	15171	15194	15076	15132	15133	14913	14925	14743	15107	14756	15125	15277	15331	14790	15066	14769	14471
HK7K2DSX3_3	forward	G->A	12459	17998	18067	17698	17913	18517	18604	18332	18456	18413	18553	18711	18587	18484	18377	18699	18778	19002	17835	16551	16025	15858	15567	15445	15398	15695	15503	15703	15018	15224	15347	15413	15081	15149	15400	15023	15020	15313	15037	15107	15087	14545	14759	14402	14795	14769	14442	14552	14613	14559
HK7K2DSX3_3	forward	G->C	6999	12571	11880	12294	12466	12704	12665	12545	12225	12604	12387	12924	13017	13168	12867	12682	12572	12754	11969	10931	10175	10090	10228	9913	9651	9657	9748	9527	9617	9524	9695	9593	9470	9413	9513	9511	9495	9530	9254	9390	9564	9338	9467	9390	9137	9293	9543	9353	9402	9424
HK7K2DSX3_3	forward	G->G	1.17807e+06	1.19573e+06	1.19907e+06	1.19286e+06	1.20534e+06	1.19324e+06	1.19041e+06	1.19034e+06	1.18344e+06	1.17892e+06	1.18253e+06	1.17585e+06	1.18187e+06	1.18627e+06	1.18738e+06	1.18516e+06	1.1912e+06	1.18417e+06	1.18181e+06	1.18266e+06	1.1755e+06	1.17635e+06	1.18188e+06	1.17952e+06	1.18215e+06	1.18736e+06	1.17932e+06	1.18046e+06	1.18541e+06	1.1771e+06	1.17663e+06	1.18168e+06	1.17886e+06	1.17939e+06	1.18434e+06	1.18243e+06	1.17981e+06	1.18625e+06	1.17988e+06	1.17703e+06	1.1802e+06	1.17772e+06	1.17887e+06	1.18487e+06	1.17849e+06	1.17884e+06	1.18048e+06	1.17687e+06	1.17672e+06	1.18008e+06
HK7K2DSX3_3	forward	G->T	8945	14884	14649	14637	14423	15201	14694	14836	14793	14734	14933	14820	14772	14974	14636	14839	14773	14808	13638	12564	12093	11824	11700	11816	11655	11589	11498	11385	11487	11488	11281	11449	11709	11504	11272	11457	11416	11473	11521	11438	11177	11396	11375	11318	11461	11303	11048	11400	11303	10886
HK7K2DSX3_3	forward	T->A	10302	17633	17813	17557	17618	18759	17887	17684	18236	17758	17913	18158	17683	18303	18130	17976	18321	18114	16793	15121	14393	14228	13878	14144	14296	13858	14296	13875	13811	13964	13499	13763	13812	13681	13678	13644	13669	13264	13497	13518	13616	13232	13236	12993	13163	13492	13078	13146	13089	12833
HK7K2DSX3_3	forward	T->C	12312	18349	18015	18289	18101	18954	19048	18843	18731	18877	18937	18968	18873	19035	19112	18777	18694	19001	17926	16773	16036	15760	15775	15784	15221	15452	15576	15636	15521	15436	15509	15305	15387	15353	15123	15044	15108	14920	15357	15075	15065	15050	14994	14972	15083	14766	14752	14582	14992	14810
HK7K2DSX3_3	forward	T->G	8430	14436	14220	14306	14055	14792	14928	14972	14968	14893	14781	14811	14848	14986	15079	15224	15329	15220	14594	12783	12374	12060	12321	12500	11951	11965	12215	11986	11546	11735	11463	11494	11492	11506	11420	11733	11322	11460	11539	11591	11215	11919	11869	11650	11541	11725	11338	11213	11110	11477
HK7K2DSX3_3	forward	T->T	1.45352e+06	1.45817e+06	1.45762e+06	1.4697e+06	1.4591e+06	1.45911e+06	1.4621e+06	1.46534e+06	1.47132e+06	1.47749e+06	1.47992e+06	1.4839e+06	1.48226e+06	1.47859e+06	1.47648e+06	1.47446e+06	1.46902e+06	1.47526e+06	1.47266e+06	1.47069e+06	1.47335e+06	1.47292e+06	1.46959e+06	1.47268e+06	1.47211e+06	1.46767e+06	1.47054e+06	1.46993e+06	1.46969e+06	1.47346e+06	1.47235e+06	1.47241e+06	1.47408e+06	1.46989e+06	1.46807e+06	1.46824e+06	1.46846e+06	1.46414e+06	1.469e+06	1.46797e+06	1.46326e+06	1.46672e+06	1.46786e+06	1.46411e+06	1.46671e+06	1.46636e+06	1.46222e+06	1.4664e+06	1.46341e+06	1.46103e+06
HK7K2DSX3_3	reverse	A->A	12025	20528	26259	31819	37611	42530	47897	53329	60071	65496	70943	77525	82977	88158	93803	99434	104419	111299	114707	119376	124718	130162	134974	140513	146498	151151	157695	162986	169158	175464	180793	186049	192702	197954	203381	208974	213995	219687	226801	232330	237627	243746	251027	255850	261613	267226	272837	278877	283894	289486
HK7K2DSX3_3	reverse	A->C	2391	4204	4437	4580	4534	4617	4654	4834	4887	4922	4864	4924	4967	4990	4965	5058	5017	5115	4319	2818	2479	2361	2305	2297	2242	2294	2278	2232	2359	2339	2264	2322	2418	2401	2400	2550	2525	2557	2524	2640	2522	2642	2662	2762	2771	2797	2769	2831	2857	2862
HK7K2DSX3_3	reverse	A->G	2552	4277	4402	4673	4505	4869	4810	5006	4943	5020	5121	5102	5240	5290	5300	5449	5266	5409	4335	3212	2925	2769	2666	2652	2621	2672	2657	2852	2655	2799	3044	3027	3009	3177	3012	3043	3111	3160	3439	3259	3306	3347	3398	3396	3515	3466	3501	3611	3653	3682
HK7K2DSX3_3	reverse	A->T	3012	5387	5409	5429	5633	5714	5787	5636	5740	5725	5825	5745	5879	5877	5861	6105	6303	6173	4887	3347	2841	2600	2511	2614	2544	2632	2536	2498	2687	2523	2595	2609	2603	2670	2663	2675	2778	2740	2914	2672	2852	2874	2978	2902	2985	3003	3023	3022	3300	2988
HK7K2DSX3_3	reverse	C->A	2575	4378	4435	4448	4552	4559	4590	4632	4802	4760	4906	4850	4767	4811	4826	4977	5016	4987	3915	2837	2559	2375	2238	2167	2136	2224	2277	2124	2350	2364	2264	2336	2381	2481	2417	2441	2565	2630	2637	2637	2649	2649	2790	2788	2633	2756	2769	2850	3054	2991
HK7K2DSX3_3	reverse	C->C	10245	17051	22074	26259	31239	35440	40198	45036	49106	53833	58145	62973	68130	72110	77321	81960	87276	91597	95518	98410	101967	106594	112161	116000	121170	126906	130963	135235	140860	144330	149110	154647	158366	163285	169194	173537	178137	183555	186633	191822	196393	201036	204961	211486	215641	221216	225466	229395	234060	239457
HK7K2DSX3_3	reverse	C->G	2212	3888	3882	3935	3920	4111	4156	4246	3933	4233	4121	4313	4369	4372	4497	4351	4428	4551	3629	2648	2213	2022	2078	1986	1918	2108	2022	1918	2084	1970	2100	2150	2224	2205	2197	2156	2170	2083	2229	2221	2381	2349	2303	2333	2463	2446	2577	2458	2471	2727
HK7K2DSX3_3	reverse	C->T	2373	4296	4503	4455	4566	4714	4618	4707	4777	4771	4832	5020	5076	5094	5196	5146	5305	5511	4427	3223	2718	2709	2597	2711	2825	2624	2640	2782	2770	2804	2801	2941	2854	2982	3120	3002	3116	3312	3023	3251	3200	3314	3349	3321	3410	3455	3458	3507	3650	3573
HK7K2DSX3_3	reverse	G->A	2547	4426	4598	4565	4558	4735	4755	4857	4855	4942	5034	5173	5130	5154	5070	5217	5263	5338	4153	3217	2836	2589	2746	2600	2523	2689	2730	2637	2780	2766	2800	2904	2887	2991	2991	3140	3173	3146	3142	3153	3251	3256	3191	3466	3489	3600	3542	3674	3586	3613
HK7K2DSX3_3	reverse	G->C	2262	3704	3972	3946	3951	3933	4246	4199	4152	4222	4171	4258	4355	4285	4380	4454	4302	4424	3808	2581	2149	2099	2059	1982	2033	1965	1977	2084	2006	2137	2145	2203	2192	2222	2149	2253	2191	2324	2260	2327	2282	2271	2258	2457	2433	2387	2437	2582	2478	2707
HK7K2DSX3_3	reverse	G->G	9743	16871	21163	26397	31031	36087	40514	44926	49958	55074	59165	63721	68427	73886	78615	83263	88020	92369	96541	99410	103461	108393	112670	117455	121999	127089	131188	137477	141314	145748	150536	154561	158771	164046	168858	173989	178836	184185	188750	194811	199282	202436	207352	212781	216665	220911	227153	230837	236467	241181
HK7K2DSX3_3	reverse	G->T	2388	4251	4272	4357	4440	4564	4651	4611	4627	4523	4749	4729	4652	4854	4892	4962	5009	5075	4183	2871	2343	2315	2192	2297	2202	2270	2197	2263	2198	2286	2266	2386	2187	2330	2565	2453	2534	2742	2561	2553	2600	2534	2539	2541	2652	2617	2653	2572	2655	2697
HK7K2DSX3_3	reverse	T->A	3137	5408	5459	5532	5533	5564	5744	5805	5817	5772	5983	6129	5905	6122	6040	6071	6209	6089	4785	3291	2950	2722	2624	2528	2488	2646	2477	2597	2735	2571	2643	2709	2800	2671	2779	2689	2659	2702	2933	2823	3014	2928	3041	3007	2951	3108	3133	3192	3167	3161
HK7K2DSX3_3	reverse	T->C	2506	4228	4474	4530	4613	4783	4769	4876	4946	4940	5109	5154	5306	5242	5346	5257	5316	5480	4522	3238	2879	2660	2791	2732	2883	2734	2883	2769	2746	2883	2914	2795	2947	2938	3033	3114	3120	3147	3222	3248	3199	3283	3389	3354	3337	3477	3688	3520	3611	3886
HK7K2DSX3_3	reverse	T->G	2634	4398	4296	4437	4512	4653	4561	4685	4894	4912	4905	5016	4912	4929	5086	5104	5161	5132	4057	2788	2502	2369	2334	2309	2116	2212	2387	2227	2215	2390	2360	2247	2531	2436	2375	2392	2431	2432	2512	2588	2600	2601	2496	2550	2691	2679	2590	2747	2793	2753
HK7K2DSX3_3	reverse	T->T	11458	20521	26119	31672	36712	42412	48319	53904	59168	64970	71651	76260	82394	88542	93579	99403	105527	110672	115718	118166	124302	129485	135043	141670	146940	151742	158189	163340	168054	174726	180393	186551	193129	198801	203422	209065	215394	219886	226322	231417	237893	245152	249964	254306	261533	266889	271811	278789	284072	289138
