HK7K2DSX3_3	forward	A->A	1.48593e+06	1.53351e+06	1.53975e+06	1.53642e+06	1.54018e+06	1.53705e+06	1.54407e+06	1.53969e+06	1.5434e+06	1.54396e+06	1.54544e+06	1.54364e+06	1.54128e+06	1.5432e+06	1.53699e+06	1.53859e+06	1.54424e+06	1.53811e+06	1.53049e+06	1.50526e+06	1.5e+06	1.4983e+06	1.4939e+06	1.49494e+06	1.49066e+06	1.49166e+06	1.49074e+06	1.49024e+06	1.49249e+06	1.49045e+06	1.49005e+06	1.4866e+06	1.48877e+06	1.48736e+06	1.48735e+06	1.48539e+06	1.48709e+06	1.48126e+06	1.48387e+06	1.478e+06	1.48038e+06	1.48104e+06	1.48062e+06	1.4791e+06	1.47696e+06	1.47732e+06	1.47638e+06	1.47378e+06	1.47244e+06	1.46963e+06
HK7K2DSX3_3	forward	A->C	24152	50344	50374	51669	51483	51896	52718	52089	52521	52815	52214	52206	51942	51717	52931	52002	52132	51732	42250	29504	25437	24159	23464	22414	22601	22044	21978	21771	21768	21357	21352	21100	20868	20646	20445	20180	20230	20142	19951	19917	19649	19411	19653	18853	19165	19057	18852	18923	18490	18309
HK7K2DSX3_3	forward	A->G	27868	54631	54947	54240	55290	56867	56053	56208	56141	56536	56196	55721	56933	56392	55456	56372	56013	55647	47168	33426	29419	28111	27296	27259	27154	26927	26254	25710	25454	25577	25240	24599	25727	24613	24658	24560	24021	23943	23927	23766	23883	23827	24046	23702	23145	22998	22842	22675	22683	23046
HK7K2DSX3_3	forward	A->T	32589	68878	68574	67154	67401	67233	67251	66595	67259	67418	66940	67341	66402	67670	67144	67147	67726	66715	54052	38335	33375	31822	30481	30055	29240	29155	28646	28179	28014	27735	27476	27455	27122	26751	26607	26465	26071	26614	26228	25789	25492	25510	25606	24947	24796	25149	24797	24794	24777	24315
HK7K2DSX3_3	forward	C->A	22848	50605	49960	49638	50498	50523	49713	50479	50097	50314	50204	50176	50439	50334	50454	50681	50893	51749	42480	30344	26373	25946	24341	24102	23773	23447	23307	23034	22605	22632	22445	22847	21753	22112	21834	21661	21468	21870	21493	21477	21728	20960	21084	21042	21361	20800	20941	20794	20691	20503
HK7K2DSX3_3	forward	C->C	1.08307e+06	1.1192e+06	1.11717e+06	1.12034e+06	1.11653e+06	1.12603e+06	1.1193e+06	1.1185e+06	1.11176e+06	1.1139e+06	1.10708e+06	1.11074e+06	1.10817e+06	1.1076e+06	1.10885e+06	1.11879e+06	1.11179e+06	1.11208e+06	1.10079e+06	1.08664e+06	1.08062e+06	1.08165e+06	1.07572e+06	1.07624e+06	1.07561e+06	1.07592e+06	1.07596e+06	1.07749e+06	1.07204e+06	1.07283e+06	1.0723e+06	1.07063e+06	1.06567e+06	1.06529e+06	1.06611e+06	1.06265e+06	1.06634e+06	1.0652e+06	1.06037e+06	1.06178e+06	1.05687e+06	1.05597e+06	1.05349e+06	1.0519e+06	1.05185e+06	1.04989e+06	1.04679e+06	1.04611e+06	1.04352e+06	1.0425e+06
HK7K2DSX3_3	forward	C->G	18375	40102	40235	39703	40259	40591	40211	40174	40104	40935	40773	40553	40522	40399	39796	40624	40211	40851	32941	22733	19520	18426	17520	17673	16986	16816	16784	16562	16430	16230	15958	15876	16275	15735	15437	15614	15196	15163	15221	14902	14909	14985	14826	14955	14523	14403	14527	14351	14589	14168
HK7K2DSX3_3	forward	C->T	33025	60977	59723	58338	57966	59084	60761	59143	58273	58556	59491	58295	58284	59174	58606	58319	58695	58747	49393	38046	33941	32756	31809	30959	30934	30982	30448	30709	30669	30187	30052	29926	29177	30141	29154	29031	28914	29141	28871	28659	28310	27975	28001	27815	27400	27634	27516	27049	26845	26879
HK7K2DSX3_3	forward	G->A	27136	54219	52365	53295	53081	54513	53775	53616	54420	53403	53920	54604	54410	54080	53956	54319	54706	55143	45507	33895	30484	29195	28068	27377	27507	27064	26988	26481	26655	26208	26154	26268	26041	26038	25987	26221	25823	25826	25423	25393	25432	25271	25359	25036	25117	24994	25091	24878	24806	24679
HK7K2DSX3_3	forward	G->C	19033	40262	39470	39791	39601	40567	40792	40491	41002	40871	40973	41065	40764	40264	41159	41163	40456	40735	33042	22954	19779	18516	17567	17533	17312	16873	16848	17012	16841	16553	16230	16156	15878	15898	15741	15735	15715	15495	15351	15692	15136	15319	15011	14686	14482	14871	14503	14154	14703	14055
HK7K2DSX3_3	forward	G->G	1.04431e+06	1.07218e+06	1.08004e+06	1.081e+06	1.08498e+06	1.08018e+06	1.07703e+06	1.07423e+06	1.07145e+06	1.0663e+06	1.06891e+06	1.06633e+06	1.07388e+06	1.07296e+06	1.07796e+06	1.07424e+06	1.07587e+06	1.07606e+06	1.06298e+06	1.05016e+06	1.04176e+06	1.03816e+06	1.04069e+06	1.04208e+06	1.04317e+06	1.04028e+06	1.04099e+06	1.04079e+06	1.04055e+06	1.04071e+06	1.03737e+06	1.03537e+06	1.03627e+06	1.03785e+06	1.03813e+06	1.03776e+06	1.03518e+06	1.03523e+06	1.03474e+06	1.03367e+06	1.03308e+06	1.03336e+06	1.02912e+06	1.03187e+06	1.0344e+06	1.03094e+06	1.03273e+06	1.03035e+06	1.02866e+06	1.02775e+06
HK7K2DSX3_3	forward	G->T	28831	55684	54915	54311	53895	55522	54561	53808	54682	54264	54328	53907	54226	54763	54940	54094	53425	54230	44977	32858	29610	28201	27729	26996	26927	26201	25986	25717	25628	25252	25244	24842	24997	24732	24535	24431	24296	23788	23907	23583	23543	23358	22875	22661	22555	22888	22339	22593	22551	22214
HK7K2DSX3_3	forward	T->A	31494	67640	68300	67238	67382	67575	66687	67550	67212	66671	67137	67501	66705	66908	66955	66814	68598	67919	56336	38908	33838	31789	30547	30347	29920	29260	28652	28385	27924	28277	27872	27647	27792	27579	27281	27737	27104	26540	26651	26524	26228	26064	25530	25972	25958	25504	25042	24998	25015	24680
HK7K2DSX3_3	forward	T->C	28520	55815	55030	55457	54720	57202	56923	57343	56717	56954	57009	56836	56881	57353	57108	56974	56868	56570	46422	34119	30563	28815	27847	27247	26680	26862	26480	26229	26386	25999	25795	25314	25475	25380	25015	24722	24576	24380	24878	24541	24192	23977	23792	24015	23178	23098	23210	23395	22787	22803
HK7K2DSX3_3	forward	T->G	23812	50835	51089	50929	51586	51498	51819	52439	51976	52029	51977	52331	52325	51650	52236	52067	51684	51552	43107	30198	25960	24109	23468	22827	22891	22211	22195	21888	21234	21248	21316	20966	21277	20784	20104	20429	20228	20263	20338	19799	19403	19830	19473	19204	19225	19582	18881	19097	18702	18556
HK7K2DSX3_3	forward	T->T	1.50021e+06	1.54605e+06	1.53951e+06	1.54086e+06	1.53506e+06	1.52333e+06	1.52759e+06	1.53705e+06	1.5421e+06	1.54345e+06	1.54557e+06	1.54641e+06	1.54418e+06	1.54235e+06	1.54226e+06	1.53438e+06	1.53292e+06	1.53774e+06	1.52133e+06	1.5068e+06	1.50455e+06	1.49751e+06	1.50046e+06	1.49323e+06	1.49246e+06	1.49216e+06	1.48966e+06	1.48685e+06	1.48834e+06	1.48741e+06	1.49028e+06	1.49572e+06	1.49426e+06	1.49074e+06	1.48766e+06	1.48747e+06	1.48214e+06	1.48414e+06	1.48216e+06	1.48435e+06	1.48391e+06	1.4796e+06	1.4817e+06	1.4791e+06	1.47495e+06	1.47381e+06	1.47216e+06	1.47152e+06	1.47133e+06	1.47168e+06
HK7K2DSX3_3	reverse	A->A	111442	183333	218534	256323	291036	317587	351922	385187	421600	448512	480677	511081	537670	565227	593000	615945	636799	666193	675371	681239	699742	715532	739955	757374	778254	800038	816486	832550	852299	868211	886956	909950	926824	940311	955706	973061	984560	1.0014e+06	1.01343e+06	1.0317e+06	1.04559e+06	1.0532e+06	1.07143e+06	1.08158e+06	1.0904e+06	1.10289e+06	1.11216e+06	1.12454e+06	1.1367e+06	1.14773e+06
HK7K2DSX3_3	reverse	A->C	24546	39271	40899	40887	41635	42046	42720	43508	43336	44151	43876	44071	45250	43737	44569	44556	44430	44634	35756	24039	19781	17833	17008	16880	16777	16612	16817	16298	16503	16676	16327	16044	16525	16340	16169	16040	16029	16309	16428	16306	16196	16796	16249	16088	16413	16376	16284	16477	16240	16378
HK7K2DSX3_3	reverse	A->G	24515	39808	40331	41363	41423	44121	44133	44890	44925	45198	45725	45599	45918	47255	46603	46842	46646	46703	36775	24762	21804	20482	19198	19435	18685	19113	18969	18727	19071	18924	19334	18928	19014	19739	19041	19084	19000	19226	19481	19591	19548	18928	19162	19150	19266	19334	19444	19567	18980	19165
HK7K2DSX3_3	reverse	A->T	30949	51458	53871	54256	54774	55260	54681	55181	55657	55216	55970	56206	55797	56497	56655	56825	58280	58398	46442	30017	24388	23795	22031	21900	21721	21511	20996	21226	20837	21303	21578	21723	20910	21018	21119	21407	21182	21334	21509	21306	21251	20660	20652	21053	20918	21201	20841	21113	21279	20756
HK7K2DSX3_3	reverse	C->A	23049	39074	39799	40298	40078	41484	41206	41434	41939	42154	42518	42583	42571	44251	43841	43838	44288	44458	35500	24603	21266	20141	20014	19178	19232	19059	18814	18723	18585	18933	18616	19038	18980	18660	19083	19246	19036	19011	19219	19245	18867	19249	19226	19239	18823	19037	19371	19420	19292	19016
HK7K2DSX3_3	reverse	C->C	77448	121842	151165	175929	201725	223792	250333	274096	294954	315052	336849	356519	380739	399816	421658	436733	458655	474179	482103	485255	496502	508184	524488	540341	555549	567133	583780	595595	608298	621151	633417	642773	656806	669326	680565	691979	701220	710355	722201	730094	739087	751141	754491	766557	777371	782887	794866	799748	806515	813249
HK7K2DSX3_3	reverse	C->G	18951	31552	31624	32572	31854	33044	33860	33771	34285	34703	34909	34642	34913	34340	35444	35711	35636	35340	27651	17904	15045	13779	13121	13172	12788	12617	12889	12511	12756	12927	12496	12618	12866	12758	12667	12680	12463	12757	12934	12638	12599	12683	12640	12514	12630	12464	12511	12336	13005	12622
HK7K2DSX3_3	reverse	C->T	22111	38937	38263	40041	40597	41034	40942	41264	41668	41861	41986	42972	43326	43610	43527	43752	44684	45875	36679	24968	21267	20478	19657	19258	19441	19217	19107	19081	19390	19156	19542	19633	19488	19845	19949	20163	20364	20432	20349	20138	20558	20186	20751	20634	20429	21029	21504	21169	21333	20993
HK7K2DSX3_3	reverse	G->A	23096	39518	40341	40266	41034	41979	43870	43542	43379	43252	45000	44382	44302	45323	46004	45541	46195	45969	36921	27103	23602	22066	21870	21235	21052	21405	21600	21081	21827	21773	21364	21406	21454	22191	21909	21713	22076	21855	22288	22595	22434	22540	22364	22141	22596	22460	22402	22339	22333	22429
HK7K2DSX3_3	reverse	G->C	19169	31268	32512	32679	33376	33365	33458	33965	33829	34558	34716	34517	35238	34807	34378	35346	34781	35738	27970	18078	15034	14160	13413	12904	13011	13096	12805	12792	12576	12631	12640	12441	13541	12890	12616	12510	12723	12804	12616	12775	12501	13199	12655	12893	12457	12395	12542	12492	12649	12602
HK7K2DSX3_3	reverse	G->G	78873	124616	153736	180598	205323	235170	258686	281319	302653	329200	345120	369696	390695	409115	429833	453641	469438	488102	495708	498241	510779	528296	539843	556165	570092	584950	600381	616936	625163	640596	653711	664976	672823	685495	698330	704523	721761	731402	738082	748959	756141	763800	773013	780931	788712	796767	803709	811557	816564	824803
HK7K2DSX3_3	reverse	G->T	22296	38446	39435	39020	40421	40333	39903	40722	40868	40980	41427	40976	41630	41636	41847	42795	43018	43739	34088	23207	19324	18512	17448	17181	17226	16844	16705	16675	16947	16959	17210	17173	16831	16775	17290	17152	17555	17372	17634	17002	17311	17288	17365	17171	18272	17737	17506	17461	17362	17351
HK7K2DSX3_3	reverse	T->A	32017	53268	54249	53381	54387	54388	55580	54939	56167	56282	56044	56550	55946	57176	57309	57333	58372	57378	45365	30118	25024	23625	22538	22134	21879	21618	21338	21148	21839	21234	21259	21110	21606	21266	21180	21298	20838	21144	21264	21339	21585	21392	21534	21182	21428	21986	21448	21649	21749	21482
HK7K2DSX3_3	reverse	T->C	24182	39649	40877	41312	42503	43510	43654	43926	44482	44688	45049	45233	46337	45884	46024	46428	46143	46500	37601	25330	21129	19685	19554	19104	19410	19158	18935	18816	18516	18817	18752	18879	20018	19227	18951	19011	18806	18667	18986	19140	19177	19397	19852	19197	19229	18980	19336	18883	19357	20153
HK7K2DSX3_3	reverse	T->G	24945	39022	39969	41737	41644	42746	43564	43067	43720	44662	43852	44706	44436	43918	45476	45335	45066	45241	35473	22993	20234	17965	17305	17069	16827	16279	16393	16944	16689	16966	17142	16839	16530	16535	16327	16455	16555	16608	16223	16583	16318	15901	16509	16513	16171	16083	16343	16200	16309	16084
HK7K2DSX3_3	reverse	T->T	108998	178550	215882	252640	287626	320153	351121	384524	413290	445614	479195	507806	533582	564604	586552	615405	644678	667511	680819	678930	694920	717472	736321	757217	776809	796511	814388	835891	857016	873572	890249	905890	922701	940736	956712	973912	987575	1.00093e+06	1.01677e+06	1.02662e+06	1.0421e+06	1.05902e+06	1.07016e+06	1.08288e+06	1.0946e+06	1.10707e+06	1.1157e+06	1.12643e+06	1.13634e+06	1.14531e+06
