HK7K2DSX3_3	forward	A->A	0.978228	0.966275	0.967033	0.966636	0.966812	0.965649	0.96663	0.965995	0.966349	0.966161	0.966164	0.966185	0.966216	0.965621	0.966216	0.965626	0.965826	0.966051	0.96857	0.971305	0.972271	0.972895	0.97275	0.972906	0.972978	0.973252	0.973276	0.973271	0.973308	0.973254	0.973463	0.973741	0.973557	0.973534	0.973707	0.973666	0.97363	0.973585	0.973681	0.974184	0.973914	0.973949	0.974001	0.97402	0.97395	0.974053	0.974088	0.974177	0.973973	0.974242
HK7K2DSX3_3	forward	A->C	0.00577876	0.00988985	0.00949247	0.00973026	0.00980157	0.0101493	0.00992369	0.0100813	0.0097626	0.00995477	0.00979965	0.00982599	0.00991028	0.00999851	0.00997751	0.0101007	0.0100278	0.010041	0.00923795	0.00853911	0.00829761	0.00776314	0.00804306	0.00793715	0.00798172	0.00780159	0.00783186	0.00781408	0.00787913	0.00787181	0.00779204	0.00760325	0.00780708	0.00787324	0.0077966	0.0078663	0.00775764	0.00787886	0.00774984	0.00760547	0.00767257	0.00781643	0.00773169	0.0077028	0.00769313	0.00776224	0.00766382	0.00780064	0.0078662	0.00763976
HK7K2DSX3_3	forward	A->G	0.00907583	0.0123656	0.0123378	0.0123236	0.0124146	0.0128296	0.012766	0.0127499	0.012938	0.0127785	0.0128337	0.0130324	0.0127465	0.0129367	0.0127355	0.0130156	0.0129906	0.0127846	0.0122378	0.011093	0.0108562	0.0106637	0.0107423	0.0106226	0.0107494	0.0106473	0.0106013	0.0106041	0.0105262	0.0105686	0.0105551	0.0103975	0.0104134	0.0104816	0.0102788	0.0103324	0.0103729	0.0103179	0.0105055	0.0101667	0.0104976	0.0101409	0.0102379	0.0102099	0.0103783	0.0103012	0.0104399	0.0101563	0.010392	0.0103296
HK7K2DSX3_3	forward	A->T	0.00691746	0.0114701	0.0111371	0.01131	0.0109718	0.0113717	0.0106802	0.0111741	0.0109508	0.011106	0.011203	0.0109567	0.0111275	0.0114442	0.0110712	0.0112573	0.011156	0.0111234	0.0099542	0.00906246	0.00857496	0.00867852	0.00846444	0.00853433	0.00829099	0.0082994	0.00829065	0.00831054	0.00828674	0.00830537	0.00819021	0.00825848	0.00822284	0.00811087	0.00821711	0.00813506	0.00823982	0.00821798	0.00806366	0.00804353	0.00791559	0.008094	0.0080295	0.00806693	0.00797847	0.00788345	0.00780865	0.00786582	0.00776902	0.00778831
HK7K2DSX3_3	forward	C->A	0.00666305	0.0114553	0.0114503	0.01124	0.0114801	0.011871	0.0116296	0.0114781	0.0118456	0.0119394	0.0118105	0.0118982	0.0121855	0.012054	0.0120897	0.0120084	0.0119525	0.0117326	0.011058	0.0102911	0.00971641	0.00977886	0.00944828	0.00951361	0.00953198	0.00945397	0.00956527	0.0095617	0.00924171	0.00934445	0.00953122	0.00947658	0.00928707	0.00928964	0.00945399	0.00910044	0.00920787	0.00931908	0.00933471	0.00925546	0.00921254	0.00932303	0.00917503	0.00902554	0.00907479	0.00910878	0.00908615	0.00903142	0.00896256	0.00882815
HK7K2DSX3_3	forward	C->C	0.976762	0.963674	0.964008	0.964492	0.96448	0.963791	0.963426	0.96388	0.963203	0.962941	0.962869	0.962988	0.962607	0.962334	0.962835	0.962683	0.962464	0.963052	0.965394	0.968495	0.96927	0.969446	0.970021	0.970055	0.969918	0.970034	0.970286	0.970459	0.970881	0.970684	0.970473	0.970683	0.970655	0.97093	0.97091	0.971061	0.971237	0.971328	0.970992	0.971016	0.971219	0.971124	0.971326	0.971521	0.971535	0.971543	0.972017	0.971694	0.97185	0.972072
HK7K2DSX3_3	forward	C->G	0.00659989	0.0103312	0.0104535	0.0100441	0.00992646	0.0102046	0.0102544	0.0101243	0.0102626	0.0103183	0.0103425	0.0103391	0.0103507	0.0105706	0.0102697	0.0103557	0.0105738	0.0103229	0.00978721	0.00847994	0.00852474	0.00831802	0.00819365	0.0081076	0.00822507	0.00825117	0.00823285	0.00797097	0.00784967	0.00794912	0.00794665	0.00786262	0.00814881	0.00798831	0.00776244	0.00783501	0.00773357	0.00779406	0.00785955	0.00772987	0.00780698	0.00776647	0.00767485	0.00759276	0.00760252	0.00772869	0.00740398	0.00759267	0.00750594	0.00748653
HK7K2DSX3_3	forward	C->T	0.0099753	0.0145396	0.0140887	0.014224	0.0141134	0.0141337	0.0146898	0.0145174	0.0146883	0.0148009	0.0149785	0.0147747	0.0148571	0.0150411	0.0148058	0.0149529	0.0150097	0.0148929	0.0137604	0.0127339	0.0124887	0.0124576	0.0123371	0.0123235	0.0123246	0.0122612	0.011916	0.0120082	0.0120279	0.0120223	0.0120494	0.0119778	0.0119092	0.0117924	0.0118734	0.0120031	0.0118215	0.011559	0.0118132	0.0119987	0.0117614	0.0117861	0.0118243	0.0118606	0.0117879	0.0116197	0.0114925	0.0116822	0.0116812	0.0116136
HK7K2DSX3_3	forward	G->A	0.010068	0.0143261	0.0143442	0.0142719	0.0140756	0.015154	0.0146513	0.0146379	0.0145348	0.0146963	0.0149981	0.0149384	0.0148654	0.0146535	0.0150228	0.0148716	0.0146045	0.0150364	0.0141747	0.0133146	0.0125452	0.0126792	0.0123951	0.0122698	0.0122327	0.0124919	0.0122253	0.0122337	0.0120703	0.0121141	0.0123105	0.0120323	0.0120151	0.0119116	0.0120749	0.0120357	0.0120292	0.0119408	0.0117732	0.0120415	0.0117096	0.0117485	0.011808	0.0117033	0.011799	0.0117483	0.0115184	0.0116524	0.0115309	0.0115606
HK7K2DSX3_3	forward	G->C	0.00627218	0.0102848	0.00987789	0.0103392	0.010056	0.0108524	0.0105079	0.0105826	0.010726	0.0105437	0.0107558	0.0106051	0.0104666	0.0107684	0.0107793	0.0102981	0.0104769	0.0106449	0.00967703	0.00874798	0.00851086	0.00837124	0.00829632	0.00835124	0.00822624	0.00797403	0.00823947	0.00813694	0.00811638	0.00806185	0.00802563	0.00791742	0.00787933	0.00786518	0.00768016	0.00791921	0.00767724	0.00778452	0.00783284	0.00782164	0.00773187	0.00780248	0.0078396	0.00763854	0.00766572	0.00759341	0.00774384	0.00769941	0.00774008	0.00766058
HK7K2DSX3_3	forward	G->G	0.976485	0.963907	0.964193	0.964186	0.96436	0.962234	0.962915	0.963173	0.962843	0.962863	0.962298	0.962337	0.96265	0.962695	0.962245	0.9631	0.963186	0.962598	0.965159	0.967739	0.969403	0.969479	0.969983	0.970181	0.970472	0.970428	0.970347	0.970743	0.970644	0.970754	0.970706	0.971021	0.970785	0.971167	0.971242	0.971082	0.971377	0.971198	0.971439	0.971056	0.971688	0.971454	0.971519	0.97193	0.971541	0.971719	0.971974	0.971774	0.971812	0.972485
HK7K2DSX3_3	forward	G->T	0.00717479	0.0114821	0.0115845	0.0112034	0.0115088	0.0117598	0.011926	0.0116069	0.0118963	0.0118971	0.0119486	0.01212	0.0120177	0.011883	0.0119524	0.0117301	0.0117324	0.0117207	0.0109897	0.010198	0.00954128	0.00947088	0.00932508	0.0091977	0.00906868	0.00910621	0.00918859	0.00888617	0.00916923	0.00907026	0.00895754	0.00902967	0.00932018	0.00905602	0.00900324	0.00896276	0.00891631	0.00907706	0.00895447	0.00908073	0.00887023	0.00899538	0.00883333	0.00872805	0.00899432	0.00893978	0.00876337	0.00887427	0.00891733	0.00829388
HK7K2DSX3_3	forward	T->A	0.0067961	0.0116946	0.0117037	0.0112119	0.0116489	0.0120716	0.0117315	0.0113734	0.0116015	0.011647	0.011575	0.011587	0.0113023	0.0117619	0.0114848	0.0115377	0.0116056	0.0120204	0.0110772	0.00958953	0.00923951	0.00924723	0.00890863	0.00903332	0.0091114	0.00887438	0.00911094	0.00893027	0.00879054	0.00908862	0.00870242	0.00867332	0.00851743	0.00876036	0.00856522	0.00878334	0.00880237	0.00879719	0.00865009	0.00874241	0.00856524	0.00865031	0.00872168	0.00850257	0.00854809	0.00846422	0.00850636	0.00846857	0.00834972	0.00837254
HK7K2DSX3_3	forward	T->C	0.00900024	0.0124994	0.0121825	0.0122511	0.0123158	0.0129294	0.0128948	0.0130649	0.0129547	0.0129441	0.0129148	0.0128852	0.0126997	0.0127679	0.0130564	0.0130434	0.0131241	0.0130346	0.0122121	0.0115885	0.0108811	0.0107088	0.0106952	0.0108163	0.0105846	0.0104588	0.0106803	0.0105454	0.0104742	0.0104219	0.0105478	0.0104757	0.0104254	0.0102505	0.0103006	0.0102698	0.0103505	0.0101497	0.010429	0.0102433	0.0104007	0.0101105	0.0101116	0.0101884	0.010131	0.0102319	0.0102679	0.0101528	0.0100432	0.0101481
HK7K2DSX3_3	forward	T->G	0.00606139	0.00980183	0.00979803	0.00996929	0.0100192	0.0103431	0.00994765	0.0102402	0.0100456	0.010172	0.0100325	0.0100365	0.0100526	0.0101542	0.0102798	0.0104558	0.0103477	0.0104422	0.00962078	0.00880512	0.00841317	0.0084491	0.00824644	0.0082116	0.0081838	0.00790888	0.00806007	0.00815976	0.00764274	0.00789599	0.00783718	0.00782223	0.00788606	0.00775735	0.00785099	0.00797506	0.00767102	0.00789238	0.00788662	0.00775637	0.00797579	0.00795977	0.00798115	0.00800401	0.00797425	0.00796621	0.0077558	0.00771972	0.00757294	0.0079635
HK7K2DSX3_3	forward	T->T	0.978142	0.966004	0.966316	0.966568	0.966016	0.964656	0.965426	0.965321	0.965398	0.965237	0.965478	0.965491	0.965945	0.965316	0.965179	0.964963	0.964923	0.964503	0.96709	0.970017	0.971466	0.971595	0.97215	0.971939	0.97212	0.972758	0.972149	0.972365	0.973093	0.972594	0.972913	0.973029	0.973171	0.973232	0.973283	0.972972	0.973176	0.973161	0.973034	0.973258	0.973058	0.973279	0.973186	0.973305	0.973347	0.973338	0.97347	0.973659	0.974034	0.973516
HK7K2DSX3_3	reverse	A->A	0.589628	0.583889	0.645956	0.673613	0.707989	0.721667	0.746744	0.764088	0.783976	0.798658	0.810203	0.818679	0.831967	0.839791	0.845954	0.850152	0.855973	0.8634	0.89112	0.92538	0.936987	0.943107	0.946814	0.948632	0.952288	0.953078	0.954129	0.954242	0.956562	0.958202	0.958096	0.959365	0.959071	0.960789	0.961544	0.961337	0.961725	0.962657	0.962722	0.964468	0.96447	0.964751	0.965141	0.965912	0.966196	0.966479	0.966976	0.967317	0.967495	0.967342
HK7K2DSX3_3	reverse	A->C	0.127258	0.127618	0.109559	0.102244	0.0928887	0.084457	0.0749946	0.0722336	0.0654804	0.0626851	0.0576418	0.0565993	0.0527818	0.0487442	0.0485302	0.0462601	0.0446262	0.0422286	0.0335702	0.0231857	0.0189232	0.017583	0.0156197	0.0160025	0.0147686	0.0140784	0.0141705	0.0133773	0.012926	0.0127826	0.0122345	0.0121927	0.0123776	0.011834	0.0109589	0.0117089	0.0116436	0.0108387	0.0109124	0.0105917	0.0107479	0.0102383	0.0101713	0.0101136	0.0104514	0.00987824	0.00968296	0.00960009	0.00956942	0.00969256
HK7K2DSX3_3	reverse	A->G	0.129105	0.128638	0.107152	0.100228	0.0891361	0.0866286	0.081638	0.0793326	0.0701826	0.0648939	0.0635004	0.0596482	0.0552704	0.0510335	0.0517978	0.0491536	0.0466536	0.044273	0.0355583	0.0259908	0.0234196	0.0199274	0.0196829	0.0187026	0.017314	0.0169436	0.0173337	0.0170919	0.016708	0.0155441	0.0163051	0.0150202	0.0153317	0.0145492	0.0149211	0.0143642	0.0143721	0.014296	0.0143834	0.0138108	0.0134933	0.0135527	0.0132368	0.0132516	0.0131186	0.0130664	0.0130231	0.0123103	0.0126864	0.0125662
HK7K2DSX3_3	reverse	A->T	0.154009	0.159856	0.137333	0.123914	0.109987	0.107248	0.0966238	0.084346	0.0803614	0.0737633	0.0686548	0.0650735	0.0599806	0.0604316	0.0537176	0.0544343	0.0527474	0.0500984	0.0397519	0.025443	0.0206706	0.0193824	0.0178836	0.0166634	0.0156293	0.0159001	0.0143666	0.0152884	0.0138037	0.013471	0.0133644	0.013422	0.0132197	0.0128275	0.0125756	0.0125897	0.0122597	0.0122081	0.0119822	0.0111292	0.011289	0.0114582	0.0114509	0.0107232	0.0102344	0.0105766	0.0103182	0.0107727	0.0102489	0.0103993
HK7K2DSX3_3	reverse	C->A	0.1553	0.149164	0.136761	0.116549	0.108534	0.096267	0.0883017	0.0836274	0.0786787	0.0711591	0.0700461	0.0641289	0.062799	0.0588628	0.0553885	0.0536494	0.0506576	0.0480988	0.0385069	0.0271561	0.0221816	0.0209019	0.0187932	0.0176305	0.01746	0.0170387	0.0160307	0.0151874	0.0151517	0.014789	0.015221	0.0145334	0.0147876	0.0141258	0.013451	0.0137407	0.0134116	0.0130386	0.0131158	0.0128878	0.0124189	0.0120258	0.0121942	0.0123126	0.0120649	0.0115585	0.011657	0.011885	0.0120419	0.0112993
HK7K2DSX3_3	reverse	C->C	0.565286	0.560683	0.617116	0.656829	0.691649	0.717388	0.739561	0.757513	0.772711	0.790595	0.794808	0.808727	0.819001	0.828502	0.834817	0.842202	0.84767	0.851429	0.884517	0.918034	0.93204	0.937488	0.941179	0.944945	0.946302	0.948482	0.950074	0.95202	0.951992	0.952861	0.953518	0.954947	0.955125	0.956952	0.957733	0.957956	0.959603	0.959127	0.959809	0.959393	0.960571	0.961663	0.96142	0.962009	0.96271	0.963712	0.963197	0.962899	0.963535	0.964147
HK7K2DSX3_3	reverse	C->G	0.142227	0.139444	0.11221	0.107381	0.0940567	0.086458	0.082154	0.0750017	0.0704691	0.0646919	0.063887	0.0608233	0.0551875	0.0533381	0.0511346	0.0474341	0.0472407	0.0463687	0.0348275	0.0252921	0.0207162	0.0188928	0.0180216	0.0162325	0.0152921	0.0148651	0.0145436	0.0145062	0.0143191	0.0132768	0.0135734	0.0132751	0.0128721	0.0127291	0.0121931	0.012399	0.0110673	0.0113597	0.0114772	0.0113856	0.0112095	0.0112835	0.0107801	0.0107945	0.0106423	0.0103071	0.0103702	0.0106213	0.0101722	0.0106459
HK7K2DSX3_3	reverse	C->T	0.137187	0.150709	0.133913	0.119241	0.10576	0.0998867	0.0899829	0.083858	0.0781415	0.0735544	0.0712593	0.066321	0.0630127	0.0592973	0.0586596	0.0567146	0.054432	0.0541032	0.0421483	0.029518	0.0250623	0.0227174	0.022006	0.0211921	0.0209456	0.0196141	0.0193518	0.0182863	0.0185372	0.0190736	0.0176881	0.0172441	0.017215	0.0161927	0.0166228	0.0159039	0.0159176	0.0164751	0.0155981	0.016334	0.015801	0.0150273	0.0156058	0.0148842	0.0145832	0.0144229	0.0147756	0.0145944	0.0142511	0.0139077
HK7K2DSX3_3	reverse	G->A	0.154305	0.155182	0.138008	0.121945	0.108756	0.0978106	0.0890555	0.0846164	0.0785747	0.0752866	0.0712052	0.0655761	0.0641732	0.0634571	0.0580838	0.0581835	0.054808	0.0519433	0.0399097	0.0292891	0.0254874	0.0234551	0.0223855	0.0216764	0.0196349	0.0199354	0.0191217	0.0187707	0.0184619	0.0178597	0.0173006	0.0175137	0.0176002	0.0165728	0.0171786	0.0165426	0.0159639	0.0160741	0.0154551	0.0156	0.0156606	0.0151045	0.0161058	0.0145153	0.0149093	0.0150352	0.0143496	0.0145903	0.0140808	0.0144719
HK7K2DSX3_3	reverse	G->C	0.139063	0.133591	0.120429	0.105694	0.0918312	0.086809	0.0815592	0.073554	0.0734755	0.0660453	0.0616033	0.0607225	0.0567788	0.0534586	0.0515028	0.0478972	0.0450354	0.0445517	0.0372499	0.0239603	0.021588	0.0183557	0.0171325	0.0167575	0.0165643	0.0161867	0.0154521	0.0148499	0.0141943	0.0141281	0.0135983	0.0129288	0.0133941	0.0129676	0.0121392	0.0124032	0.0119802	0.011442	0.0117985	0.0116391	0.01073	0.0110736	0.0107414	0.0108203	0.0109485	0.0105747	0.0105349	0.0100666	0.0097653	0.0105545
HK7K2DSX3_3	reverse	G->G	0.562854	0.558519	0.61303	0.656876	0.691262	0.719294	0.74078	0.75929	0.77066	0.785741	0.799077	0.809697	0.816872	0.826098	0.833299	0.841217	0.847558	0.855175	0.883183	0.920285	0.931287	0.93824	0.9424	0.944101	0.947364	0.948007	0.949885	0.951056	0.953076	0.953516	0.954863	0.954977	0.955416	0.95661	0.956899	0.957984	0.958899	0.958978	0.959861	0.960344	0.961016	0.961684	0.961663	0.962779	0.962211	0.962886	0.964138	0.964178	0.96516	0.964679
HK7K2DSX3_3	reverse	G->T	0.143777	0.152708	0.128533	0.115485	0.108151	0.0960865	0.0886057	0.0825394	0.0772894	0.0729271	0.0681149	0.0640047	0.0621761	0.0569866	0.0571143	0.0527021	0.0525984	0.0483296	0.0396576	0.0264657	0.0216372	0.0199492	0.0180824	0.0174649	0.0164368	0.0158709	0.0155413	0.0153234	0.0142681	0.0144959	0.0142384	0.0145807	0.0135901	0.0138491	0.013783	0.0130706	0.013157	0.0135062	0.0128851	0.0124164	0.012593	0.0121378	0.0114898	0.0118857	0.0119311	0.0115045	0.0109779	0.011165	0.0109936	0.0102945
HK7K2DSX3_3	reverse	T->A	0.16169	0.162543	0.136882	0.122448	0.109704	0.101924	0.0897056	0.0861546	0.0780157	0.0749548	0.0703008	0.0639449	0.0633582	0.0598714	0.0568061	0.0535691	0.0518191	0.0502493	0.0384682	0.0265354	0.0209942	0.0208263	0.0187006	0.0174875	0.01673	0.016169	0.0158474	0.0147419	0.0145661	0.0140732	0.0138123	0.0136462	0.0137789	0.0131687	0.0128301	0.0123876	0.0123929	0.0120586	0.0118762	0.0118884	0.0119088	0.0116455	0.0113845	0.0117631	0.0112495	0.0107975	0.011007	0.0106831	0.0107299	0.0107801
HK7K2DSX3_3	reverse	T->C	0.134326	0.12666	0.11707	0.10203	0.0948035	0.082094	0.080058	0.0728939	0.0715557	0.0660271	0.0655163	0.0579628	0.0564641	0.0533619	0.0496911	0.0480403	0.0446506	0.0439423	0.0362009	0.0254155	0.0222791	0.0201806	0.0201954	0.01845	0.0176313	0.0173556	0.0168506	0.0157737	0.015822	0.0160007	0.015646	0.0149552	0.0148641	0.014761	0.0136303	0.0146598	0.0137873	0.0140234	0.014401	0.0135942	0.0134636	0.0131938	0.0128225	0.0131937	0.0126135	0.0127357	0.0131394	0.0122307	0.0124145	0.0123922
HK7K2DSX3_3	reverse	T->G	0.134673	0.129466	0.113644	0.106108	0.0942181	0.0853673	0.0776353	0.0734162	0.0655178	0.0632276	0.0556761	0.0559087	0.0529113	0.0509376	0.0508811	0.0488936	0.0436872	0.041007	0.0327945	0.0228356	0.0186048	0.0173108	0.0158791	0.0157054	0.0143111	0.0137251	0.0133648	0.0135286	0.0136623	0.0130978	0.0127464	0.0121854	0.0123226	0.0115081	0.0115497	0.0112257	0.0108728	0.0109964	0.0110625	0.0108929	0.0105647	0.0100363	0.0101528	0.0101465	0.00986987	0.00987438	0.00961361	0.00955754	0.00954778	0.00945768
HK7K2DSX3_3	reverse	T->T	0.569311	0.581331	0.632404	0.669415	0.701275	0.730615	0.752601	0.767535	0.784911	0.795791	0.808507	0.822184	0.827266	0.835829	0.842622	0.849497	0.859843	0.864801	0.892536	0.925214	0.938122	0.941682	0.945225	0.948357	0.951328	0.95275	0.953937	0.955956	0.95595	0.956828	0.957795	0.959213	0.959034	0.960562	0.96199	0.961727	0.962947	0.962922	0.96266	0.963625	0.964063	0.965124	0.96564	0.964897	0.966267	0.966592	0.96624	0.967529	0.967308	0.96737
