HK7K2DSX3_3	forward	A->A	0.978981	0.967164	0.967624	0.967484	0.967617	0.966425	0.967179	0.966993	0.967468	0.966921	0.966661	0.967008	0.967118	0.966858	0.96716	0.966645	0.966822	0.966729	0.969485	0.972414	0.973316	0.973995	0.974134	0.974162	0.974056	0.974186	0.974185	0.974177	0.974467	0.97455	0.974767	0.975055	0.974789	0.974608	0.975161	0.974737	0.974866	0.975067	0.975026	0.974989	0.97524	0.975003	0.975312	0.975381	0.975402	0.975153	0.975663	0.97534	0.975426	0.975378
HK7K2DSX3_3	forward	A->C	0.00551093	0.00925232	0.00906748	0.00929468	0.0091447	0.00972043	0.00940227	0.00955829	0.00934434	0.00949682	0.00949634	0.00949584	0.00935193	0.00939483	0.00939103	0.00951228	0.0094175	0.00956296	0.0086953	0.00787535	0.0075556	0.00740037	0.00725151	0.00747205	0.00732906	0.00729879	0.00737423	0.00737269	0.0072988	0.00721092	0.00717306	0.00713989	0.00723423	0.00734139	0.00699749	0.0073207	0.0072608	0.00720701	0.00722698	0.0072495	0.00722058	0.00721728	0.00694885	0.0070676	0.00711575	0.00720788	0.00687153	0.0072291	0.00708077	0.00713107
HK7K2DSX3_3	forward	A->G	0.00855433	0.0118634	0.0119163	0.0118565	0.0117329	0.0123518	0.0120976	0.0121519	0.0118539	0.0121341	0.0123704	0.0121114	0.0122829	0.012234	0.0121344	0.0122443	0.0122083	0.012303	0.0115042	0.0105376	0.0104094	0.010096	0.00997417	0.0100305	0.0101725	0.0101141	0.0100058	0.0100224	0.00980645	0.00988959	0.00977466	0.00958082	0.00970528	0.00967261	0.00964321	0.00979062	0.00978462	0.00965828	0.0096445	0.00970483	0.00949325	0.00968436	0.00968432	0.00963635	0.00952554	0.00968643	0.00958692	0.00945278	0.00946633	0.00962159
HK7K2DSX3_3	forward	A->T	0.00695396	0.0117202	0.0113922	0.0113644	0.0115054	0.0115024	0.0113213	0.011297	0.0113337	0.011448	0.0114723	0.0113852	0.0112472	0.0115133	0.0113143	0.0115982	0.0115524	0.011405	0.010315	0.00917316	0.00871869	0.00850833	0.00864044	0.00833598	0.00844269	0.00840118	0.00843491	0.00842819	0.00842806	0.0083493	0.00828526	0.00822455	0.00827142	0.00837789	0.00819832	0.00815194	0.00808905	0.00806814	0.00810226	0.00805636	0.00804584	0.00809507	0.00805439	0.00791488	0.00795649	0.00795243	0.007879	0.00797847	0.00802655	0.00786898
HK7K2DSX3_3	forward	C->A	0.00687604	0.011744	0.0117029	0.0114575	0.0117016	0.0120653	0.01173	0.0117578	0.0121734	0.0120772	0.0119386	0.0119476	0.0123145	0.0122739	0.0122117	0.0120197	0.0122541	0.0122032	0.0114794	0.010245	0.00988675	0.00978504	0.00969769	0.00954065	0.00949991	0.00941401	0.00976183	0.00954095	0.00945972	0.00953394	0.00936455	0.00952346	0.00970708	0.00934455	0.00958243	0.00929191	0.00929791	0.00931639	0.00946288	0.00937064	0.00932675	0.00952126	0.00932393	0.00932033	0.0092307	0.00914258	0.00925305	0.00912621	0.00908322	0.0091803
HK7K2DSX3_3	forward	C->C	0.976892	0.964405	0.964393	0.964662	0.964502	0.963281	0.964086	0.963516	0.962563	0.963133	0.962926	0.963394	0.962831	0.962573	0.962698	0.963201	0.962996	0.962834	0.965091	0.968549	0.969711	0.969752	0.97019	0.970545	0.970528	0.970763	0.970383	0.970766	0.971043	0.970937	0.971136	0.97106	0.970886	0.971246	0.971226	0.971511	0.971573	0.97151	0.971637	0.971513	0.971763	0.971252	0.971642	0.971749	0.971734	0.971735	0.971865	0.971917	0.972392	0.971959
HK7K2DSX3_3	forward	C->G	0.00610219	0.00946732	0.00963394	0.00964946	0.00967926	0.00992106	0.0096113	0.00985883	0.00995746	0.00987056	0.00984364	0.00973759	0.00987334	0.0099841	0.00996984	0.00974585	0.00975552	0.0098872	0.00942492	0.00819362	0.0078918	0.00785219	0.00775169	0.00770669	0.00753172	0.00749508	0.00751679	0.00746787	0.00724628	0.00741972	0.00736104	0.00737047	0.00740391	0.00724589	0.00719303	0.00726967	0.00718875	0.00714888	0.00714019	0.00726583	0.00714583	0.00722537	0.00714502	0.00719857	0.00720956	0.0072967	0.00703332	0.00708446	0.00702871	0.00708056
HK7K2DSX3_3	forward	C->T	0.0101301	0.0143834	0.0142707	0.0142312	0.0141176	0.0147331	0.0145725	0.0148673	0.0153066	0.0149192	0.0152913	0.0149206	0.014981	0.0151692	0.0151206	0.0150331	0.0149942	0.0150752	0.0140051	0.0130123	0.0125103	0.0126108	0.0123603	0.0122081	0.0124402	0.0123276	0.0123383	0.0122252	0.0122513	0.0121094	0.0121379	0.0120465	0.0120027	0.0121634	0.0119989	0.0119277	0.0119404	0.0120243	0.0117599	0.0118509	0.011764	0.0120015	0.0118893	0.0117325	0.011826	0.0118253	0.0118484	0.0118722	0.0114959	0.01178
HK7K2DSX3_3	forward	G->A	0.0103021	0.0144806	0.014397	0.0143616	0.0142579	0.0150273	0.0149797	0.0148309	0.0149638	0.0149909	0.0153568	0.0151178	0.0148634	0.0151282	0.015032	0.0151377	0.0150578	0.0150944	0.0140513	0.0132777	0.012428	0.0125429	0.0125019	0.0123381	0.0121731	0.0123117	0.0121843	0.0123629	0.0122276	0.0120323	0.0121669	0.0122022	0.0121386	0.0121438	0.0119887	0.0118172	0.0120566	0.0118749	0.0120173	0.0118903	0.0121222	0.0116276	0.0118321	0.0118163	0.0116326	0.0119023	0.0116698	0.0116177	0.0118064	0.0115602
HK7K2DSX3_3	forward	G->C	0.00586679	0.00978704	0.00942559	0.00953033	0.00976815	0.010035	0.00983797	0.00993643	0.0101949	0.0101483	0.0101927	0.010248	0.0101284	0.0100984	0.0100488	0.0100441	0.0100761	0.00994067	0.00936452	0.00831603	0.00799883	0.00769185	0.0076831	0.00769522	0.00765411	0.00768671	0.00785381	0.00752341	0.00753562	0.00762865	0.00742881	0.00748262	0.00755414	0.00730794	0.00735174	0.00726415	0.00740977	0.00728855	0.00727944	0.00727428	0.00729785	0.00751662	0.00720955	0.0074005	0.0071301	0.00712543	0.00720764	0.00730772	0.00710662	0.00722961
HK7K2DSX3_3	forward	G->G	0.976621	0.963578	0.964289	0.964458	0.964404	0.963061	0.963504	0.963574	0.963141	0.962789	0.962364	0.962251	0.962889	0.962687	0.962854	0.962868	0.962909	0.962706	0.965624	0.968378	0.969888	0.970317	0.970341	0.970676	0.970739	0.970824	0.97056	0.970902	0.971105	0.970945	0.971311	0.971133	0.971073	0.971434	0.971616	0.971829	0.971468	0.971814	0.971408	0.971853	0.971625	0.971912	0.971829	0.971946	0.972368	0.971977	0.972335	0.972032	0.972189	0.972477
HK7K2DSX3_3	forward	G->T	0.00720965	0.0121545	0.0118881	0.0116503	0.0115695	0.0118763	0.0116786	0.0116588	0.0117005	0.0120721	0.0120866	0.0123829	0.0121196	0.0120868	0.0120654	0.0119502	0.0119566	0.0122586	0.0109606	0.0100286	0.00968523	0.00944843	0.00947414	0.00929102	0.00943421	0.00917774	0.00940236	0.00921191	0.0091318	0.00939389	0.00909314	0.00918205	0.0092341	0.00911392	0.00904359	0.00908945	0.00906556	0.00902258	0.00929573	0.00898288	0.00895542	0.00894394	0.00912912	0.0088369	0.00886942	0.00899535	0.00878738	0.00904254	0.00889772	0.0087334
HK7K2DSX3_3	forward	T->A	0.0069313	0.0117484	0.0117361	0.0115864	0.0116631	0.0119584	0.0118105	0.011718	0.0117369	0.0115928	0.0118031	0.0116914	0.01161	0.0117462	0.0120057	0.0117644	0.011738	0.0118663	0.0108181	0.00967093	0.00937761	0.00921106	0.00901986	0.00892257	0.0089347	0.00893752	0.00895175	0.00879822	0.00870286	0.00875105	0.0087143	0.00863299	0.00864678	0.00870498	0.00856165	0.00868132	0.0087826	0.00856325	0.00849065	0.00867581	0.00863975	0.00853986	0.00863403	0.00841707	0.00861692	0.00855517	0.0084482	0.00847312	0.00849722	0.00838454
HK7K2DSX3_3	forward	T->C	0.00833306	0.0119326	0.0116865	0.0117392	0.0116674	0.0123342	0.0124495	0.0123542	0.0122745	0.012389	0.0120961	0.0122404	0.0121529	0.012267	0.0123654	0.0123105	0.0123942	0.0123214	0.0115979	0.010778	0.010187	0.0101286	0.0101133	0.0100995	0.00994975	0.00990836	0.00990975	0.0100348	0.00973755	0.00982249	0.00993897	0.00993917	0.00969989	0.00993872	0.00965132	0.00972644	0.00961463	0.00976009	0.00963103	0.00963897	0.00974506	0.00962628	0.00950918	0.00949274	0.0096932	0.0095069	0.00936886	0.00943516	0.00951905	0.00935387
HK7K2DSX3_3	forward	T->G	0.00565664	0.0093871	0.00947819	0.00929688	0.00923784	0.00962038	0.00949906	0.00944229	0.0096129	0.00942383	0.00958541	0.00962621	0.00970225	0.00975424	0.00971559	0.00974098	0.00990976	0.00969977	0.00927594	0.00808231	0.00765739	0.00775422	0.00750019	0.00760519	0.00762773	0.00761015	0.00756613	0.00742737	0.00727696	0.00732306	0.00732492	0.00717031	0.00731277	0.00726532	0.00716737	0.00732259	0.00711429	0.00737927	0.00729661	0.00731249	0.00719275	0.0072507	0.00737911	0.00727718	0.0072499	0.00738767	0.0072435	0.00718959	0.00733275	0.00723936
HK7K2DSX3_3	forward	T->T	0.979079	0.966932	0.967099	0.967378	0.967432	0.966087	0.966241	0.966486	0.966376	0.966594	0.966515	0.966442	0.966535	0.966233	0.965913	0.966184	0.965958	0.966113	0.968308	0.971469	0.972778	0.972906	0.973367	0.973373	0.973488	0.973544	0.973572	0.97374	0.974283	0.974103	0.974022	0.974258	0.974341	0.974091	0.97462	0.97427	0.974488	0.974297	0.974582	0.974373	0.974422	0.974583	0.974478	0.974813	0.97444	0.97455	0.974939	0.974902	0.974651	0.975022
HK7K2DSX3_3	reverse	A->A	0.599348	0.604786	0.650801	0.68747	0.722612	0.742317	0.762539	0.776981	0.793706	0.807927	0.819045	0.832228	0.839162	0.846472	0.852266	0.859411	0.865479	0.868982	0.896188	0.928167	0.939655	0.944966	0.94916	0.950321	0.9529	0.955176	0.956652	0.956465	0.95837	0.959778	0.959717	0.961721	0.961707	0.961891	0.962698	0.963222	0.964568	0.964044	0.964641	0.965443	0.965794	0.965945	0.967276	0.967553	0.967471	0.967972	0.96801	0.968465	0.96811	0.969317
HK7K2DSX3_3	reverse	A->C	0.118314	0.1202	0.106383	0.0947817	0.0835739	0.0786396	0.0712436	0.066913	0.0620838	0.0576125	0.0554176	0.0511969	0.0498093	0.0467964	0.0452549	0.0425448	0.0407904	0.0394109	0.0322765	0.0214091	0.0181137	0.0165891	0.0153673	0.0146813	0.0139629	0.0133912	0.0127971	0.012438	0.0118725	0.0118782	0.0117156	0.0113558	0.0114889	0.0113246	0.0110496	0.0112443	0.0105805	0.010817	0.0101732	0.0100614	0.0101378	0.0100962	0.00963685	0.0097267	0.00943426	0.00938079	0.00898607	0.0093152	0.00936991	0.00908468
HK7K2DSX3_3	reverse	A->G	0.126804	0.120631	0.108597	0.0949776	0.0840549	0.0809756	0.0758091	0.0709804	0.0664749	0.0611051	0.0572626	0.0539973	0.0512324	0.0491925	0.0460684	0.0453496	0.0433847	0.0426576	0.0332804	0.0240249	0.021284	0.0190026	0.017382	0.0180136	0.016738	0.0158826	0.0156257	0.0161748	0.0154904	0.0148754	0.014867	0.0141319	0.014096	0.0144068	0.0135059	0.0135303	0.0128445	0.0134743	0.0137799	0.0129545	0.0129946	0.0125185	0.0123907	0.0119438	0.0126629	0.0123207	0.0123439	0.0117288	0.0121803	0.0116223
HK7K2DSX3_3	reverse	A->T	0.155535	0.154382	0.134219	0.122771	0.109759	0.0980674	0.0904084	0.085126	0.0777348	0.0733548	0.0682747	0.062578	0.0597964	0.057539	0.0564105	0.052695	0.0503464	0.048949	0.038255	0.0263994	0.0209473	0.0194425	0.0180909	0.016984	0.0163993	0.01555	0.0149249	0.0149227	0.0142669	0.0134687	0.0137008	0.0127916	0.0127086	0.0123779	0.0127468	0.0120037	0.0120068	0.0116647	0.0114064	0.0115412	0.011074	0.0114408	0.010696	0.0107763	0.0104318	0.0103262	0.0106605	0.0104913	0.0103402	0.00997567
HK7K2DSX3_3	reverse	C->A	0.150827	0.152415	0.134372	0.116523	0.10592	0.0913702	0.0860811	0.0779544	0.0725081	0.0704505	0.0672326	0.062222	0.0589978	0.057515	0.0541586	0.0513149	0.0497666	0.0484544	0.0375319	0.0258628	0.0218589	0.0193369	0.0186672	0.0178932	0.0167385	0.0163504	0.0158046	0.0147583	0.0153285	0.01491	0.0148562	0.013872	0.014357	0.0140022	0.0135629	0.0130437	0.0132917	0.0132695	0.0129978	0.0127055	0.0123338	0.0119933	0.012039	0.012073	0.0121441	0.011774	0.0118254	0.0117924	0.0114883	0.0113406
HK7K2DSX3_3	reverse	C->C	0.569517	0.563311	0.627818	0.669097	0.700231	0.728107	0.747171	0.771445	0.78353	0.796855	0.803181	0.813193	0.829087	0.835809	0.841455	0.850206	0.854974	0.861386	0.889324	0.922262	0.934331	0.94008	0.944055	0.945956	0.948165	0.95019	0.951527	0.953095	0.953756	0.95474	0.955144	0.955736	0.95675	0.957199	0.958974	0.95927	0.959768	0.959917	0.960736	0.961322	0.961499	0.962346	0.96275	0.962842	0.963344	0.963479	0.963724	0.963904	0.964745	0.964894
HK7K2DSX3_3	reverse	C->G	0.134179	0.131431	0.106642	0.0945437	0.0890273	0.0826527	0.0754563	0.0681486	0.0665269	0.0614836	0.0577054	0.0577201	0.0519948	0.0486133	0.0475407	0.0443567	0.0424712	0.0402623	0.0324253	0.0228562	0.0192696	0.0170192	0.0157538	0.0154617	0.0146958	0.0138624	0.0140253	0.013342	0.0132324	0.0127824	0.0122581	0.0124192	0.0117271	0.0117678	0.0116295	0.0111019	0.0108504	0.0106359	0.0105468	0.0105412	0.0101504	0.0104409	0.00999089	0.0103996	0.00980403	0.0101551	0.00992417	0.00978646	0.00953687	0.0095165
HK7K2DSX3_3	reverse	C->T	0.145476	0.152844	0.131168	0.119837	0.104822	0.0978696	0.0912915	0.0824523	0.0774345	0.0712112	0.0718809	0.0668653	0.0599206	0.058063	0.0568459	0.0541226	0.0527885	0.0498977	0.0407185	0.0290189	0.0245403	0.0235638	0.0215238	0.0206888	0.0204009	0.0195975	0.0186429	0.0188049	0.0176836	0.0175681	0.0177417	0.0179733	0.017166	0.017031	0.0158338	0.0165848	0.0160902	0.0161774	0.0157197	0.0154312	0.0160169	0.0152196	0.0152201	0.0146854	0.0147079	0.0145921	0.0145264	0.014517	0.0142301	0.0142489
HK7K2DSX3_3	reverse	G->A	0.158511	0.152108	0.131308	0.116083	0.104329	0.0943874	0.0890968	0.0829638	0.079627	0.0719047	0.0708673	0.0658794	0.0626801	0.0604991	0.0584703	0.0555772	0.0530418	0.0507418	0.0405671	0.0300455	0.0245762	0.0224828	0.0222794	0.0205963	0.0194483	0.0196187	0.0193741	0.0181027	0.0182189	0.0177475	0.0176861	0.0168838	0.0166221	0.0166061	0.0166941	0.0166527	0.0160293	0.0153266	0.015642	0.0153253	0.0153787	0.0150825	0.0155587	0.0145732	0.0147642	0.0146369	0.0143317	0.0145321	0.0147675	0.0142548
HK7K2DSX3_3	reverse	G->C	0.129853	0.123955	0.111265	0.0992731	0.0873424	0.0812823	0.0748194	0.0686935	0.0681797	0.0613181	0.0581773	0.0540816	0.0510227	0.0497925	0.0467145	0.0429943	0.0420126	0.0410111	0.0347651	0.0234264	0.0191659	0.0179891	0.0166151	0.015348	0.0144941	0.0141947	0.0143739	0.013402	0.0126735	0.0130475	0.0124035	0.0118918	0.0123719	0.0114164	0.0116724	0.011579	0.0113637	0.0114018	0.0111128	0.0111303	0.0105659	0.0102841	0.0102476	0.0105474	0.0101409	0.0100932	0.00950744	0.00966678	0.00970702	0.00952823
HK7K2DSX3_3	reverse	G->G	0.568595	0.572611	0.624462	0.672206	0.704344	0.7303	0.75172	0.768577	0.778801	0.797494	0.80674	0.82053	0.827503	0.835643	0.842995	0.850406	0.853206	0.860168	0.886003	0.920759	0.934739	0.939387	0.942773	0.947168	0.949254	0.950161	0.950564	0.95347	0.954163	0.954481	0.955939	0.956954	0.957282	0.958611	0.958125	0.959299	0.959647	0.960397	0.960832	0.961378	0.96184	0.962571	0.962069	0.963158	0.96351	0.964289	0.964413	0.965019	0.964559	0.965154
HK7K2DSX3_3	reverse	G->T	0.143041	0.151327	0.132964	0.112438	0.103985	0.0940305	0.0843638	0.0797658	0.0733927	0.0692828	0.0642152	0.0595092	0.0587943	0.0540656	0.0518202	0.0510228	0.0517399	0.0480787	0.0386643	0.025769	0.0215186	0.0201408	0.0183322	0.0168876	0.0168034	0.0160259	0.0156884	0.0150257	0.0149445	0.0147237	0.0139715	0.0142702	0.0137237	0.0133668	0.0135081	0.0124697	0.0129598	0.0128742	0.012413	0.0121664	0.0122155	0.0120628	0.0121244	0.0117219	0.0115848	0.0109805	0.0117477	0.0107819	0.010966	0.0110628
HK7K2DSX3_3	reverse	T->A	0.155127	0.162583	0.138712	0.120865	0.111712	0.0990521	0.0891358	0.0845536	0.0786299	0.0727597	0.0706634	0.0660348	0.060747	0.058386	0.0552406	0.0545396	0.0513213	0.0484227	0.0376792	0.0265205	0.0207246	0.0189311	0.0180172	0.0163728	0.0162776	0.0160683	0.0152748	0.0148093	0.0146636	0.0138868	0.0134521	0.0133858	0.0132245	0.0129861	0.0127045	0.0122395	0.0124088	0.0121154	0.0117648	0.0116984	0.011504	0.0112997	0.0112072	0.0113571	0.0111509	0.0110485	0.0110517	0.0108329	0.010827	0.0106434
HK7K2DSX3_3	reverse	T->C	0.12295	0.123312	0.10933	0.0992843	0.0861676	0.0798208	0.0739774	0.0713089	0.0629084	0.0615005	0.0576344	0.0539878	0.0529084	0.0498223	0.0464968	0.0444708	0.043346	0.0431151	0.0337276	0.0240122	0.021146	0.0190228	0.0178243	0.017516	0.0169385	0.0162899	0.0159409	0.0153418	0.0145874	0.0150422	0.0141967	0.0141912	0.0139359	0.0141878	0.0130904	0.0137801	0.0133841	0.0134251	0.0128379	0.0127425	0.01243	0.012596	0.0125983	0.0123179	0.0120452	0.0118333	0.0122777	0.0117278	0.011623	0.0119009
HK7K2DSX3_3	reverse	T->G	0.132757	0.1214	0.108311	0.0941821	0.0854979	0.0835662	0.0729198	0.0661509	0.061261	0.0584577	0.0551372	0.052502	0.0484268	0.0455766	0.043567	0.04265	0.0398838	0.038997	0.0305807	0.0214254	0.0179886	0.016252	0.0148779	0.0152069	0.0130275	0.0134826	0.0130527	0.0130099	0.0123988	0.0117097	0.0121056	0.0113894	0.0113831	0.0114574	0.0106355	0.0111723	0.0102434	0.0101195	0.0102195	0.0101933	0.0103703	0.00985018	0.00952546	0.00956962	0.00918088	0.00934098	0.00899543	0.0094186	0.0092811	0.00908991
HK7K2DSX3_3	reverse	T->T	0.589166	0.592705	0.643647	0.685669	0.716623	0.737561	0.763967	0.777987	0.797201	0.807282	0.816565	0.827475	0.837918	0.846215	0.854696	0.85834	0.865449	0.869465	0.898013	0.928042	0.940141	0.945794	0.949281	0.950904	0.953756	0.954159	0.955732	0.956839	0.95835	0.959361	0.960246	0.961034	0.961457	0.961369	0.96357	0.962808	0.963964	0.96434	0.965178	0.965366	0.965696	0.966254	0.966669	0.966755	0.967623	0.967777	0.967675	0.968021	0.968269	0.968366
