Sample	32	37	42	47	52	57	62	67	72	77	82	87	92	97	102	107	112	117	122	127	132	137	142	147	150
Sne-ABir_001-Ex1-9A-lcwgs-1-1.clmp.fp2_repr.R1	74.0	244.0	369.0	654.0	1056.0	1556.0	2373.0	3477.0	4657.0	5689.0	6809.0	7481.0	7960.0	8327.0	8614.0	8982.0	9028.0	9001.0	8836.0	8887.0	8639.0	8718.0	8582.0	11221.0	89817.0
Sne-ABir_001-Ex1-9A-lcwgs-1-1.clmp.fp2_repr.R2	202.0	511.0	692.0	994.0	1428.0	1820.0	2644.0	3865.0	4988.0	6018.0	7090.0	7756.0	8211.0	8525.0	8843.0	9208.0	9215.0	9218.0	9084.0	9122.0	8882.0	8877.0	8442.0	13225.0	82191.0
Sne-ABir_002-Ex1-9B-lcwgs-1-1.clmp.fp2_repr.R1	7.0	19.0	26.0	54.0	64.0	107.0	99.0	129.0	156.0	198.0	229.0	190.0	212.0	246.0	220.0	206.0	242.0	201.0	227.0	205.0	175.0	178.0	169.0	173.0	946.0
Sne-ABir_002-Ex1-9B-lcwgs-1-1.clmp.fp2_repr.R2	8.0	24.0	36.0	56.0	72.0	114.0	104.0	131.0	158.0	198.0	234.0	195.0	214.0	246.0	222.0	211.0	232.0	199.0	223.0	208.0	178.0	185.0	156.0	206.0	868.0
Sne-ABir_003-Ex1-9C-lcwgs-1-1.clmp.fp2_repr.R1	134.0	439.0	607.0	837.0	1111.0	1540.0	2066.0	2930.0	3685.0	4688.0	5488.0	6129.0	6749.0	7450.0	8061.0	8676.0	9212.0	9546.0	10197.0	10666.0	11013.0	11551.0	12100.0	26518.0	345692.0
Sne-ABir_003-Ex1-9C-lcwgs-1-1.clmp.fp2_repr.R2	560.0	1525.0	1744.0	1939.0	2161.0	2578.0	3086.0	4067.0	4843.0	5728.0	6557.0	7238.0	7811.0	8430.0	9242.0	9820.0	10460.0	10911.0	11747.0	12267.0	12788.0	13391.0	12063.0	36615.0	309514.0
Sne-ABir_004-Ex1-9D-lcwgs-1-1.clmp.fp2_repr.R1	10.0	56.0	73.0	100.0	131.0	175.0	191.0	202.0	232.0	248.0	278.0	319.0	337.0	353.0	400.0	370.0	424.0	438.0	471.0	461.0	541.0	592.0	555.0	1730.0	25376.0
Sne-ABir_004-Ex1-9D-lcwgs-1-1.clmp.fp2_repr.R2	36.0	119.0	161.0	183.0	197.0	242.0	258.0	256.0	326.0	323.0	357.0	410.0	386.0	435.0	497.0	465.0	490.0	543.0	566.0	606.0	683.0	724.0	579.0	2499.0	22722.0
Sne-ABir_005-Ex1-9E-lcwgs-1-1.clmp.fp2_repr.R1	24.0	51.0	82.0	123.0	150.0	200.0	281.0	421.0	490.0	624.0	743.0	792.0	814.0	913.0	980.0	1045.0	1074.0	1102.0	1125.0	1067.0	1068.0	1121.0	1045.0	1680.0	15383.0
Sne-ABir_005-Ex1-9E-lcwgs-1-1.clmp.fp2_repr.R2	47.0	99.0	141.0	171.0	204.0	255.0	335.0	465.0	553.0	702.0	769.0	840.0	855.0	985.0	1022.0	1090.0	1151.0	1150.0	1165.0	1121.0	1111.0	1169.0	1005.0	2046.0	13947.0
Sne-ABir_006-Ex1-9F-lcwgs-1-1.clmp.fp2_repr.R1	11.0	23.0	30.0	25.0	45.0	46.0	79.0	82.0	110.0	122.0	141.0	156.0	156.0	167.0	175.0	214.0	191.0	240.0	216.0	234.0	270.0	268.0	270.0	1102.0	17458.0
Sne-ABir_006-Ex1-9F-lcwgs-1-1.clmp.fp2_repr.R2	22.0	65.0	98.0	88.0	93.0	104.0	119.0	145.0	165.0	178.0	197.0	214.0	213.0	230.0	239.0	273.0	256.0	309.0	319.0	353.0	361.0	349.0	282.0	1721.0	15438.0
Sne-ABir_007-Ex1-9G-lcwgs-1-1.clmp.fp2_repr.R1	31.0	83.0	119.0	140.0	274.0	341.0	527.0	742.0	976.0	1205.0	1443.0	1677.0	1873.0	1939.0	2209.0	2379.0	2447.0	2541.0	2578.0	2747.0	2793.0	2894.0	2918.0	6316.0	78040.0
Sne-ABir_007-Ex1-9G-lcwgs-1-1.clmp.fp2_repr.R2	112.0	300.0	358.0	377.0	495.0	551.0	719.0	962.0	1212.0	1432.0	1628.0	1875.0	2034.0	2166.0	2442.0	2607.0	2752.0	2808.0	2902.0	3026.0	3181.0	3218.0	2913.0	8717.0	70445.0
Sne-ABir_008-Ex1-9H-lcwgs-1-1.clmp.fp2_repr.R1	71.0	288.0	362.0	397.0	553.0	594.0	782.0	1051.0	1217.0	1443.0	1720.0	1811.0	1917.0	2141.0	2361.0	2500.0	2635.0	2650.0	2756.0	2933.0	2997.0	3095.0	3188.0	7637.0	96488.0
Sne-ABir_008-Ex1-9H-lcwgs-1-1.clmp.fp2_repr.R2	177.0	578.0	657.0	680.0	824.0	888.0	1046.0	1335.0	1514.0	1724.0	1997.0	2107.0	2182.0	2430.0	2656.0	2793.0	2958.0	3045.0	3166.0	3357.0	3552.0	3616.0	3196.0	10580.0	86529.0
Sne-ABir_009-Ex1-10A-lcwgs-1-1.clmp.fp2_repr.R1	112.0	320.0	473.0	705.0	940.0	1160.0	1493.0	1967.0	2358.0	2834.0	3355.0	3842.0	4157.0	4481.0	4859.0	5208.0	5614.0	5681.0	6044.0	6219.0	6486.0	6833.0	7254.0	15905.0	191921.0
Sne-ABir_009-Ex1-10A-lcwgs-1-1.clmp.fp2_repr.R2	325.0	869.0	999.0	1273.0	1440.0	1682.0	1994.0	2597.0	3006.0	3404.0	3925.0	4416.0	4672.0	5007.0	5499.0	5799.0	6306.0	6413.0	6772.0	7061.0	7615.0	7807.0	7250.0	21375.0	172715.0
Sne-ABir_010-Ex1-10B-lcwgs-1-1.clmp.fp2_repr.R1	91.0	278.0	463.0	623.0	742.0	888.0	1163.0	1335.0	1652.0	1867.0	2202.0	2409.0	2586.0	2792.0	2941.0	3182.0	3336.0	3458.0	3608.0	3679.0	3773.0	4033.0	4289.0	10410.0	131803.0
Sne-ABir_010-Ex1-10B-lcwgs-1-1.clmp.fp2_repr.R2	238.0	664.0	807.0	996.0	1110.0	1243.0	1514.0	1706.0	2096.0	2244.0	2582.0	2784.0	3014.0	3158.0	3428.0	3616.0	3759.0	3954.0	4149.0	4270.0	4547.0	4721.0	4282.0	14021.0	118700.0
Sne-ABir_011-Ex1-10C-lcwgs-1-1.clmp.fp2_repr.R1	2389.0	10679.0	18774.0	27513.0	35681.0	41850.0	49250.0	56946.0	63101.0	66984.0	71012.0	70340.0	69886.0	68712.0	66584.0	64361.0	60637.0	57072.0	53213.0	49156.0	45708.0	42867.0	39921.0	42976.0	237671.0
Sne-ABir_011-Ex1-10C-lcwgs-1-1.clmp.fp2_repr.R2	2978.0	12211.0	20288.0	29055.0	37183.0	43210.0	50501.0	58228.0	64376.0	68089.0	71789.0	71157.0	70509.0	68845.0	66778.0	64718.0	60953.0	57107.0	53128.0	49075.0	45455.0	42534.0	38649.0	46893.0	219574.0
Sne-ABir_012-Ex1-10D-lcwgs-1-1.clmp.fp2_repr.R1	3327.0	13921.0	22699.0	31262.0	38378.0	44360.0	50641.0	58492.0	65241.0	70611.0	75643.0	78053.0	79728.0	80013.0	80303.0	79477.0	77574.0	74052.0	70928.0	67284.0	63923.0	61845.0	58168.0	66653.0	399362.0
Sne-ABir_012-Ex1-10D-lcwgs-1-1.clmp.fp2_repr.R2	4186.0	16052.0	24661.0	33375.0	40393.0	46186.0	52405.0	60300.0	67234.0	72196.0	77103.0	79395.0	80554.0	80653.0	81065.0	80086.0	77996.0	74457.0	71223.0	67517.0	64147.0	61783.0	56387.0	73992.0	368592.0
Sne-ABir_013-Ex1-10E-lcwgs-1-1.clmp.fp2_repr.R1	6609.0	30019.0	52773.0	77017.0	100045.0	119609.0	142959.0	169384.0	192528.0	211235.0	224181.0	228316.0	228698.0	226820.0	221522.0	214829.0	204887.0	192925.0	180134.0	166826.0	155187.0	146219.0	133473.0	143629.0	776968.0
Sne-ABir_013-Ex1-10E-lcwgs-1-1.clmp.fp2_repr.R2	8501.0	34920.0	57758.0	81949.0	104927.0	124100.0	146894.0	174033.0	196755.0	214524.0	227112.0	230821.0	230649.0	227920.0	222386.0	215583.0	205108.0	192979.0	180164.0	166455.0	154598.0	145028.0	129135.0	157066.0	717427.0
Sne-ABir_014-Ex1-10F-lcwgs-1-1.clmp.fp2_repr.R1	1570.0	6585.0	11860.0	17707.0	23609.0	28795.0	35448.0	43178.0	50303.0	55707.0	60781.0	62751.0	64795.0	64990.0	64776.0	64628.0	62541.0	59681.0	56840.0	54066.0	51413.0	50250.0	47185.0	53617.0	328896.0
Sne-ABir_014-Ex1-10F-lcwgs-1-1.clmp.fp2_repr.R2	2141.0	8167.0	13484.0	19368.0	25270.0	30319.0	36957.0	44823.0	51934.0	57064.0	61970.0	63679.0	65759.0	65721.0	65422.0	65127.0	62878.0	60008.0	57143.0	54389.0	51524.0	50141.0	45790.0	59540.0	303354.0
Sne-ABir_015-Ex1-10G-lcwgs-1-1.clmp.fp2_repr.R1	4246.0	18499.0	30999.0	43377.0	54515.0	64026.0	74369.0	85669.0	95069.0	101785.0	107539.0	109550.0	109000.0	107287.0	105408.0	102573.0	97076.0	90937.0	84290.0	77978.0	72076.0	67142.0	60923.0	65354.0	336211.0
Sne-ABir_015-Ex1-10G-lcwgs-1-1.clmp.fp2_repr.R2	5179.0	20786.0	33317.0	45645.0	56677.0	66057.0	76110.0	87644.0	97126.0	103402.0	108826.0	110589.0	109829.0	107851.0	105831.0	102718.0	97170.0	90751.0	84251.0	77751.0	71757.0	66718.0	58705.0	70913.0	310295.0
Sne-ABir_016-Ex1-10H-lcwgs-1-1.clmp.fp2_repr.R1	1818.0	7697.0	12638.0	18978.0	25603.0	32296.0	41369.0	51882.0	62296.0	71660.0	79244.0	84823.0	89093.0	91155.0	93022.0	94426.0	92853.0	89518.0	86326.0	82124.0	78954.0	77001.0	71698.0	80082.0	474800.0
Sne-ABir_016-Ex1-10H-lcwgs-1-1.clmp.fp2_repr.R2	2779.0	10046.0	15030.0	21595.0	28058.0	34480.0	43505.0	54366.0	64836.0	73782.0	81146.0	86385.0	90500.0	92446.0	93830.0	95280.0	93561.0	90116.0	86675.0	82238.0	79043.0	76484.0	69432.0	88960.0	436783.0
Sne-ABir_017-Ex1-11A-lcwgs-1-1.clmp.fp2_repr.R1	1261.0	5455.0	8756.0	12667.0	16427.0	20554.0	25735.0	32215.0	39271.0	45003.0	51077.0	53628.0	56213.0	57425.0	58205.0	58402.0	56937.0	55335.0	52569.0	49638.0	48039.0	45707.0	43256.0	46467.0	265831.0
Sne-ABir_017-Ex1-11A-lcwgs-1-1.clmp.fp2_repr.R2	1789.0	6836.0	10152.0	14030.0	17944.0	21814.0	27011.0	33709.0	40713.0	46073.0	52007.0	54715.0	57004.0	57887.0	58712.0	58647.0	57357.0	55566.0	52611.0	49654.0	47887.0	45461.0	41625.0	51471.0	245398.0
Sne-ABir_018-Ex1-11B-lcwgs-1-1.clmp.fp2_repr.R1	2192.0	9226.0	15412.0	24004.0	33263.0	43498.0	57806.0	75392.0	93372.0	110009.0	123536.0	130958.0	137985.0	141251.0	143219.0	143084.0	140747.0	135643.0	128865.0	121392.0	115560.0	111520.0	103898.0	113205.0	661143.0
Sne-ABir_018-Ex1-11B-lcwgs-1-1.clmp.fp2_repr.R2	3476.0	12294.0	18695.0	27445.0	36604.0	46479.0	60732.0	78690.0	96818.0	112836.0	126174.0	133281.0	139773.0	142665.0	144593.0	144129.0	141539.0	135854.0	129084.0	121818.0	115570.0	110692.0	100448.0	124310.0	612181.0
Sne-ABir_019-Ex1-11C-lcwgs-1-1.clmp.fp2_repr.R1	2912.0	12815.0	21198.0	30471.0	39351.0	46801.0	56889.0	68041.0	78111.0	86733.0	94036.0	96196.0	97907.0	97799.0	96686.0	94313.0	91124.0	85882.0	80811.0	75248.0	71181.0	67840.0	62519.0	67793.0	394003.0
Sne-ABir_019-Ex1-11C-lcwgs-1-1.clmp.fp2_repr.R2	3724.0	15089.0	23463.0	32705.0	41426.0	48937.0	58992.0	70125.0	80253.0	88536.0	95498.0	97431.0	98763.0	98481.0	96941.0	94874.0	91234.0	86108.0	80917.0	75233.0	71057.0	67456.0	60712.0	75429.0	363276.0
Sne-ABir_020-Ex1-11D-lcwgs-1-1.clmp.fp2_repr.R1	6099.0	32546.0	65591.0	101639.0	133018.0	153879.0	166176.0	173708.0	173950.0	167736.0	158105.0	143079.0	128474.0	113327.0	98992.0	86183.0	73564.0	62087.0	52607.0	44339.0	37613.0	31911.0	27077.0	26199.0	117915.0
Sne-ABir_020-Ex1-11D-lcwgs-1-1.clmp.fp2_repr.R2	6997.0	34619.0	67796.0	103579.0	134678.0	155160.0	167132.0	174555.0	174362.0	168245.0	158006.0	142707.0	127899.0	112864.0	98565.0	85637.0	72956.0	61649.0	52063.0	43827.0	37264.0	31488.0	26365.0	28309.0	109092.0
Sne-ABir_021-Ex1-11E-lcwgs-1-1.clmp.fp2_repr.R1	2162.0	9468.0	17218.0	26286.0	36480.0	45961.0	57286.0	69911.0	80229.0	89044.0	95708.0	97900.0	99050.0	99282.0	97790.0	95573.0	91934.0	86190.0	81633.0	76253.0	71399.0	67212.0	61780.0	65406.0	356562.0
Sne-ABir_021-Ex1-11E-lcwgs-1-1.clmp.fp2_repr.R2	2965.0	11668.0	19348.0	28493.0	38650.0	47805.0	59320.0	71838.0	82295.0	90712.0	96999.0	99058.0	99942.0	99805.0	98142.0	95987.0	92130.0	86395.0	81642.0	75822.0	71174.0	66678.0	59778.0	72234.0	328837.0
Sne-ABir_022-Ex1-11F-lcwgs-1-1.clmp.fp2_repr.R1	1647.0	7117.0	12282.0	18512.0	25295.0	32368.0	41715.0	53607.0	64705.0	74763.0	83434.0	88642.0	91337.0	93565.0	94087.0	93165.0	89883.0	85918.0	80862.0	76574.0	71930.0	68851.0	64298.0	69589.0	412000.0
Sne-ABir_022-Ex1-11F-lcwgs-1-1.clmp.fp2_repr.R2	2487.0	9079.0	14399.0	20579.0	27413.0	34366.0	43617.0	55731.0	66873.0	76588.0	84965.0	90132.0	92491.0	94479.0	94728.0	93676.0	90444.0	86384.0	80973.0	76866.0	71945.0	68259.0	62117.0	77166.0	380389.0
Sne-ABir_023-Ex1-11G-lcwgs-1-1.clmp.fp2_repr.R1	1274.0	5853.0	9978.0	14819.0	20017.0	25099.0	31332.0	39844.0	48760.0	57145.0	65250.0	71016.0	75171.0	78404.0	80104.0	80744.0	80374.0	77392.0	73878.0	69673.0	66449.0	62854.0	58595.0	62378.0	337891.0
Sne-ABir_023-Ex1-11G-lcwgs-1-1.clmp.fp2_repr.R2	1914.0	7450.0	11749.0	16615.0	21779.0	26668.0	33003.0	41444.0	50674.0	58734.0	66471.0	72307.0	76241.0	79139.0	80593.0	81216.0	80768.0	77745.0	73928.0	69493.0	66205.0	62345.0	56790.0	68805.0	312218.0
Sne-ABir_024-Ex1-11H-lcwgs-1-1.clmp.fp2_repr.R1	2522.0	11207.0	18440.0	25809.0	32083.0	38222.0	45095.0	52515.0	60128.0	65361.0	70461.0	72454.0	73835.0	73147.0	72711.0	71858.0	69811.0	66342.0	63413.0	60367.0	57421.0	55040.0	51473.0	57363.0	348546.0
Sne-ABir_024-Ex1-11H-lcwgs-1-1.clmp.fp2_repr.R2	3147.0	12865.0	20247.0	27464.0	33825.0	39823.0	46581.0	54040.0	61834.0	66785.0	71660.0	73642.0	74564.0	73618.0	73367.0	72412.0	70250.0	66804.0	63663.0	60604.0	57649.0	54732.0	50059.0	63811.0	322178.0
Sne-ABir_025-Ex1-12A-lcwgs-1-1.clmp.fp2_repr.R1	4438.0	19070.0	32121.0	45895.0	57825.0	68708.0	82121.0	96885.0	110399.0	121170.0	129387.0	131986.0	133658.0	131063.0	129906.0	127228.0	121695.0	113985.0	107610.0	100147.0	93882.0	88062.0	81576.0	88647.0	495819.0
Sne-ABir_025-Ex1-12A-lcwgs-1-1.clmp.fp2_repr.R2	5501.0	21906.0	34960.0	48861.0	60654.0	71502.0	84582.0	99765.0	113190.0	123205.0	131152.0	133436.0	134808.0	132165.0	130450.0	127598.0	122135.0	114058.0	107650.0	100091.0	93789.0	87434.0	78983.0	98206.0	457202.0
Sne-ABir_026-Ex1-12B-lcwgs-1-1.clmp.fp2_repr.R1	3481.0	15699.0	27679.0	39399.0	51192.0	62869.0	75553.0	90888.0	104224.0	114667.0	121904.0	126360.0	126615.0	124667.0	122436.0	118956.0	113799.0	106494.0	99362.0	92077.0	85570.0	80246.0	72943.0	76580.0	411712.0
Sne-ABir_026-Ex1-12B-lcwgs-1-1.clmp.fp2_repr.R2	4480.0	18050.0	30092.0	42005.0	53650.0	65103.0	77725.0	92955.0	106499.0	116538.0	123328.0	127555.0	127560.0	125284.0	122920.0	119431.0	114177.0	106318.0	98980.0	91830.0	85381.0	79629.0	70925.0	84120.0	380837.0
Sne-ABir_027-Ex1-12C-lcwgs-1-1.clmp.fp2_repr.R1	1431.0	5619.0	8945.0	13498.0	18203.0	23074.0	30404.0	38848.0	47849.0	55267.0	61736.0	65307.0	68137.0	69788.0	70879.0	71080.0	69745.0	67365.0	64821.0	61742.0	58404.0	56870.0	54000.0	60274.0	377642.0
Sne-ABir_027-Ex1-12C-lcwgs-1-1.clmp.fp2_repr.R2	2093.0	7387.0	10812.0	15296.0	19961.0	24792.0	32138.0	40663.0	49809.0	56944.0	63443.0	66708.0	69342.0	70755.0	71593.0	71904.0	70518.0	67960.0	65102.0	62055.0	58762.0	56726.0	52289.0	68088.0	345788.0
Sne-ABir_028-Ex1-12D-lcwgs-1-1.clmp.fp2_repr.R1	298.0	993.0	1483.0	2255.0	3271.0	4484.0	6283.0	8715.0	11594.0	14095.0	16803.0	18677.0	20330.0	21521.0	22665.0	23637.0	24100.0	23642.0	23924.0	23142.0	23032.0	22624.0	22145.0	28317.0	219107.0
Sne-ABir_028-Ex1-12D-lcwgs-1-1.clmp.fp2_repr.R2	593.0	1682.0	2295.0	3072.0	4064.0	5282.0	7028.0	9592.0	12502.0	14803.0	17537.0	19419.0	21035.0	22188.0	23334.0	24290.0	24728.0	24112.0	24321.0	23707.0	23575.0	23128.0	21566.0	33446.0	199838.0
Sne-CCab_016-Ex1-1A-lcwgs-1-1.clmp.fp2_repr.R1	1072.0	4273.0	6908.0	9429.0	11714.0	12458.0	13547.0	14988.0	15539.0	16598.0	17319.0	18008.0	18641.0	19352.0	20294.0	21489.0	22421.0	22541.0	23463.0	24831.0	26636.0	30383.0	31653.0	72180.0	1020348.0
Sne-CCab_016-Ex1-1A-lcwgs-1-1.clmp.fp2_repr.R2	2253.0	7064.0	9803.0	12308.0	14384.0	15303.0	16375.0	18133.0	18895.0	19789.0	20518.0	21317.0	21903.0	22637.0	23762.0	25038.0	26354.0	26800.0	28227.0	29709.0	32078.0	35415.0	31736.0	101342.0	914942.0
Sne-CCab_017-Ex1-1B-lcwgs-1-1.clmp.fp2_repr.R1	910.0	3492.0	5296.0	7432.0	8592.0	9709.0	10448.0	11231.0	11817.0	12476.0	13107.0	13410.0	13747.0	14448.0	14694.0	15413.0	15888.0	16030.0	16894.0	17281.0	18276.0	21039.0	21120.0	52212.0	756849.0
Sne-CCab_017-Ex1-1B-lcwgs-1-1.clmp.fp2_repr.R2	1882.0	5867.0	7562.0	9667.0	10726.0	11819.0	12537.0	13738.0	14476.0	14939.0	15491.0	15948.0	16180.0	16943.0	17356.0	18304.0	18943.0	19417.0	20434.0	21526.0	23181.0	25187.0	21251.0	74227.0	674210.0
Sne-CCab_018-Ex1-1C-lcwgs-1-1.clmp.fp2_repr.R1	1326.0	5327.0	8394.0	11367.0	13377.0	14361.0	15457.0	16357.0	16879.0	17379.0	17941.0	18310.0	18577.0	19152.0	19510.0	20204.0	19984.0	20475.0	20808.0	21556.0	22405.0	25094.0	25607.0	56697.0	797511.0
Sne-CCab_018-Ex1-1C-lcwgs-1-1.clmp.fp2_repr.R2	2242.0	7597.0	10696.0	13646.0	15791.0	16567.0	17625.0	18942.0	19717.0	19927.0	20305.0	20846.0	21178.0	21761.0	22157.0	23032.0	23325.0	24020.0	24696.0	26032.0	27364.0	29418.0	25761.0	80940.0	710470.0
Sne-CCab_019-Ex1-1D-lcwgs-1-1.clmp.fp2_repr.R1	901.0	2935.0	3747.0	4655.0	5458.0	5794.0	6210.0	7110.0	7794.0	8158.0	8720.0	9673.0	10504.0	11422.0	12299.0	13532.0	14435.0	15440.0	16829.0	18632.0	21415.0	26640.0	28410.0	98019.0	1609928.0
Sne-CCab_019-Ex1-1D-lcwgs-1-1.clmp.fp2_repr.R2	2916.0	7777.0	8529.0	9487.0	10288.0	10513.0	11235.0	12502.0	13728.0	13482.0	13838.0	15372.0	16098.0	17146.0	18282.0	19945.0	21777.0	23288.0	25585.0	28382.0	32465.0	36467.0	29329.0	148015.0	1422214.0
Sne-CCab_020-Ex1-1E-lcwgs-1-1.clmp.fp2_repr.R1	1029.0	3733.0	5612.0	7024.0	8313.0	8873.0	9740.0	10602.0	11367.0	12025.0	12609.0	13532.0	13891.0	14648.0	15822.0	16714.0	17338.0	18096.0	19605.0	20913.0	23056.0	27511.0	29065.0	83439.0	1307933.0
Sne-CCab_020-Ex1-1E-lcwgs-1-1.clmp.fp2_repr.R2	2591.0	7601.0	9476.0	10846.0	12107.0	12654.0	13724.0	14841.0	15786.0	16243.0	16732.0	17860.0	18362.0	19143.0	20657.0	21768.0	22906.0	24325.0	26336.0	28325.0	31302.0	34959.0	29638.0	124077.0	1160231.0
Sne-CCab_021-Ex1-1F-lcwgs-1-1.clmp.fp2_repr.R1	674.0	1920.0	2054.0	2415.0	2931.0	3191.0	3589.0	4388.0	5037.0	5466.0	6174.0	7111.0	8373.0	9743.0	11325.0	12822.0	14522.0	16256.0	18624.0	21388.0	25634.0	33973.0	37068.0	119333.0	2049230.0
Sne-CCab_021-Ex1-1F-lcwgs-1-1.clmp.fp2_repr.R2	3022.0	7687.0	7796.0	8181.0	8557.0	8970.0	9402.0	10980.0	12068.0	11766.0	12644.0	13785.0	15294.0	16567.0	18773.0	20858.0	23308.0	25874.0	29202.0	32827.0	38712.0	45973.0	37999.0	180062.0	1822934.0
Sne-CCab_022-Ex1-1G-lcwgs-1-1.clmp.fp2_repr.R1	1044.0	3331.0	4668.0	5984.0	7514.0	8248.0	9360.0	10632.0	12028.0	12736.0	13873.0	15128.0	16430.0	18073.0	19783.0	21138.0	23278.0	24413.0	26630.0	29422.0	32990.0	40364.0	43028.0	122697.0	1950811.0
Sne-CCab_022-Ex1-1G-lcwgs-1-1.clmp.fp2_repr.R2	3137.0	8362.0	9915.0	11042.0	12810.0	13331.0	14562.0	16474.0	18276.0	18511.0	19679.0	21045.0	22317.0	24027.0	26072.0	28251.0	30655.0	32542.0	35876.0	39221.0	44786.0	50930.0	43764.0	179134.0	1748884.0
Sne-CCab_023-Ex1-1H-lcwgs-1-1.clmp.fp2_repr.R1	822.0	2799.0	3767.0	5041.0	6121.0	7131.0	8225.0	9550.0	10814.0	12114.0	13465.0	14448.0	15860.0	17186.0	18885.0	20404.0	21492.0	22892.0	24974.0	26734.0	30292.0	36140.0	38694.0	98895.0	1522375.0
Sne-CCab_023-Ex1-1H-lcwgs-1-1.clmp.fp2_repr.R2	2400.0	6655.0	7904.0	8954.0	10196.0	10894.0	12198.0	14148.0	15701.0	16649.0	17989.0	19274.0	20517.0	21921.0	23975.0	26098.0	27675.0	29312.0	31906.0	34536.0	39072.0	43746.0	38817.0	142785.0	1365798.0
Sne-CCab_024-Ex1-2A-lcwgs-1-1.clmp.fp2_repr.R1	803.0	2965.0	4746.0	7290.0	9976.0	12245.0	14452.0	16815.0	18973.0	20511.0	22506.0	23715.0	25063.0	26929.0	27979.0	29589.0	30509.0	31504.0	33094.0	34804.0	36703.0	42137.0	44239.0	96376.0	1331330.0
Sne-CCab_024-Ex1-2A-lcwgs-1-1.clmp.fp2_repr.R2	2220.0	6703.0	8362.0	10784.0	13674.0	15797.0	17954.0	20808.0	23177.0	24616.0	26412.0	27817.0	29125.0	31085.0	32385.0	34103.0	35477.0	37114.0	38927.0	41223.0	44223.0	48459.0	44041.0	133764.0	1197003.0
Sne-CCab_025-Ex1-2B-lcwgs-1-1.clmp.fp2_repr.R1	831.0	3307.0	4907.0	6735.0	8675.0	9553.0	11104.0	12471.0	13839.0	14897.0	16154.0	16746.0	18016.0	19238.0	20061.0	21632.0	22549.0	23501.0	24959.0	26604.0	28949.0	33594.0	35094.0	84412.0	1246862.0
Sne-CCab_025-Ex1-2B-lcwgs-1-1.clmp.fp2_repr.R2	2187.0	6891.0	8214.0	10171.0	12045.0	12820.0	14568.0	16352.0	17978.0	18611.0	19887.0	20665.0	21919.0	23098.0	24346.0	26235.0	27585.0	28769.0	30667.0	32912.0	36117.0	40096.0	35219.0	121078.0	1116260.0
Sne-CCab_026-Ex1-2C-lcwgs-1-1.clmp.fp2_repr.R1	913.0	2729.0	3515.0	4572.0	5595.0	6180.0	7187.0	8555.0	9416.0	10214.0	11351.0	12646.0	13715.0	15317.0	16653.0	19026.0	20376.0	22194.0	24742.0	27875.0	32025.0	40151.0	43217.0	125880.0	2046536.0
Sne-CCab_026-Ex1-2C-lcwgs-1-1.clmp.fp2_repr.R2	3219.0	8395.0	9036.0	10191.0	11273.0	11698.0	12744.0	14993.0	16290.0	16481.0	17537.0	19143.0	20410.0	21942.0	23964.0	26564.0	28721.0	31496.0	34961.0	39161.0	44679.0	51876.0	44462.0	189388.0	1821956.0
Sne-CCab_027-Ex1-2D-lcwgs-1-1.clmp.fp2_repr.R1	711.0	2526.0	3562.0	5077.0	6246.0	6940.0	7897.0	8742.0	9557.0	10379.0	11093.0	11959.0	12489.0	13084.0	13933.0	14759.0	15112.0	15992.0	17072.0	18150.0	19948.0	24013.0	25245.0	69238.0	1058381.0
Sne-CCab_027-Ex1-2D-lcwgs-1-1.clmp.fp2_repr.R2	1973.0	5583.0	6654.0	8137.0	9343.0	9932.0	10891.0	12203.0	13186.0	13705.0	14420.0	15396.0	15883.0	16500.0	17891.0	18929.0	19540.0	20818.0	22333.0	24187.0	26468.0	29780.0	25486.0	101231.0	941636.0
Sne-CCab_028-Ex1-2E-lcwgs-1-1.clmp.fp2_repr.R1	700.0	2174.0	3097.0	4212.0	5020.0	5538.0	6152.0	7158.0	7936.0	8550.0	9390.0	10093.0	10895.0	11945.0	12940.0	13985.0	14790.0	16123.0	17485.0	19254.0	21719.0	26943.0	28817.0	82935.0	1312807.0
Sne-CCab_028-Ex1-2E-lcwgs-1-1.clmp.fp2_repr.R2	2193.0	5935.0	6920.0	8010.0	8663.0	9235.0	9968.0	11456.0	12381.0	12752.0	13604.0	14445.0	15168.0	16237.0	17782.0	19211.0	20347.0	22172.0	24108.0	26967.0	30150.0	34733.0	29469.0	123543.0	1165209.0
Sne-CCab_029-Ex1-2F-lcwgs-1-1.clmp.fp2_repr.R1	812.0	2740.0	4014.0	5432.0	6845.0	7870.0	8952.0	10429.0	11574.0	12674.0	14069.0	14810.0	15900.0	17098.0	18555.0	19637.0	20864.0	21983.0	23620.0	25526.0	28325.0	33588.0	35811.0	93856.0	1466925.0
Sne-CCab_029-Ex1-2F-lcwgs-1-1.clmp.fp2_repr.R2	2423.0	6768.0	8093.0	9413.0	10790.0	11688.0	13097.0	14836.0	16480.0	17138.0	18476.0	19473.0	20571.0	21738.0	23490.0	24888.0	26591.0	28445.0	30678.0	33206.0	37012.0	41337.0	36185.0	137116.0	1311977.0
Sne-CCab_030-Ex1-2G-lcwgs-1-1.clmp.fp2_repr.R1	665.0	1982.0	2762.0	3669.0	4561.0	5025.0	5733.0	6416.0	7244.0	7882.0	8463.0	9136.0	9833.0	10881.0	11474.0	12287.0	13072.0	14056.0	15271.0	16491.0	18672.0	22779.0	24238.0	69639.0	1110197.0
Sne-CCab_030-Ex1-2G-lcwgs-1-1.clmp.fp2_repr.R2	1960.0	5137.0	5846.0	6792.0	7706.0	7957.0	8835.0	9927.0	11023.0	11122.0	11947.0	12699.0	13448.0	14475.0	15407.0	16510.0	17473.0	18965.0	20831.0	22628.0	25571.0	28831.0	24751.0	103261.0	989326.0
Sne-CCab_031-Ex1-2H-lcwgs-1-1.clmp.fp2_repr.R1	794.0	3316.0	4888.0	6544.0	7587.0	8490.0	9052.0	9681.0	10185.0	10838.0	10994.0	11538.0	11902.0	12340.0	12432.0	12820.0	13209.0	13337.0	13855.0	14314.0	15152.0	16697.0	17167.0	38355.0	535716.0
Sne-CCab_031-Ex1-2H-lcwgs-1-1.clmp.fp2_repr.R2	1449.0	4889.0	6403.0	8028.0	9031.0	9961.0	10590.0	11319.0	11888.0	12471.0	12599.0	13187.0	13515.0	13942.0	14225.0	14728.0	15108.0	15593.0	16299.0	17169.0	18262.0	19581.0	17055.0	53344.0	480567.0
Sne-CCab_032-Ex1-3A-lcwgs-1-1.clmp.fp2_repr.R1	1042.0	3888.0	6074.0	8668.0	10907.0	11943.0	13473.0	14953.0	16244.0	17253.0	18606.0	19581.0	20738.0	22339.0	23319.0	24922.0	26504.0	27486.0	29614.0	31929.0	34999.0	41459.0	43511.0	101376.0	1481407.0
Sne-CCab_032-Ex1-3A-lcwgs-1-1.clmp.fp2_repr.R2	2750.0	7987.0	10153.0	12801.0	14961.0	15890.0	17482.0	19515.0	21040.0	21474.0	22946.0	24187.0	25231.0	27035.0	28333.0	30393.0	32125.0	33844.0	36233.0	39364.0	43387.0	48859.0	43417.0	146846.0	1325982.0
Sne-CCab_033-Ex1-3B-lcwgs-1-1.clmp.fp2_repr.R1	999.0	3725.0	5543.0	7581.0	9375.0	10382.0	11527.0	12819.0	13899.0	14984.0	15967.0	16833.0	17775.0	18901.0	20247.0	21450.0	22734.0	23875.0	25369.0	27378.0	29902.0	34636.0	37169.0	87741.0	1300231.0
Sne-CCab_033-Ex1-3B-lcwgs-1-1.clmp.fp2_repr.R2	2443.0	7383.0	9126.0	11111.0	13072.0	13881.0	15128.0	16780.0	18141.0	18901.0	19900.0	20887.0	21892.0	22914.0	24502.0	26058.0	27887.0	29301.0	31273.0	34115.0	37306.0	41579.0	37277.0	127007.0	1163178.0
Sne-CCab_034-Ex1-3C-lcwgs-1-1.clmp.fp2_repr.R1	1042.0	2970.0	3855.0	5231.0	6703.0	7548.0	9304.0	11215.0	13005.0	14847.0	17127.0	19491.0	21593.0	24641.0	27582.0	30301.0	33792.0	36845.0	40879.0	45307.0	51530.0	63648.0	69531.0	169484.0	2593978.0
Sne-CCab_034-Ex1-3C-lcwgs-1-1.clmp.fp2_repr.R2	3797.0	9671.0	10596.0	11949.0	13674.0	14176.0	16012.0	18891.0	21140.0	22408.0	24671.0	27525.0	29586.0	32739.0	35855.0	39528.0	43994.0	47877.0	52919.0	58557.0	66588.0	76959.0	69771.0	248308.0	2324258.0
Sne-CCab_035-Ex1-3D-lcwgs-1-1.clmp.fp2_repr.R1	888.0	2716.0	3699.0	4840.0	5978.0	6406.0	7443.0	8680.0	9648.0	10475.0	11402.0	12539.0	13863.0	15495.0	17138.0	18884.0	20145.0	21831.0	24465.0	27423.0	31431.0	39466.0	42766.0	124664.0	1996232.0
Sne-CCab_035-Ex1-3D-lcwgs-1-1.clmp.fp2_repr.R2	3231.0	8318.0	9373.0	10293.0	11529.0	11787.0	13043.0	14953.0	16357.0	16619.0	17810.0	18769.0	20333.0	22001.0	23855.0	26382.0	28534.0	30877.0	34382.0	38299.0	43773.0	50492.0	43442.0	186503.0	1777562.0
Sne-CCab_036-Ex1-3E-lcwgs-1-1.clmp.fp2_repr.R1	887.0	2741.0	3501.0	4817.0	5863.0	6130.0	6938.0	7741.0	8291.0	9097.0	9960.0	10426.0	11518.0	12436.0	13638.0	14762.0	15997.0	16982.0	18539.0	20790.0	23315.0	29485.0	31417.0	97409.0	1599505.0
Sne-CCab_036-Ex1-3E-lcwgs-1-1.clmp.fp2_repr.R2	2761.0	7554.0	8294.0	9647.0	10538.0	10617.0	11772.0	12938.0	13771.0	14154.0	15068.0	15928.0	16792.0	17952.0	19786.0	21083.0	22809.0	24598.0	26995.0	30282.0	34116.0	39023.0	32382.0	150742.0	1412583.0
Sne-CCab_037-Ex1-3F-lcwgs-1-1.clmp.fp2_repr.R1	1125.0	4037.0	6292.0	8569.0	10279.0	11233.0	12489.0	13786.0	14906.0	15649.0	16460.0	17580.0	18446.0	19184.0	20504.0	21832.0	22789.0	23660.0	25090.0	26702.0	29046.0	33857.0	35631.0	87977.0	1346386.0
Sne-CCab_037-Ex1-3F-lcwgs-1-1.clmp.fp2_repr.R2	2536.0	7841.0	9987.0	12221.0	13872.0	14887.0	16074.0	17963.0	19219.0	19727.0	20466.0	21916.0	22506.0	23595.0	25198.0	26726.0	28209.0	29301.0	31385.0	33677.0	36876.0	40838.0	35928.0	129330.0	1203231.0
Sne-CCab_038-Ex1-3G-lcwgs-1-1.clmp.fp2_repr.R1	958.0	2993.0	4193.0	5322.0	6569.0	6984.0	7877.0	9057.0	10009.0	10895.0	11937.0	13138.0	14451.0	15924.0	17407.0	19036.0	20654.0	22131.0	24589.0	27145.0	31341.0	38621.0	41815.0	118631.0	1928793.0
Sne-CCab_038-Ex1-3G-lcwgs-1-1.clmp.fp2_repr.R2	3046.0	8270.0	9315.0	10406.0	11666.0	11917.0	12967.0	14892.0	16260.0	16525.0	17597.0	19089.0	20435.0	21945.0	23824.0	26148.0	28209.0	30670.0	33809.0	37312.0	42842.0	48851.0	42732.0	178655.0	1723088.0
Sne-CCab_039-Ex1-3H-lcwgs-1-1.clmp.fp2_repr.R1	842.0	2869.0	4191.0	5387.0	6633.0	7130.0	7968.0	9071.0	10030.0	10880.0	11575.0	12471.0	13187.0	14329.0	15544.0	16363.0	17272.0	18358.0	19347.0	20947.0	23710.0	28331.0	29737.0	79588.0	1257885.0
Sne-CCab_039-Ex1-3H-lcwgs-1-1.clmp.fp2_repr.R2	2156.0	6335.0	7551.0	8794.0	10019.0	10483.0	11310.0	12933.0	14202.0	14747.0	15425.0	16433.0	17101.0	18401.0	19867.0	21126.0	22280.0	23963.0	25473.0	27676.0	30986.0	35195.0	30186.0	118829.0	1122174.0
Sne-CCab_040-Ex1-4A-lcwgs-1-1.clmp.fp2_repr.R1	805.0	2848.0	4626.0	6830.0	9574.0	11924.0	14647.0	16971.0	19569.0	21524.0	23267.0	24745.0	26309.0	27287.0	28521.0	30334.0	31131.0	31984.0	33350.0	34876.0	37380.0	42386.0	44364.0	95408.0	1321398.0
Sne-CCab_040-Ex1-4A-lcwgs-1-1.clmp.fp2_repr.R2	2214.0	6440.0	8161.0	10466.0	13305.0	15396.0	18089.0	20885.0	23962.0	25323.0	27144.0	28934.0	30197.0	31300.0	32773.0	34978.0	36055.0	37257.0	39059.0	41315.0	44690.0	48808.0	44214.0	133625.0	1187468.0
Sne-CCab_041-Ex1-4B-lcwgs-1-1.clmp.fp2_repr.R1	485.0	1889.0	2935.0	4243.0	5329.0	6243.0	7436.0	8436.0	9771.0	10716.0	11689.0	12544.0	13178.0	14452.0	15480.0	16243.0	16992.0	17780.0	18343.0	19781.0	21081.0	24057.0	24648.0	57516.0	818972.0
Sne-CCab_041-Ex1-4B-lcwgs-1-1.clmp.fp2_repr.R2	1400.0	4120.0	5142.0	6475.0	7583.0	8455.0	9589.0	11055.0	12502.0	13218.0	14201.0	14948.0	15812.0	16959.0	18126.0	19184.0	20213.0	21292.0	21925.0	24082.0	25665.0	28203.0	24684.0	81313.0	734093.0
Sne-CCab_042-Ex1-4C-lcwgs-1-1.clmp.fp2_repr.R1	466.0	1574.0	2313.0	3286.0	4114.0	4822.0	5467.0	6439.0	7182.0	7790.0	8549.0	9344.0	10194.0	10956.0	11828.0	12791.0	13440.0	14355.0	15490.0	16673.0	18287.0	21433.0	22893.0	55201.0	822284.0
Sne-CCab_042-Ex1-4C-lcwgs-1-1.clmp.fp2_repr.R2	1381.0	3666.0	4419.0	5439.0	6374.0	6859.0	7646.0	8967.0	9889.0	10076.0	11012.0	11889.0	12837.0	13590.0	14620.0	15628.0	16545.0	17725.0	19192.0	20833.0	23028.0	25782.0	22914.0	79992.0	736868.0
Sne-CCab_043-Ex1-4D-lcwgs-1-1.clmp.fp2_repr.R1	631.0	1937.0	2438.0	3177.0	4066.0	4468.0	5184.0	5941.0	6745.0	7266.0	8309.0	8914.0	9964.0	10948.0	11909.0	12952.0	14038.0	15187.0	16822.0	18265.0	20749.0	25609.0	27573.0	85609.0	1379672.0
Sne-CCab_043-Ex1-4D-lcwgs-1-1.clmp.fp2_repr.R2	2286.0	5937.0	6470.0	7053.0	7838.0	8223.0	9222.0	10365.0	11442.0	11641.0	12859.0	13544.0	14518.0	15540.0	17021.0	18298.0	20076.0	21529.0	23903.0	26226.0	29566.0	33716.0	28349.0	127849.0	1224902.0
Sne-CCab_044-Ex1-4E-lcwgs-1-1.clmp.fp2_repr.R1	671.0	2419.0	3831.0	5089.0	6083.0	6728.0	7603.0	8392.0	9066.0	9509.0	10089.0	10756.0	10744.0	11547.0	12137.0	12701.0	13028.0	13463.0	14089.0	14809.0	15856.0	18636.0	18928.0	49146.0	728411.0
Sne-CCab_044-Ex1-4E-lcwgs-1-1.clmp.fp2_repr.R2	1604.0	4603.0	6028.0	7249.0	8296.0	8850.0	9729.0	10808.0	11665.0	11743.0	12392.0	13108.0	13170.0	13938.0	14575.0	15530.0	16143.0	16748.0	17670.0	18930.0	20417.0	22580.0	19202.0	72448.0	646305.0
Sne-CCab_045-Ex1-4F-lcwgs-1-1.clmp.fp2_repr.R1	635.0	2281.0	3380.0	4649.0	5698.0	6305.0	7227.0	8163.0	9039.0	9648.0	10445.0	11121.0	11808.0	12728.0	13604.0	14437.0	15195.0	15686.0	16962.0	18242.0	20142.0	24263.0	25726.0	67673.0	1065940.0
Sne-CCab_045-Ex1-4F-lcwgs-1-1.clmp.fp2_repr.R2	1823.0	5162.0	6334.0	7550.0	8554.0	9236.0	10223.0	11504.0	12660.0	12868.0	13767.0	14415.0	15304.0	16073.0	17361.0	18441.0	19587.0	20285.0	22046.0	24156.0	26587.0	30002.0	26072.0	100090.0	950897.0
Sne-CCab_046-Ex1-4G-lcwgs-1-1.clmp.fp2_repr.R1	420.0	1688.0	2778.0	4045.0	5505.0	6493.0	7709.0	9154.0	9879.0	10805.0	11474.0	11869.0	12398.0	12543.0	12735.0	13107.0	12930.0	12902.0	12969.0	13010.0	13399.0	14341.0	14566.0	27743.0	349572.0
Sne-CCab_046-Ex1-4G-lcwgs-1-1.clmp.fp2_repr.R2	795.0	2707.0	3844.0	5076.0	6482.0	7492.0	8628.0	10198.0	11002.0	11803.0	12565.0	12979.0	13439.0	13497.0	13892.0	14315.0	14317.0	14242.0	14432.0	14719.0	15147.0	15975.0	14387.0	37695.0	314406.0
Sne-CCab_047-Ex1-4H-lcwgs-1-1.clmp.fp2_repr.R1	338.0	1132.0	1485.0	1997.0	2618.0	3067.0	3616.0	4244.0	4801.0	5670.0	6274.0	6924.0	7457.0	8048.0	8654.0	9429.0	9912.0	10477.0	11012.0	11660.0	12898.0	15141.0	16042.0	42928.0	663250.0
Sne-CCab_047-Ex1-4H-lcwgs-1-1.clmp.fp2_repr.R2	1134.0	3001.0	3314.0	3791.0	4490.0	4839.0	5427.0	6309.0	7025.0	7677.0	8277.0	9145.0	9665.0	10240.0	11016.0	11917.0	12658.0	13324.0	14268.0	15177.0	16885.0	18851.0	16421.0	62508.0	591715.0
Sne-CCab_048-Ex1-5A-lcwgs-1-1.clmp.fp2_repr.R1	686.0	2150.0	3053.0	4423.0	6047.0	7322.0	9194.0	11246.0	13201.0	14868.0	16600.0	18686.0	20517.0	22075.0	23810.0	25295.0	26653.0	28144.0	30004.0	31680.0	34533.0	40502.0	42323.0	99406.0	1439783.0
Sne-CCab_048-Ex1-5A-lcwgs-1-1.clmp.fp2_repr.R2	2307.0	6077.0	7041.0	8246.0	9956.0	11136.0	13099.0	15550.0	17881.0	19077.0	20994.0	23114.0	24888.0	26538.0	28416.0	30525.0	32138.0	34021.0	36667.0	38957.0	42630.0	47874.0	42392.0	141841.0	1290836.0
Sne-CCab_049-Ex1-5B-lcwgs-1-1.clmp.fp2_repr.R1	563.0	1958.0	3028.0	4501.0	5980.0	6999.0	8232.0	9483.0	10584.0	11578.0	12832.0	13520.0	14340.0	15098.0	15843.0	16550.0	17172.0	17460.0	18172.0	18680.0	19478.0	21770.0	22503.0	47127.0	632683.0
Sne-CCab_049-Ex1-5B-lcwgs-1-1.clmp.fp2_repr.R2	1287.0	3688.0	4868.0	6281.0	7659.0	8751.0	10038.0	11601.0	12825.0	13624.0	14784.0	15497.0	16384.0	16977.0	17840.0	18865.0	19543.0	20040.0	20941.0	21804.0	23171.0	24743.0	22354.0	65419.0	567150.0
Sne-CCab_050-Ex1-5C-lcwgs-1-1.clmp.fp2_repr.R1	631.0	2110.0	2888.0	3655.0	4981.0	5599.0	6570.0	7648.0	8538.0	9494.0	10622.0	11589.0	12751.0	13659.0	15210.0	16516.0	17220.0	18495.0	20228.0	21946.0	24691.0	29841.0	31676.0	87547.0	1386305.0
Sne-CCab_050-Ex1-5C-lcwgs-1-1.clmp.fp2_repr.R2	2139.0	5785.0	6818.0	7489.0	8716.0	9325.0	10358.0	11797.0	13037.0	13735.0	14650.0	16077.0	17261.0	18134.0	19958.0	21767.0	22873.0	24610.0	27008.0	29296.0	33112.0	37653.0	32217.0	131178.0	1235417.0
Sne-CCab_051-Ex1-5D-lcwgs-1-1.clmp.fp2_repr.R1	533.0	2046.0	3107.0	4420.0	5748.0	6741.0	7738.0	8690.0	9443.0	10237.0	11026.0	11783.0	12594.0	13129.0	13664.0	14164.0	14713.0	15078.0	15491.0	15971.0	17134.0	19240.0	19408.0	44727.0	611413.0
Sne-CCab_051-Ex1-5D-lcwgs-1-1.clmp.fp2_repr.R2	1254.0	3776.0	4810.0	6085.0	7520.0	8455.0	9494.0	10756.0	11561.0	12180.0	12970.0	13717.0	14555.0	15050.0	15642.0	16417.0	17088.0	17612.0	18344.0	19181.0	20857.0	22216.0	19440.0	62398.0	546860.0
Sne-CCab_052-Ex1-5E-lcwgs-1-1.clmp.fp2_repr.R1	539.0	1944.0	2749.0	3874.0	4623.0	5252.0	5800.0	6575.0	7198.0	7634.0	8369.0	9073.0	9359.0	10006.0	10645.0	11383.0	11994.0	12472.0	13317.0	13951.0	15421.0	17978.0	18904.0	49742.0	740697.0
Sne-CCab_052-Ex1-5E-lcwgs-1-1.clmp.fp2_repr.R2	1456.0	4021.0	4845.0	5883.0	6655.0	7340.0	7982.0	9007.0	9705.0	9929.0	10624.0	11407.0	11838.0	12401.0	13191.0	14085.0	14992.0	15884.0	16865.0	18161.0	19851.0	22150.0	19192.0	72069.0	659966.0
Sne-CCab_053-Ex1-5F-lcwgs-1-1.clmp.fp2_repr.R1	620.0	2319.0	3450.0	4809.0	6232.0	7178.0	8377.0	9457.0	10392.0	11275.0	11755.0	12387.0	12800.0	13417.0	13869.0	14296.0	14968.0	14746.0	15620.0	16236.0	17237.0	19543.0	20446.0	47794.0	695080.0
Sne-CCab_053-Ex1-5F-lcwgs-1-1.clmp.fp2_repr.R2	1387.0	4222.0	5427.0	6625.0	8186.0	9088.0	10293.0	11668.0	12711.0	13312.0	13979.0	14559.0	15004.0	15505.0	16139.0	16872.0	17692.0	17662.0	18628.0	19730.0	21346.0	23011.0	20646.0	68342.0	622269.0
Sne-CCab_054-Ex1-5G-lcwgs-1-1.clmp.fp2_repr.R1	687.0	2384.0	3621.0	4982.0	6331.0	7120.0	8439.0	9314.0	10194.0	11067.0	11760.0	12535.0	13097.0	13606.0	14329.0	14830.0	15443.0	15992.0	16739.0	17574.0	19081.0	21705.0	22833.0	56875.0	847377.0
Sne-CCab_054-Ex1-5G-lcwgs-1-1.clmp.fp2_repr.R2	1632.0	4721.0	5914.0	7296.0	8688.0	9319.0	10793.0	11998.0	13034.0	13545.0	14312.0	15302.0	15718.0	16154.0	17227.0	17919.0	18824.0	19808.0	20664.0	22062.0	23897.0	26579.0	23121.0	82276.0	757112.0
Sne-CCab_055-Ex1-5H-lcwgs-1-1.clmp.fp2_repr.R1	584.0	2310.0	3533.0	4887.0	5792.0	6501.0	7156.0	7727.0	8211.0	8662.0	8916.0	9256.0	9391.0	9701.0	10293.0	10454.0	10435.0	10601.0	10782.0	11461.0	11880.0	13133.0	13433.0	29678.0	413039.0
Sne-CCab_055-Ex1-5H-lcwgs-1-1.clmp.fp2_repr.R2	1100.0	3496.0	4719.0	6004.0	7009.0	7628.0	8342.0	8932.0	9631.0	9915.0	10137.0	10543.0	10816.0	10992.0	11674.0	11999.0	12046.0	12399.0	12619.0	13562.0	14271.0	15203.0	13463.0	41866.0	369450.0
Sne-CCab_056-Ex1-6A-lcwgs-1-1.clmp.fp2_repr.R1	959.0	3848.0	6408.0	9537.0	12143.0	14047.0	15578.0	17308.0	18757.0	19820.0	21382.0	21844.0	23271.0	23848.0	24757.0	26105.0	26896.0	27723.0	28983.0	30172.0	32362.0	36758.0	38203.0	83973.0	1167374.0
Sne-CCab_056-Ex1-6A-lcwgs-1-1.clmp.fp2_repr.R2	2217.0	6946.0	9673.0	12716.0	15273.0	17180.0	18720.0	20897.0	22626.0	23339.0	24950.0	25507.0	26821.0	27252.0	28614.0	30134.0	31209.0	32593.0	34346.0	35913.0	38590.0	42346.0	38165.0	120337.0	1045692.0
Sne-CCab_057-Ex1-6B-lcwgs-1-1.clmp.fp2_repr.R1	880.0	3430.0	5123.0	7054.0	8668.0	9781.0	10587.0	11898.0	13181.0	13465.0	14780.0	15289.0	16266.0	16891.0	17857.0	18637.0	19455.0	20217.0	21257.0	22676.0	24184.0	28447.0	29790.0	72952.0	1073875.0
Sne-CCab_057-Ex1-6B-lcwgs-1-1.clmp.fp2_repr.R2	2095.0	6357.0	8101.0	9901.0	11614.0	12719.0	13530.0	15286.0	16622.0	16770.0	17948.0	18720.0	19438.0	20200.0	21405.0	22462.0	23490.0	25008.0	26264.0	28281.0	30481.0	33986.0	29964.0	106605.0	959393.0
Sne-CCab_058-Ex1-6C-lcwgs-1-1.clmp.fp2_repr.R1	874.0	3202.0	4863.0	6455.0	8300.0	9313.0	10738.0	12197.0	13598.0	14771.0	15998.0	16660.0	17892.0	19070.0	20527.0	21897.0	22786.0	23886.0	25507.0	27716.0	30209.0	35604.0	37874.0	94822.0	1461062.0
Sne-CCab_058-Ex1-6C-lcwgs-1-1.clmp.fp2_repr.R2	2538.0	7027.0	8810.0	10349.0	12189.0	13122.0	14684.0	16753.0	18356.0	19078.0	20391.0	21274.0	22557.0	23521.0	25333.0	27412.0	28761.0	30354.0	32398.0	35413.0	38899.0	43321.0	38196.0	142390.0	1302695.0
Sne-CCab_059-Ex1-6D-lcwgs-1-1.clmp.fp2_repr.R1	509.0	1597.0	2183.0	2898.0	3708.0	4113.0	4833.0	5951.0	6315.0	7058.0	7830.0	8542.0	9281.0	10200.0	11043.0	11853.0	12811.0	13339.0	14199.0	15206.0	16672.0	20095.0	21135.0	58909.0	901263.0
Sne-CCab_059-Ex1-6D-lcwgs-1-1.clmp.fp2_repr.R2	1589.0	4191.0	4629.0	5431.0	6305.0	6642.0	7435.0	8922.0	9383.0	9867.0	10662.0	11430.0	12157.0	13080.0	14106.0	15402.0	16627.0	17401.0	18770.0	20150.0	22390.0	25371.0	21526.0	87941.0	800136.0
Sne-CCab_060-Ex1-6E-lcwgs-1-1.clmp.fp2_repr.R1	575.0	1580.0	2030.0	2552.0	3281.0	3519.0	4284.0	4857.0	5610.0	6210.0	6944.0	7816.0	8737.0	9722.0	10703.0	11642.0	12583.0	13533.0	14967.0	16973.0	19066.0	23951.0	25575.0	80049.0	1309660.0
Sne-CCab_060-Ex1-6E-lcwgs-1-1.clmp.fp2_repr.R2	2044.0	5487.0	5780.0	6175.0	7041.0	7180.0	7985.0	9173.0	10225.0	10442.0	11034.0	12311.0	13138.0	14124.0	15373.0	16763.0	18414.0	19979.0	22016.0	24400.0	27705.0	32057.0	26386.0	123719.0	1157468.0
Sne-CCab_061-Ex1-6F-lcwgs-1-1.clmp.fp2_repr.R1	630.0	2074.0	2872.0	3902.0	4948.0	5475.0	6164.0	7120.0	7920.0	8503.0	9153.0	9969.0	10605.0	11568.0	12572.0	13392.0	14265.0	15096.0	16155.0	17574.0	20070.0	24305.0	25815.0	71293.0	1130618.0
Sne-CCab_061-Ex1-6F-lcwgs-1-1.clmp.fp2_repr.R2	1832.0	5118.0	5905.0	6998.0	7962.0	8615.0	9402.0	10645.0	11763.0	11908.0	12477.0	13517.0	14098.0	15311.0	16550.0	17542.0	18926.0	20120.0	21538.0	23889.0	26859.0	30713.0	26056.0	107919.0	1006395.0
Sne-CCab_062-Ex1-6G-lcwgs-1-1.clmp.fp2_repr.R1	518.0	1976.0	2900.0	3974.0	4873.0	5579.0	6097.0	6897.0	7207.0	7658.0	8053.0	8072.0	8469.0	8819.0	9010.0	9517.0	9780.0	9796.0	10328.0	10689.0	11449.0	13033.0	13460.0	30749.0	432341.0
Sne-CCab_062-Ex1-6G-lcwgs-1-1.clmp.fp2_repr.R2	986.0	3101.0	4063.0	5107.0	6036.0	6696.0	7213.0	8214.0	8543.0	8913.0	9328.0	9326.0	9792.0	10115.0	10414.0	10900.0	11318.0	11582.0	12318.0	12885.0	13808.0	15194.0	13471.0	43817.0	388104.0
Sne-CCab_063-Ex1-6H-lcwgs-1-1.clmp.fp2_repr.R1	704.0	2636.0	3992.0	5663.0	7016.0	8199.0	9257.0	10606.0	11757.0	12527.0	13413.0	13967.0	14654.0	15025.0	15743.0	16495.0	16903.0	17306.0	18011.0	18951.0	20083.0	22763.0	23020.0	53954.0	768379.0
Sne-CCab_063-Ex1-6H-lcwgs-1-1.clmp.fp2_repr.R2	1577.0	4740.0	6078.0	7854.0	9106.0	10148.0	11301.0	12998.0	14327.0	14850.0	15739.0	16280.0	17011.0	17568.0	18357.0	19116.0	19969.0	20690.0	21640.0	22765.0	24445.0	26729.0	23009.0	77596.0	687131.0
Sne-CCab_064-Ex1-7A-lcwgs-1-1.clmp.fp2_repr.R1	896.0	3415.0	5618.0	8102.0	10547.0	12289.0	14113.0	16097.0	17867.0	19021.0	20663.0	21622.0	22764.0	24168.0	25258.0	26622.0	27663.0	28824.0	30535.0	32183.0	35286.0	41194.0	42929.0	100619.0	1469160.0
Sne-CCab_064-Ex1-7A-lcwgs-1-1.clmp.fp2_repr.R2	2507.0	7505.0	9526.0	12082.0	14467.0	16159.0	18069.0	20674.0	22703.0	23414.0	24922.0	26019.0	27240.0	28544.0	30119.0	31695.0	33384.0	35046.0	36972.0	39588.0	43485.0	48386.0	42802.0	143044.0	1319103.0
Sne-CCab_065-Ex1-7B-lcwgs-1-1.clmp.fp2_repr.R1	773.0	3100.0	5246.0	7465.0	9636.0	10648.0	11869.0	12969.0	13618.0	14472.0	15083.0	15287.0	15809.0	16324.0	16959.0	17158.0	17509.0	17671.0	18445.0	18765.0	19507.0	21307.0	21706.0	44314.0	594900.0
Sne-CCab_065-Ex1-7B-lcwgs-1-1.clmp.fp2_repr.R2	1482.0	4860.0	7079.0	9226.0	11321.0	12170.0	13432.0	14792.0	15747.0	16349.0	16957.0	17082.0	17611.0	18062.0	18966.0	19277.0	19751.0	20234.0	21074.0	21602.0	22886.0	24136.0	21664.0	61656.0	533124.0
Sne-CCab_066-Ex1-7C-lcwgs-1-1.clmp.fp2_repr.R1	855.0	2794.0	3807.0	5162.0	6229.0	6788.0	7501.0	8610.0	9304.0	9974.0	10724.0	11706.0	12571.0	13928.0	14729.0	15830.0	17012.0	18149.0	19998.0	21825.0	24594.0	30017.0	32246.0	93162.0	1510148.0
Sne-CCab_066-Ex1-7C-lcwgs-1-1.clmp.fp2_repr.R2	2489.0	6972.0	8057.0	9385.0	10462.0	10833.0	11821.0	13355.0	14411.0	14624.0	15449.0	16556.0	17341.0	18861.0	19862.0	21677.0	23336.0	25154.0	27515.0	30319.0	34280.0	38953.0	33174.0	140966.0	1341811.0
Sne-CCab_067-Ex1-7D-lcwgs-1-1.clmp.fp2_repr.R1	1208.0	4197.0	5736.0	7444.0	8856.0	9601.0	10558.0	11850.0	12749.0	13704.0	15005.0	15870.0	17098.0	18605.0	19546.0	21118.0	22825.0	24020.0	26049.0	28556.0	31677.0	38717.0	41695.0	124820.0	1995459.0
Sne-CCab_067-Ex1-7D-lcwgs-1-1.clmp.fp2_repr.R2	3392.0	9849.0	11261.0	12983.0	14421.0	15077.0	16137.0	18165.0	19481.0	19817.0	21197.0	22581.0	23773.0	25482.0	26758.0	28628.0	30991.0	33160.0	35801.0	39697.0	43911.0	50051.0	42614.0	183737.0	1777999.0
Sne-CCab_068-Ex1-7E-lcwgs-1-1.clmp.fp2_repr.R1	654.0	2293.0	3152.0	4242.0	5026.0	5535.0	6270.0	7126.0	7794.0	8164.0	9007.0	9617.0	10364.0	11245.0	11908.0	13037.0	13980.0	15034.0	16186.0	18067.0	20111.0	24858.0	26346.0	77441.0	1241660.0
Sne-CCab_068-Ex1-7E-lcwgs-1-1.clmp.fp2_repr.R2	2094.0	5763.0	6675.0	7762.0	8457.0	8995.0	9921.0	11328.0	12027.0	12045.0	12958.0	13705.0	14603.0	15403.0	16445.0	18081.0	19151.0	20658.0	22502.0	24991.0	27865.0	32105.0	26913.0	115707.0	1102963.0
Sne-CCab_069-Ex1-7F-lcwgs-1-1.clmp.fp2_repr.R1	982.0	3339.0	4817.0	6224.0	7417.0	7955.0	8781.0	9732.0	10366.0	11460.0	12235.0	12947.0	13842.0	14545.0	15662.0	16947.0	17640.0	18897.0	20401.0	22074.0	24346.0	29745.0	31246.0	84851.0	1360346.0
Sne-CCab_069-Ex1-7F-lcwgs-1-1.clmp.fp2_repr.R2	2509.0	7074.0	8509.0	9949.0	11200.0	11475.0	12625.0	14036.0	15006.0	15482.0	16481.0	17317.0	18165.0	19051.0	20340.0	21933.0	23185.0	24705.0	26943.0	29156.0	32389.0	37147.0	31726.0	125826.0	1214568.0
Sne-CCab_070-Ex1-7G-lcwgs-1-1.clmp.fp2_repr.R1	537.0	1706.0	2187.0	2868.0	3681.0	4157.0	4929.0	5611.0	6253.0	6949.0	7720.0	8332.0	9105.0	10118.0	10517.0	11596.0	12391.0	13102.0	14344.0	15651.0	17783.0	21811.0	23122.0	65868.0	1069011.0
Sne-CCab_070-Ex1-7G-lcwgs-1-1.clmp.fp2_repr.R2	1658.0	4698.0	4954.0	5784.0	6587.0	6966.0	7776.0	8993.0	9920.0	10308.0	11029.0	11820.0	12514.0	13482.0	14164.0	15579.0	16771.0	17863.0	19651.0	21568.0	24317.0	27635.0	23729.0	97473.0	954110.0
Sne-CCab_071-Ex1-7H-lcwgs-1-1.clmp.fp2_repr.R1	400.0	1494.0	2211.0	3201.0	4359.0	4970.0	6000.0	6973.0	7832.0	8808.0	9660.0	10446.0	11078.0	11915.0	12204.0	12749.0	13367.0	13481.0	13907.0	14268.0	14917.0	16438.0	16651.0	33634.0	445818.0
Sne-CCab_071-Ex1-7H-lcwgs-1-1.clmp.fp2_repr.R2	882.0	2721.0	3459.0	4387.0	5573.0	6206.0	7261.0	8422.0	9300.0	10225.0	11014.0	11901.0	12414.0	13238.0	13541.0	14273.0	15051.0	15231.0	15868.0	16354.0	17248.0	18607.0	16656.0	46292.0	400657.0
Sne-CCab_072-Ex1-8A-lcwgs-1-1.clmp.fp2_repr.R1	629.0	2756.0	4315.0	6316.0	8072.0	9687.0	10842.0	12474.0	13349.0	14557.0	15343.0	15991.0	16662.0	17464.0	17878.0	18626.0	18653.0	18710.0	18562.0	18987.0	19473.0	21181.0	21408.0	41546.0	527926.0
Sne-CCab_072-Ex1-8A-lcwgs-1-1.clmp.fp2_repr.R2	1203.0	4245.0	5819.0	7791.0	9568.0	11089.0	12361.0	14205.0	15247.0	16157.0	16983.0	17746.0	18217.0	18967.0	19565.0	20237.0	20502.0	20681.0	20767.0	21437.0	22310.0	23618.0	21146.0	56762.0	474784.0
Sne-CCab_073-Ex1-8B-lcwgs-1-1.clmp.fp2_repr.R1	693.0	2954.0	4722.0	6468.0	7882.0	9186.0	9637.0	10672.0	11252.0	11587.0	12064.0	12523.0	12894.0	13002.0	13554.0	13562.0	13718.0	14001.0	13833.0	14383.0	14821.0	15926.0	15891.0	32109.0	423592.0
Sne-CCab_073-Ex1-8B-lcwgs-1-1.clmp.fp2_repr.R2	1218.0	4251.0	5947.0	7739.0	9100.0	10310.0	10808.0	11935.0	12666.0	12971.0	13376.0	13913.0	14200.0	14391.0	14877.0	15101.0	15373.0	15693.0	15726.0	16502.0	17092.0	18010.0	15846.0	44732.0	379149.0
Sne-CCab_074-Ex1-8C-lcwgs-1-1.clmp.fp2_repr.R1	10.0	31.0	67.0	66.0	91.0	75.0	100.0	121.0	122.0	133.0	113.0	137.0	163.0	139.0	167.0	170.0	174.0	214.0	208.0	168.0	220.0	240.0	247.0	708.0	8051.0
Sne-CCab_074-Ex1-8C-lcwgs-1-1.clmp.fp2_repr.R2	16.0	67.0	91.0	86.0	111.0	88.0	109.0	156.0	145.0	175.0	145.0	177.0	173.0	177.0	181.0	190.0	200.0	238.0	233.0	219.0	263.0	255.0	254.0	988.0	7198.0
Sne-CCab_075-Ex1-8D-lcwgs-1-1.clmp.fp2_repr.R1	741.0	2861.0	4391.0	6111.0	7094.0	8005.0	8702.0	9403.0	9993.0	10409.0	10690.0	11298.0	11647.0	12166.0	12378.0	13034.0	13388.0	13648.0	14042.0	14776.0	15568.0	17943.0	18566.0	47670.0	708142.0
Sne-CCab_075-Ex1-8D-lcwgs-1-1.clmp.fp2_repr.R2	1548.0	4811.0	6485.0	8116.0	9159.0	9996.0	10729.0	11693.0	12331.0	12620.0	12877.0	13443.0	13925.0	14450.0	14961.0	15694.0	16407.0	16904.0	17499.0	18578.0	19880.0	21801.0	18844.0	69353.0	630562.0
Sne-CCab_076-Ex1-8E-lcwgs-1-1.clmp.fp2_repr.R1	554.0	1755.0	2133.0	2789.0	3452.0	3812.0	4342.0	5181.0	5829.0	6337.0	7077.0	7848.0	8755.0	9499.0	10242.0	11321.0	12072.0	12675.0	13940.0	15379.0	17265.0	21594.0	23009.0	72635.0	1207268.0
Sne-CCab_076-Ex1-8E-lcwgs-1-1.clmp.fp2_repr.R2	2059.0	5295.0	5582.0	6186.0	7060.0	7442.0	8073.0	9159.0	10206.0	10337.0	10972.0	12037.0	12765.0	13634.0	14774.0	16088.0	17400.0	18632.0	20368.0	22312.0	25276.0	28761.0	23539.0	111792.0	1067014.0
Sne-CCab_077-Ex1-8F-lcwgs-1-1.clmp.fp2_repr.R1	615.0	1847.0	2404.0	3294.0	4008.0	4408.0	5079.0	5879.0	6548.0	7080.0	7878.0	8652.0	9499.0	10458.0	11718.0	12534.0	13547.0	14672.0	16073.0	17929.0	20280.0	25618.0	27730.0	79026.0	1308803.0
Sne-CCab_077-Ex1-8F-lcwgs-1-1.clmp.fp2_repr.R2	2058.0	5357.0	6041.0	6895.0	7544.0	8006.0	8763.0	10014.0	11175.0	11085.0	11979.0	12944.0	13591.0	14689.0	16134.0	17370.0	19108.0	20407.0	22389.0	24992.0	28282.0	33102.0	28286.0	118473.0	1166895.0
Sne-CCab_078-Ex1-8G-lcwgs-1-1.clmp.fp2_repr.R1	751.0	2406.0	3443.0	4324.0	5154.0	5528.0	6161.0	6900.0	7407.0	8099.0	8769.0	9325.0	10394.0	11135.0	11717.0	12754.0	13643.0	14492.0	15955.0	17312.0	19411.0	24086.0	25704.0	75315.0	1237787.0
Sne-CCab_078-Ex1-8G-lcwgs-1-1.clmp.fp2_repr.R2	2095.0	5732.0	6921.0	7667.0	8618.0	8893.0	9585.0	10988.0	11466.0	11896.0	12591.0	13204.0	14379.0	14953.0	16159.0	17488.0	18694.0	20128.0	22046.0	24190.0	27121.0	31164.0	26407.0	113788.0	1101799.0
Sne-CCab_079-Ex1-8H-lcwgs-1-1.clmp.fp2_repr.R1	720.0	2772.0	3745.0	4960.0	5889.0	6325.0	6991.0	7575.0	8242.0	8650.0	9631.0	9944.0	10563.0	11207.0	11912.0	12459.0	13204.0	13852.0	14640.0	15863.0	17366.0	20836.0	21706.0	59605.0	942522.0
Sne-CCab_079-Ex1-8H-lcwgs-1-1.clmp.fp2_repr.R2	1793.0	5418.0	6416.0	7549.0	8433.0	8916.0	9518.0	10515.0	11179.0	11479.0	12524.0	12946.0	13460.0	14362.0	15124.0	16186.0	17022.0	17831.0	19151.0	21006.0	23172.0	25944.0	22081.0	88337.0	840817.0
